Time,L1,L2,L3,L4,L5,L6,L7,L8,R1,R2,R3,R4,R5,R6,R7,R8,Total_Force_Left,Total_Force_Right
0.0,106.7,51.81,56.54,46.09,57.2,3.85,7.15,8.25,79.31,79.42,41.47,36.63,34.76,2.31,8.25,7.26,337.59,289.41
0.01,106.7,51.81,56.54,46.09,57.2,3.85,7.15,8.25,79.31,79.42,41.47,36.63,34.76,2.31,8.25,7.26,337.59,289.41
0.02,106.7,51.81,56.54,46.09,57.2,2.53,8.69,8.25,79.31,80.96,41.47,38.17,33.11,3.52,5.5,5.83,337.81,287.87
0.03,105.05,51.81,56.54,46.09,57.2,3.85,8.69,6.82,80.74,80.96,41.47,38.17,34.76,2.31,6.82,7.26,336.05,292.49
0.04,106.7,53.46,56.54,47.3,55.77,3.85,8.69,8.25,80.74,82.5,41.47,36.63,33.11,2.31,6.82,7.26,340.56,290.84
0.05,106.7,51.81,55.22,46.09,57.2,2.53,7.15,8.25,82.06,84.04,42.9,34.98,29.81,3.52,4.07,7.26,334.95,288.64
0.06,105.05,51.81,55.22,44.88,58.63,3.85,7.15,8.25,84.7,85.58,42.9,33.44,29.81,3.52,4.07,5.83,334.84,289.85
0.07,105.05,50.16,55.22,46.09,58.63,3.85,8.69,8.25,86.02,85.58,44.33,28.6,29.81,2.31,6.82,5.83,335.94,289.3
0.08,101.53,48.62,55.22,47.3,60.17,3.85,8.69,6.82,87.34,87.12,45.76,30.25,26.4,2.31,6.82,5.83,332.2,291.83
0.09,101.53,48.62,53.79,46.09,61.6,3.85,8.69,8.25,88.77,88.66,45.76,30.25,28.05,3.52,5.5,2.86,332.42,293.37
0.1,99.88,48.62,51.04,47.3,61.6,3.85,8.69,6.82,90.09,90.2,47.19,30.25,26.4,3.52,4.07,5.83,327.8,297.55
0.11,98.12,46.97,52.47,47.3,61.6,2.53,10.12,8.25,91.41,93.28,48.62,27.06,28.05,0.0,6.82,7.26,327.36,302.5
0.12,94.71,45.32,49.72,48.4,64.57,3.85,10.12,6.82,92.73,94.82,50.05,28.6,26.4,0.0,4.07,5.83,323.51,302.5
0.13,91.19,43.67,48.29,47.3,66.0,2.53,10.12,8.25,94.05,97.9,50.05,28.6,28.05,2.31,6.82,4.4,317.35,312.18
0.14,87.78,40.48,45.54,49.61,68.97,3.85,10.12,8.25,95.48,97.9,50.05,28.6,28.05,0.0,5.5,5.83,314.6,311.41
0.15,82.61,37.18,42.79,50.82,70.4,2.53,11.55,8.25,96.8,100.98,51.48,28.6,26.4,3.52,4.07,5.83,306.13,317.68
0.16,77.44,33.99,38.61,53.13,73.37,3.85,12.98,9.57,99.44,102.52,52.91,30.25,24.75,0.0,5.5,2.86,302.94,318.23
0.17,72.27,30.69,34.43,53.13,74.8,5.17,14.41,8.25,100.76,104.06,54.34,28.6,26.4,3.52,4.07,5.83,293.15,327.58
0.18,65.34,27.5,33.11,55.55,76.34,5.17,15.84,8.25,102.08,107.14,54.34,30.25,28.05,2.31,6.82,5.83,287.1,336.82
0.19,58.52,21.01,28.93,57.97,77.77,3.85,20.24,8.25,104.83,113.41,58.74,30.25,24.75,2.31,5.5,4.4,276.54,344.19
0.2,51.59,16.17,22.0,59.4,82.17,5.17,21.67,9.57,108.79,118.36,60.28,28.6,28.05,0.0,6.82,5.83,267.74,356.73
0.21,44.77,11.33,19.25,60.83,85.14,5.17,26.07,9.57,110.22,120.01,63.36,30.25,28.05,2.31,5.5,2.86,262.13,362.56
0.22,37.84,8.03,13.75,62.26,85.14,6.49,27.5,9.57,114.4,126.61,66.44,30.25,29.81,0.0,6.82,7.26,250.58,381.59
0.23,29.26,4.84,13.75,63.69,86.57,5.17,34.76,9.57,117.26,133.21,72.71,28.6,31.46,2.31,5.5,5.83,247.61,396.88
0.24,22.33,6.38,12.43,62.26,83.71,5.17,39.05,9.57,121.44,138.16,75.79,30.25,31.46,2.31,6.82,7.26,240.9,413.49
0.25,17.16,4.84,11.0,54.34,77.77,9.13,43.45,9.57,124.3,141.35,80.41,33.44,31.46,3.52,5.5,8.8,227.26,428.78
0.26,13.75,4.84,8.25,47.3,68.97,11.77,49.17,8.25,128.59,149.6,85.03,34.98,31.46,3.52,6.82,7.26,212.3,447.26
0.27,6.82,3.19,5.5,33.11,55.77,15.73,55.0,9.57,132.77,156.2,88.22,36.63,34.76,2.31,6.82,4.4,184.69,462.11
0.28,3.41,3.19,2.75,21.23,44.55,20.9,56.43,8.25,137.06,161.15,94.38,34.98,36.41,3.52,6.82,5.83,160.71,480.15
0.29,3.41,0.0,4.07,12.98,30.58,24.86,60.83,8.25,141.24,166.1,95.92,36.63,38.06,3.52,8.25,4.4,144.98,494.12
0.3,0.0,0.0,2.75,4.73,16.72,24.86,60.83,5.5,144.1,172.81,100.65,39.82,39.71,3.52,6.82,7.26,115.39,514.69
0.31,0.0,0.0,0.0,3.52,11.11,15.73,52.14,5.5,148.39,176.11,103.73,39.82,38.06,4.73,5.5,7.26,88.0,523.6
0.32,0.0,0.0,2.75,3.52,9.68,2.53,41.91,6.82,151.14,179.52,105.27,43.01,36.41,2.31,6.82,8.8,67.21,533.28
0.33,0.0,0.0,2.75,3.52,8.36,0.0,24.53,6.82,154.0,182.93,106.81,43.01,36.41,4.73,5.5,8.8,45.98,542.19
0.34,0.0,0.0,2.75,2.31,9.68,0.0,14.41,6.82,155.43,184.58,108.35,46.2,38.06,3.52,6.82,7.26,35.97,550.22
0.35,0.0,0.0,2.75,2.31,8.36,0.0,10.12,6.82,156.86,187.99,109.89,46.2,39.71,2.31,6.82,7.26,30.36,557.04
0.36,0.0,0.0,2.75,3.52,8.36,0.0,5.72,4.07,156.86,187.99,109.89,49.39,39.71,3.52,6.82,8.8,24.42,562.98
0.37,0.0,0.0,2.75,2.31,8.36,0.0,4.29,2.75,155.43,189.64,109.89,47.74,41.36,3.52,6.82,8.8,20.46,563.2
0.38,0.0,0.0,0.0,2.31,8.36,0.0,2.86,2.75,155.43,189.64,109.89,52.58,41.36,2.31,8.25,8.8,16.28,568.26
0.39,0.0,0.0,0.0,2.31,8.36,0.0,0.0,0.0,152.57,189.64,108.35,52.58,41.36,4.73,8.25,10.23,10.67,567.71
0.4,0.0,0.0,0.0,2.31,6.93,0.0,0.0,0.0,151.14,187.99,108.35,57.2,44.66,4.73,9.57,10.23,9.24,573.87
0.41,0.0,0.0,0.0,2.31,6.93,0.0,0.0,0.0,148.39,187.99,105.27,58.74,46.31,4.73,6.82,8.8,9.24,567.05
0.42,0.0,0.0,0.0,2.31,6.93,0.0,0.0,0.0,144.1,182.93,105.27,63.14,49.61,4.73,8.25,8.8,9.24,566.83
0.43,0.0,0.0,0.0,2.31,6.93,0.0,0.0,0.0,139.81,182.93,103.73,64.68,47.96,4.73,9.57,10.23,9.24,563.64
0.44,0.0,0.0,2.75,2.31,5.5,0.0,0.0,0.0,137.06,179.52,100.65,67.65,51.26,4.73,6.82,8.8,10.56,556.49
0.45,0.0,0.0,0.0,0.0,5.5,0.0,0.0,0.0,131.34,174.46,99.0,72.16,52.91,4.73,11.0,10.23,5.5,555.83
0.46,0.0,0.0,0.0,2.31,6.93,0.0,0.0,0.0,127.16,171.05,95.92,75.13,56.21,5.83,11.0,11.66,9.24,553.96
0.47,0.0,0.0,0.0,2.31,6.93,0.0,0.0,0.0,122.87,169.4,95.92,79.53,59.51,7.04,8.25,10.23,9.24,552.75
0.48,0.0,0.0,0.0,0.0,5.5,0.0,0.0,0.0,120.01,167.75,92.84,82.5,62.59,7.04,11.0,11.66,5.5,555.39
0.49,0.0,0.0,0.0,2.31,5.5,0.0,0.0,0.0,114.4,162.8,91.3,88.55,62.59,5.83,12.32,13.2,7.81,550.99
0.5,0.0,0.0,0.0,0.0,5.5,0.0,0.0,0.0,110.22,159.5,88.22,91.52,68.75,7.04,11.0,14.63,5.5,550.88
0.51,0.0,0.0,0.0,0.0,5.5,0.0,0.0,0.0,106.15,152.9,86.68,99.0,71.83,7.04,11.0,11.66,5.5,546.26
0.52,0.0,0.0,0.0,0.0,5.5,0.0,0.0,0.0,100.76,149.6,83.49,101.97,78.1,9.46,12.32,14.63,5.5,550.33
0.53,0.0,0.0,0.0,0.0,4.18,0.0,0.0,0.0,94.05,141.35,81.95,110.88,84.26,9.46,13.75,16.06,4.18,551.76
0.54,0.0,0.0,0.0,0.0,5.5,0.0,0.0,0.0,87.34,134.86,78.87,118.69,95.04,9.46,15.18,16.06,5.5,555.5
0.55,0.0,0.0,0.0,0.0,5.5,0.0,0.0,0.0,80.74,128.26,77.33,124.96,102.85,10.67,16.5,16.06,5.5,557.37
0.56,0.0,0.0,2.75,0.0,5.5,0.0,0.0,0.0,72.6,120.01,74.25,132.88,112.09,11.77,19.25,20.46,8.25,563.31
0.57,0.0,0.0,0.0,0.0,5.5,0.0,0.0,0.0,66.0,111.76,67.98,139.15,123.31,14.19,20.68,19.03,5.5,562.1
0.58,0.0,0.0,0.0,0.0,4.18,0.0,0.0,0.0,57.97,102.52,67.98,148.72,133.1,14.19,27.5,22.0,4.18,573.98
0.59,0.0,0.0,2.75,0.0,4.18,0.0,0.0,0.0,51.7,94.82,63.36,156.53,139.59,16.61,33.11,23.43,6.93,579.15
0.6,0.0,0.0,0.0,0.0,5.5,0.0,0.0,0.0,45.54,84.04,57.2,166.1,149.27,20.13,41.36,23.43,5.5,587.07
0.61,0.0,0.0,0.0,0.0,5.5,0.0,0.0,0.0,40.7,76.34,52.91,171.27,157.41,26.07,46.86,26.4,5.5,597.96
0.62,0.0,0.0,0.0,0.0,4.18,0.0,0.0,0.0,36.96,65.56,47.19,176.44,163.9,32.01,53.79,27.83,4.18,603.68
0.63,0.0,0.0,2.75,0.0,5.5,0.0,0.0,0.0,32.01,56.1,41.47,186.78,172.15,37.95,63.91,29.26,8.25,619.63
0.64,3.41,0.0,0.0,0.0,4.18,0.0,0.0,0.0,28.27,42.9,32.89,193.71,177.54,46.2,69.85,29.26,7.59,620.62
0.65,5.06,0.0,0.0,0.0,5.5,0.0,0.0,0.0,24.64,34.65,27.17,198.88,184.8,52.14,81.84,33.66,10.56,637.78
0.66,8.58,0.0,2.75,0.0,4.18,0.0,0.0,0.0,20.9,26.4,18.59,205.81,186.56,61.71,87.78,33.66,15.51,641.41
0.67,13.75,0.0,0.0,0.0,5.5,0.0,0.0,0.0,18.48,18.15,14.3,214.39,190.19,72.27,96.69,36.63,19.25,661.1
0.68,17.16,0.0,2.75,0.0,5.5,0.0,0.0,0.0,14.74,11.55,10.01,219.56,197.34,84.37,101.2,38.06,25.41,676.83
0.69,24.09,0.0,0.0,0.0,5.5,0.0,0.0,0.0,12.32,9.9,7.15,226.49,197.34,93.39,111.65,35.2,29.59,693.44
0.7,32.67,0.0,0.0,0.0,5.5,0.0,0.0,0.0,8.58,9.9,7.15,231.77,199.21,103.95,119.35,36.63,38.17,716.54
0.71,44.77,0.0,0.0,0.0,6.93,0.0,0.0,0.0,6.16,9.9,7.15,231.77,199.21,116.49,127.05,42.46,51.7,740.19
0.7199,58.52,0.0,2.75,0.0,6.93,0.0,0.0,0.0,4.84,8.25,4.29,237.05,195.58,130.46,131.56,41.03,68.2,753.06
0.7299,72.27,6.38,8.25,3.52,9.68,0.0,2.86,2.75,3.63,4.95,4.29,235.29,190.19,140.91,140.8,42.46,105.71,762.52
0.7399,86.02,14.52,12.43,11.77,22.22,0.0,4.29,2.75,2.42,3.3,2.86,230.01,179.3,153.12,143.88,41.03,154.0,755.92
0.7499,91.19,21.01,26.18,10.56,32.01,0.0,5.72,4.07,2.42,4.95,4.29,210.98,160.6,163.57,148.39,36.63,190.74,731.83
0.7599,94.71,27.5,33.11,15.29,45.98,2.53,4.29,5.5,2.42,6.6,2.86,186.78,141.13,172.26,153.01,38.06,228.91,703.12
0.7699,94.71,30.69,40.04,18.92,52.91,0.0,5.72,5.5,2.42,4.95,0.0,156.53,123.31,182.6,156.09,36.63,248.49,662.53
0.7799,96.36,35.64,42.79,24.75,61.6,2.53,7.15,6.82,2.42,4.95,2.86,124.96,104.39,189.64,160.71,33.66,277.64,623.59
0.7899,99.88,40.48,46.86,28.38,68.97,2.53,7.15,5.5,2.42,4.95,0.0,94.49,91.96,194.81,163.79,38.06,299.75,590.48
0.7999,103.29,43.67,52.47,30.69,73.37,2.53,8.69,6.82,2.42,3.3,2.86,70.62,76.45,198.22,166.87,38.06,321.53,558.8
0.8099,106.7,48.62,59.4,33.11,76.34,3.85,8.69,6.82,2.42,4.95,0.0,47.74,61.05,201.74,163.79,38.06,343.53,519.75
0.8199,113.63,55.11,60.94,33.11,76.34,2.53,10.12,6.82,2.42,3.3,2.86,28.6,43.01,194.81,159.17,36.63,358.6,470.8
0.8299,117.15,59.95,67.1,35.42,77.77,3.85,11.55,6.82,0.0,0.0,2.86,22.22,24.75,175.67,137.72,38.06,379.61,401.28
0.8399,122.43,64.9,67.1,40.15,77.77,3.85,11.55,8.25,2.42,3.3,0.0,20.68,24.75,140.91,96.69,45.43,396.0,334.18
0.8499,125.84,69.74,70.18,42.57,76.34,3.85,10.12,8.25,0.0,0.0,2.86,20.68,21.45,99.44,62.37,58.74,406.89,265.54
0.8599,129.36,73.04,71.83,43.67,76.34,3.85,10.12,6.82,0.0,0.0,0.0,17.49,18.15,61.71,37.18,89.43,415.03,223.96
0.8699,134.64,79.64,73.37,44.88,74.8,5.17,10.12,8.25,0.0,0.0,2.86,14.3,14.85,26.07,15.18,113.96,430.87,187.22
0.8799,138.16,84.48,77.99,46.09,76.34,2.53,10.12,8.25,0.0,3.3,0.0,12.65,13.2,12.98,13.75,97.02,443.96,152.9
0.8899,141.57,89.43,77.99,48.4,74.8,3.85,10.12,6.82,0.0,3.3,0.0,11.11,8.25,9.46,11.0,54.23,452.98,97.35
0.8999,143.33,92.73,81.07,49.61,74.8,2.53,10.12,8.25,0.0,3.3,0.0,7.92,8.25,7.04,9.57,24.86,462.44,60.94
0.9099,145.09,96.03,84.26,50.82,74.8,5.17,11.55,8.25,2.42,3.3,0.0,4.73,3.3,3.52,6.82,16.06,475.97,40.15
0.9199,146.85,99.22,84.26,54.34,76.34,3.85,10.12,8.25,0.0,0.0,0.0,4.73,3.3,2.31,5.5,5.83,483.23,21.67
0.9299,148.61,100.87,87.34,55.55,76.34,5.17,10.12,8.25,0.0,0.0,0.0,3.08,3.3,0.0,4.07,4.4,492.25,14.85
0.9399,148.61,104.17,87.34,56.76,76.34,5.17,11.55,9.57,0.0,3.3,0.0,0.0,3.3,0.0,0.0,4.4,499.51,11.0
0.9499,146.85,104.17,87.34,59.4,77.77,3.85,12.98,9.57,0.0,3.3,0.0,0.0,0.0,0.0,2.75,2.86,501.93,8.91
0.9599,146.85,105.82,87.34,62.26,77.77,5.17,12.98,9.57,0.0,3.3,0.0,0.0,0.0,0.0,2.75,2.86,507.76,8.91
0.9699,145.09,105.82,85.8,67.98,77.77,5.17,12.98,9.57,0.0,0.0,0.0,3.08,0.0,0.0,2.75,0.0,510.18,5.83
0.9799,143.33,104.17,82.72,70.84,79.31,5.17,12.98,9.57,0.0,0.0,0.0,0.0,0.0,0.0,0.0,0.0,508.09,0.0
0.9899,139.92,104.17,81.07,76.56,77.77,5.17,12.98,11.0,0.0,0.0,0.0,3.08,0.0,0.0,2.75,2.86,508.64,8.69
0.9999,138.16,102.52,81.07,80.85,82.17,6.49,14.41,11.0,0.0,3.3,0.0,0.0,0.0,0.0,0.0,2.86,516.67,6.16
1.0099,134.64,100.87,76.45,86.57,83.71,5.17,14.41,9.57,0.0,0.0,0.0,0.0,0.0,0.0,0.0,2.86,511.39,2.86
1.0199,131.12,97.68,74.91,92.29,83.71,6.49,17.38,12.32,0.0,0.0,0.0,0.0,0.0,0.0,0.0,2.86,515.9,2.86
1.0299,127.6,96.03,71.83,98.01,85.14,7.81,18.81,12.32,0.0,3.3,0.0,0.0,0.0,0.0,0.0,2.86,517.55,6.16
1.0399,122.43,92.73,70.18,102.3,88.11,9.13,20.24,12.32,0.0,0.0,0.0,0.0,0.0,0.0,0.0,2.86,517.44,2.86
1.0499,115.39,87.78,65.56,109.45,88.11,9.13,21.67,11.0,0.0,0.0,0.0,0.0,0.0,0.0,0.0,2.86,508.09,2.86
1.0599,111.87,84.48,64.02,117.04,92.51,10.45,26.07,13.75,0.0,0.0,0.0,0.0,0.0,0.0,0.0,2.86,520.19,2.86
1.0699,106.7,79.64,60.94,123.2,95.48,11.77,27.5,13.75,0.0,0.0,0.0,0.0,0.0,0.0,0.0,2.86,518.98,2.86
1.0799,99.88,76.34,57.97,129.36,98.34,15.73,31.79,15.18,0.0,0.0,0.0,0.0,0.0,0.0,0.0,0.0,524.59,0.0
1.0899,92.95,71.39,52.47,134.09,104.28,18.26,37.62,15.18,0.0,0.0,0.0,0.0,0.0,0.0,0.0,0.0,526.24,0.0
1.0999,87.78,66.55,49.72,141.79,107.25,20.9,41.91,16.5,0.0,0.0,0.0,0.0,0.0,0.0,0.0,0.0,532.4,0.0
1.1099,80.85,61.6,48.29,147.95,113.63,26.18,46.31,16.5,0.0,0.0,0.0,0.0,0.0,0.0,0.0,0.0,541.31,0.0
1.1199,72.27,56.65,44.11,152.68,118.69,30.14,52.14,19.25,0.0,0.0,0.0,0.0,0.0,0.0,0.0,0.0,545.93,0.0
1.1299,65.34,50.16,41.36,160.38,125.51,36.74,57.86,19.25,0.0,0.0,0.0,0.0,0.0,0.0,0.0,0.0,556.6,0.0
1.1399,58.52,45.32,38.61,165.0,132.33,41.91,63.8,20.68,0.0,0.0,0.0,0.0,0.0,0.0,0.0,0.0,566.17,0.0
1.1499,53.35,40.48,34.43,171.38,139.15,49.83,72.71,22.0,0.0,0.0,0.0,0.0,0.0,0.0,0.0,0.0,583.33,0.0
1.1599,46.42,33.99,28.93,174.57,147.73,57.86,81.73,23.43,0.0,0.0,0.0,0.0,0.0,0.0,0.0,0.0,594.66,0.0
1.1699,41.25,25.85,26.18,179.52,154.55,67.76,90.64,24.75,0.0,0.0,0.0,0.0,0.0,0.0,0.0,2.86,610.5,2.86
1.1799,36.08,19.36,20.68,184.36,164.78,74.8,102.63,24.75,0.0,0.0,0.0,0.0,0.0,0.0,0.0,2.86,627.44,2.86
1.1899,29.26,11.33,17.93,189.2,171.6,84.7,114.62,26.18,0.0,0.0,0.0,0.0,0.0,0.0,0.0,2.86,644.82,2.86
1.1999,25.74,8.03,12.43,192.39,180.4,94.6,127.49,28.93,0.0,0.0,0.0,0.0,0.0,0.0,0.0,2.86,670.01,2.86
1.2099,20.57,8.03,11.0,198.88,189.09,107.36,140.36,30.36,0.0,0.0,0.0,0.0,0.0,0.0,0.0,0.0,705.65,0.0
1.2199,15.4,6.38,11.0,198.88,192.61,120.78,154.88,33.11,0.0,0.0,0.0,0.0,0.0,0.0,0.0,0.0,733.04,0.0
1.2299,13.75,6.38,8.25,200.53,197.78,132.99,167.75,33.11,8.58,0.0,0.0,0.0,0.0,0.0,0.0,0.0,760.54,8.58
1.2399,8.58,4.84,9.57,202.18,199.54,151.36,179.52,33.11,15.95,0.0,0.0,0.0,0.0,0.0,0.0,0.0,788.7,15.95
1.2499,5.06,3.19,6.82,200.53,197.78,163.68,197.12,37.18,13.53,0.0,0.0,0.0,0.0,0.0,0.0,0.0,811.36,13.53
1.2599,3.41,3.19,5.5,195.69,192.61,178.31,209.33,37.18,15.95,0.0,0.0,0.0,0.0,0.0,0.0,0.0,825.22,15.95
1.2699,0.0,0.0,4.07,189.2,182.05,191.62,219.89,37.18,15.95,0.0,0.0,0.0,0.0,0.0,0.0,0.0,824.01,15.95
1.2799,0.0,0.0,2.75,173.03,169.84,204.82,231.88,39.93,17.16,0.0,0.0,0.0,0.0,0.0,0.0,0.0,822.25,17.16
1.2899,0.0,3.19,2.75,154.22,156.2,218.13,240.35,41.36,22.11,0.0,0.0,0.0,0.0,0.0,0.0,0.0,816.2,22.11
1.2999,0.0,0.0,4.07,129.36,140.91,229.79,247.17,44.11,29.59,0.0,0.0,0.0,0.0,0.0,0.0,0.0,795.41,29.59
1.3099,0.0,3.19,0.0,108.02,125.51,238.04,255.64,46.86,39.38,0.0,0.0,0.0,0.0,0.0,0.0,0.0,777.26,39.38
1.3199,0.0,0.0,2.75,89.43,111.87,244.64,260.81,49.61,49.28,0.0,0.0,0.0,0.0,0.0,0.0,0.0,759.11,49.28
1.3299,0.0,0.0,2.75,69.41,98.34,249.59,262.46,55.11,76.67,6.6,4.29,4.73,0.0,0.0,0.0,0.0,737.66,92.29
1.3399,0.0,0.0,2.75,50.82,80.74,249.59,262.46,60.94,96.8,64.02,30.03,6.27,9.9,0.0,4.07,2.86,707.3,213.95
1.3499,0.0,0.0,2.75,31.9,64.57,246.29,255.64,66.88,96.8,80.96,57.2,6.27,8.25,0.0,0.0,2.86,668.03,252.34
1.3599,0.0,0.0,2.75,17.71,41.8,233.09,242.11,74.36,100.76,93.28,64.9,11.11,11.55,2.31,4.07,4.4,611.82,292.38
1.3699,0.0,0.0,0.0,12.98,27.83,198.22,195.36,87.78,96.8,96.36,72.71,20.68,24.75,3.52,5.5,7.26,522.17,327.58
1.3799,0.0,3.19,0.0,10.56,26.4,142.23,130.68,102.63,90.09,96.36,75.79,28.6,36.41,3.52,9.57,10.23,415.69,350.57
1.3899,0.0,3.19,2.75,9.46,22.22,100.32,74.25,139.37,88.77,100.98,77.33,39.82,49.61,5.83,8.25,8.8,351.56,379.39
1.3999,0.0,3.19,2.75,8.25,18.04,49.83,30.36,173.8,91.41,110.22,86.68,47.74,59.51,4.73,11.0,11.66,286.22,422.95
1.4099,0.0,0.0,0.0,5.83,13.86,22.22,23.1,134.75,91.41,116.71,92.84,55.77,65.67,5.83,11.0,11.66,199.76,450.89
1.4199,0.0,0.0,0.0,3.52,12.54,17.05,20.24,71.28,91.41,120.01,97.46,60.17,71.83,5.83,9.57,11.66,124.63,467.94
1.4299,0.0,0.0,0.0,2.31,9.68,11.77,14.41,41.36,90.09,123.31,100.65,66.11,79.64,7.04,9.57,13.2,79.53,489.61
1.4399,0.0,0.0,0.0,0.0,6.93,7.81,11.55,27.5,90.09,124.96,105.27,69.08,84.26,7.04,11.0,13.2,53.79,504.9
1.4499,0.0,0.0,0.0,0.0,4.18,3.85,7.15,11.0,88.77,128.26,105.27,78.1,88.88,7.04,12.32,13.2,26.18,521.84
1.4599,0.0,0.0,0.0,2.31,5.5,2.53,5.72,0.0,86.02,128.26,105.27,81.07,90.42,8.25,12.32,14.63,16.06,526.24
1.4699,0.0,0.0,0.0,2.31,4.18,0.0,4.29,0.0,83.38,126.61,103.73,88.55,91.96,8.25,12.32,14.63,10.78,529.43
1.4799,0.0,0.0,0.0,0.0,4.18,2.53,4.29,0.0,80.74,126.61,100.65,88.55,96.69,8.25,13.75,16.06,11.0,531.3
1.4899,0.0,0.0,0.0,0.0,4.18,0.0,2.86,0.0,77.99,123.31,99.0,94.49,99.77,8.25,11.0,16.06,7.04,529.87
1.4999,0.0,0.0,0.0,0.0,4.18,0.0,0.0,0.0,74.03,120.01,94.38,100.43,99.77,8.25,13.75,16.06,4.18,526.68
1.5099,0.0,0.0,0.0,0.0,2.75,0.0,2.86,0.0,68.64,115.06,89.76,103.4,104.39,8.25,15.18,16.06,5.61,520.74
1.5199,0.0,0.0,0.0,0.0,2.75,0.0,0.0,0.0,64.57,110.22,85.03,109.34,109.01,8.25,15.18,17.6,2.75,519.2
1.5299,0.0,0.0,0.0,0.0,2.75,0.0,0.0,0.0,59.29,102.52,80.41,113.96,112.09,9.46,12.32,17.6,2.75,507.65
1.5399,0.0,0.0,0.0,0.0,2.75,0.0,0.0,0.0,54.23,96.36,77.33,121.88,112.09,10.67,13.75,19.03,2.75,505.34
1.5499,0.0,0.0,0.0,0.0,2.75,0.0,0.0,0.0,49.28,90.2,72.71,126.61,118.47,10.67,16.5,17.6,2.75,502.04
1.5599,0.0,0.0,0.0,0.0,0.0,0.0,0.0,0.0,43.12,79.42,64.9,132.88,121.66,11.77,17.93,17.6,0.0,489.28
1.5699,0.0,0.0,0.0,0.0,2.75,0.0,0.0,0.0,39.38,71.72,61.82,139.15,129.8,12.98,16.5,22.0,2.75,493.35
1.5799,0.0,0.0,0.0,0.0,0.0,0.0,0.0,0.0,35.75,64.02,57.2,147.07,134.64,12.98,19.25,22.0,0.0,492.91
1.5899,0.0,0.0,0.0,0.0,0.0,0.0,0.0,0.0,30.8,56.1,51.48,153.45,141.13,12.98,23.43,23.43,0.0,492.8
1.5999,0.0,0.0,0.0,0.0,0.0,0.0,0.0,0.0,28.27,49.5,48.62,158.18,147.62,12.98,27.5,24.86,0.0,497.53
1.6099,0.0,0.0,0.0,0.0,0.0,0.0,0.0,0.0,24.64,41.25,42.9,167.75,154.11,16.61,33.11,26.4,0.0,506.77
1.6199,0.0,0.0,0.0,0.0,0.0,0.0,0.0,0.0,22.11,33.0,38.61,176.44,160.6,17.71,39.93,27.83,0.0,516.23
1.6299,0.0,0.0,0.0,0.0,0.0,0.0,0.0,0.0,20.9,29.7,34.32,183.37,167.09,22.44,46.86,26.4,0.0,531.08
1.6399,0.0,0.0,0.0,0.0,0.0,0.0,0.0,0.0,18.48,26.4,30.03,190.19,172.15,26.07,55.11,32.23,0.0,550.66
1.6499,0.0,0.0,0.0,0.0,0.0,0.0,0.0,0.0,15.95,18.15,24.31,197.12,177.54,35.53,59.4,30.8,0.0,558.8
1.6599,0.0,0.0,0.0,0.0,0.0,0.0,0.0,0.0,14.74,14.85,18.59,205.81,179.3,42.68,72.82,35.2,0.0,583.99
1.6699,0.0,0.0,0.0,0.0,0.0,0.0,0.0,0.0,12.32,9.9,12.87,212.74,186.56,52.14,80.3,35.2,0.0,602.03
1.6799,0.0,0.0,0.0,0.0,0.0,0.0,0.0,0.0,11.0,9.9,10.01,221.32,190.19,64.79,95.26,36.63,0.0,639.1
1.6899,0.0,0.0,0.0,0.0,0.0,0.0,0.0,0.0,8.58,6.6,5.72,224.84,193.71,81.4,105.71,39.6,0.0,666.16
1.6999,0.0,0.0,0.0,0.0,0.0,0.0,0.0,0.0,6.16,8.25,7.15,231.77,195.58,96.47,114.73,42.46,0.0,702.57
1.7099,0.0,0.0,0.0,0.0,0.0,0.0,0.0,0.0,3.63,4.95,4.29,235.29,199.21,110.0,125.51,44.0,0.0,726.88
1.7199,0.0,0.0,0.0,0.0,0.0,0.0,0.0,0.0,2.42,3.3,4.29,238.81,199.21,130.46,136.18,45.43,0.0,760.1
1.7299,0.0,0.0,0.0,0.0,0.0,0.0,0.0,0.0,2.42,4.95,2.86,238.81,197.34,147.84,145.42,46.86,0.0,786.5
1.7399,0.0,0.0,0.0,0.0,0.0,0.0,0.0,0.0,2.42,4.95,2.86,237.05,190.19,163.57,151.47,48.4,0.0,800.91
1.7499,0.0,0.0,0.0,0.0,0.0,0.0,0.0,0.0,0.0,4.95,2.86,230.01,175.78,184.36,159.17,48.4,0.0,805.53
1.7599,0.0,0.0,0.0,0.0,0.0,0.0,0.0,0.0,0.0,3.3,2.86,217.91,163.9,196.57,163.79,45.43,0.0,793.76
1.7699,0.0,0.0,0.0,0.0,0.0,0.0,0.0,0.0,0.0,3.3,2.86,202.29,149.27,213.95,171.71,44.0,0.0,787.38
1.7799,3.41,0.0,0.0,0.0,0.0,0.0,0.0,0.0,0.0,0.0,0.0,190.19,137.94,228.03,173.36,45.43,3.41,774.95
1.7899,10.23,0.0,0.0,0.0,0.0,0.0,0.0,0.0,0.0,0.0,0.0,169.51,126.61,244.53,178.2,46.86,10.23,765.71
1.7999,11.99,0.0,0.0,0.0,0.0,0.0,0.0,0.0,0.0,3.3,0.0,150.26,115.28,257.29,184.69,46.86,11.99,757.68
1.8099,22.33,0.0,0.0,0.0,0.0,0.0,0.0,0.0,0.0,3.3,0.0,131.34,109.01,270.16,187.99,48.4,22.33,750.2
1.8199,43.01,0.0,0.0,0.0,0.0,0.0,0.0,0.0,0.0,0.0,0.0,113.96,102.85,283.14,192.83,49.83,43.01,742.61
1.8299,70.51,0.0,0.0,0.0,2.75,0.0,0.0,0.0,0.0,0.0,0.0,97.46,93.5,292.6,192.83,51.26,73.26,727.65
1.8399,105.05,0.0,0.0,2.31,4.18,0.0,0.0,0.0,0.0,3.3,0.0,79.53,79.64,298.21,191.18,51.26,111.54,703.12
1.8499,157.3,0.0,0.0,2.31,5.5,0.0,0.0,0.0,0.0,3.3,0.0,57.2,67.21,300.08,186.34,52.8,165.11,666.93
1.8599,184.03,64.9,24.86,3.52,6.93,0.0,0.0,0.0,0.0,0.0,0.0,38.17,47.96,294.47,168.52,54.23,284.24,603.35
1.8699,176.77,100.87,87.34,4.73,9.68,0.0,0.0,2.75,0.0,3.3,0.0,31.79,36.41,257.29,131.56,55.77,382.14,516.12
1.8799,175.01,107.47,112.2,9.46,11.11,3.85,2.86,4.07,0.0,0.0,0.0,28.6,34.76,196.57,81.84,71.06,426.03,412.83
1.8899,167.86,109.12,118.69,25.96,20.9,3.85,4.29,4.07,0.0,3.3,0.0,27.06,28.05,142.67,39.93,97.02,454.74,338.03
1.8999,162.58,112.42,120.34,38.94,36.19,3.85,5.72,6.82,0.0,3.3,0.0,20.68,26.4,81.4,22.0,115.61,486.86,269.39
1.9099,162.58,119.13,125.29,48.4,44.55,3.85,5.72,8.25,0.0,3.3,0.0,19.03,21.45,34.32,20.68,93.94,517.77,192.72
1.9199,164.34,122.43,126.94,56.76,50.16,2.53,5.72,8.25,0.0,0.0,0.0,12.65,14.85,23.65,17.93,57.2,537.13,126.28
1.9299,166.1,125.84,126.94,59.4,52.91,3.85,7.15,6.82,0.0,0.0,0.0,9.46,8.25,12.98,13.75,33.66,549.01,78.1
1.9399,166.1,127.49,130.24,63.69,55.77,5.17,5.72,8.25,0.0,0.0,0.0,6.27,6.6,7.04,9.57,22.0,562.43,51.48
1.9499,166.1,125.84,128.59,67.98,57.2,2.53,7.15,8.25,0.0,0.0,0.0,3.08,3.3,5.83,6.82,11.66,563.64,30.69
1.9599,166.1,129.14,128.59,67.98,60.17,3.85,7.15,8.25,0.0,0.0,0.0,3.08,0.0,3.52,6.82,2.86,571.23,16.28
1.9699,162.58,127.49,125.29,72.27,61.6,5.17,7.15,9.57,0.0,0.0,0.0,3.08,0.0,3.52,2.75,0.0,571.12,9.35
1.9799,159.06,124.08,120.34,72.27,63.03,5.17,5.72,8.25,0.0,0.0,0.0,4.73,0.0,2.31,2.75,0.0,557.92,9.79
1.9899,152.13,120.78,113.85,73.7,61.6,5.17,7.15,8.25,0.0,0.0,0.0,0.0,0.0,0.0,2.75,0.0,542.63,2.75
1.9999,145.09,115.72,109.12,77.99,61.6,5.17,7.15,9.57,0.0,0.0,0.0,0.0,0.0,0.0,0.0,0.0,531.41,0.0
2.0099,138.16,110.77,101.31,79.42,64.57,5.17,7.15,9.57,0.0,0.0,0.0,0.0,0.0,0.0,2.75,0.0,516.12,2.75
2.0199,131.12,104.17,96.69,83.71,63.03,3.85,7.15,9.57,0.0,0.0,0.0,0.0,0.0,0.0,2.75,2.86,499.29,5.61
2.0299,120.67,96.03,90.42,86.57,67.54,5.17,8.69,9.57,0.0,0.0,0.0,0.0,0.0,0.0,0.0,0.0,484.66,0.0
2.0399,111.87,89.43,82.72,92.29,70.4,6.49,7.15,11.0,0.0,0.0,0.0,0.0,0.0,0.0,0.0,0.0,471.35,0.0
2.0499,103.29,81.29,77.99,96.58,73.37,5.17,8.69,11.0,0.0,0.0,0.0,0.0,0.0,0.0,0.0,0.0,457.38,0.0
2.0599,94.71,73.04,73.37,103.73,76.34,5.17,8.69,9.57,0.0,0.0,0.0,0.0,0.0,0.0,0.0,2.86,444.62,2.86
2.0699,86.02,66.55,70.18,108.02,85.14,6.49,10.12,12.32,0.0,0.0,0.0,0.0,0.0,0.0,0.0,0.0,444.84,0.0
2.0799,79.2,59.95,64.02,115.5,91.08,7.81,15.84,12.32,0.0,0.0,0.0,0.0,0.0,0.0,2.75,0.0,445.72,2.75
2.0899,68.86,53.46,60.94,124.74,95.48,10.45,20.24,13.75,0.0,0.0,0.0,0.0,0.0,0.0,0.0,0.0,447.92,0.0
2.0999,61.93,46.97,57.97,130.9,102.85,17.05,30.36,16.5,0.0,0.0,0.0,0.0,0.0,0.0,0.0,0.0,464.53,0.0
2.1099,53.35,40.48,53.79,138.71,110.22,24.86,37.62,16.5,0.0,0.0,0.0,0.0,0.0,0.0,0.0,0.0,475.53,0.0
2.1199,48.18,32.34,49.72,144.87,118.69,35.42,49.17,19.25,0.0,0.0,0.0,0.0,0.0,0.0,0.0,0.0,497.64,0.0
2.1299,41.25,27.5,45.54,152.68,128.92,45.87,59.4,22.0,0.0,0.0,0.0,0.0,0.0,0.0,0.0,0.0,523.16,0.0
2.1399,37.84,22.66,40.04,157.3,137.5,57.86,72.71,23.43,0.0,0.0,0.0,0.0,0.0,0.0,0.0,0.0,549.34,0.0
2.1498,32.67,17.82,33.11,165.0,145.97,70.62,83.16,26.18,0.0,0.0,0.0,0.0,0.0,0.0,0.0,0.0,574.53,0.0
2.1598,30.91,14.52,27.61,169.73,152.79,80.52,95.15,28.93,0.0,0.0,0.0,0.0,0.0,0.0,0.0,0.0,600.16,0.0
2.1698,27.5,11.33,22.0,177.87,161.37,96.03,108.57,30.36,0.0,0.0,0.0,0.0,0.0,0.0,0.0,0.0,635.03,0.0
2.1798,24.09,8.03,16.5,182.71,166.43,107.36,119.46,31.68,0.0,0.0,0.0,0.0,0.0,0.0,0.0,0.0,656.26,0.0
2.1898,20.57,6.38,12.43,189.2,169.84,122.32,132.33,33.11,0.0,0.0,0.0,0.0,0.0,0.0,0.0,0.0,686.18,0.0
2.1998,17.16,6.38,12.43,190.85,176.88,139.15,146.85,35.86,0.0,0.0,0.0,0.0,0.0,0.0,0.0,0.0,725.56,0.0
2.2098,13.75,6.38,12.43,195.69,180.4,151.36,159.72,37.18,0.0,0.0,0.0,0.0,0.0,0.0,0.0,0.0,756.91,0.0
2.2198,8.58,4.84,9.57,194.04,182.05,168.41,176.0,37.18,0.0,0.0,0.0,0.0,0.0,0.0,0.0,0.0,780.67,0.0
2.2298,5.06,3.19,8.25,194.04,182.05,183.26,188.32,39.93,0.0,0.0,0.0,0.0,0.0,0.0,0.0,0.0,804.1,0.0
2.2398,3.41,3.19,5.5,190.85,176.88,201.52,202.29,41.36,0.0,0.0,0.0,0.0,0.0,0.0,0.0,0.0,825.0,0.0
2.2498,0.0,3.19,4.07,181.06,169.84,216.48,214.61,44.11,0.0,0.0,0.0,0.0,0.0,0.0,0.0,0.0,833.36,0.0
2.2598,0.0,0.0,2.75,165.0,161.37,228.14,226.71,46.86,0.0,0.0,0.0,0.0,0.0,0.0,0.0,0.0,830.83,0.0
2.2698,0.0,0.0,4.07,146.41,151.14,242.99,238.7,48.29,0.0,0.0,0.0,0.0,0.0,0.0,0.0,0.0,831.6,0.0
2.2798,0.0,0.0,4.07,126.28,139.15,251.35,247.17,51.04,2.42,0.0,0.0,0.0,0.0,0.0,0.0,0.0,819.06,2.42
2.2898,0.0,0.0,2.75,103.73,125.51,262.9,255.64,55.11,4.84,0.0,0.0,0.0,0.0,0.0,0.0,0.0,805.64,4.84
2.2998,0.0,0.0,0.0,89.43,113.63,269.5,260.81,59.4,7.37,0.0,0.0,0.0,0.0,0.0,0.0,0.0,792.77,7.37
2.3098,0.0,0.0,4.07,75.13,104.28,272.8,262.46,63.91,12.32,0.0,0.0,0.0,0.0,0.0,0.0,0.0,782.65,12.32
2.3198,0.0,0.0,2.75,59.4,91.08,274.45,262.46,69.85,29.59,0.0,0.0,0.0,0.0,0.0,0.0,0.0,759.99,29.59
2.3298,0.0,3.19,0.0,44.88,76.34,277.86,255.64,74.36,54.23,0.0,2.86,0.0,0.0,0.0,0.0,0.0,732.27,57.09
2.3398,0.0,0.0,0.0,28.38,55.77,276.1,247.17,78.76,92.73,0.0,0.0,0.0,0.0,0.0,0.0,0.0,686.18,92.73
2.3498,0.0,3.19,2.75,17.71,33.44,261.25,225.06,84.7,138.49,3.3,0.0,3.08,0.0,0.0,0.0,0.0,628.1,144.87
2.3598,0.0,0.0,0.0,15.29,29.26,218.13,161.26,99.66,165.33,85.58,10.01,3.08,0.0,0.0,0.0,0.0,523.6,264.0
2.3698,0.0,0.0,2.75,12.98,25.08,159.06,101.09,120.89,168.19,154.55,67.98,4.73,3.3,0.0,0.0,0.0,421.85,398.75
2.3798,0.0,3.19,0.0,11.77,22.22,110.22,49.17,161.04,166.76,169.4,100.65,7.92,4.95,2.31,0.0,0.0,357.61,451.99
2.3898,0.0,3.19,2.75,8.25,18.04,45.87,30.36,157.96,163.9,172.81,113.08,9.46,6.6,2.31,2.75,2.86,266.42,473.77
2.3998,0.0,0.0,2.75,5.83,13.86,26.18,24.53,99.66,154.0,176.11,120.67,25.41,13.2,2.31,6.82,4.4,172.81,502.92
2.4098,0.0,3.19,0.0,2.31,11.11,20.9,18.81,57.97,148.39,177.87,128.37,43.01,18.15,5.83,5.5,7.26,114.29,534.38
2.4198,0.0,3.19,0.0,0.0,6.93,11.77,14.41,38.61,146.96,181.17,134.42,50.93,29.81,7.04,9.57,10.23,74.91,570.13
2.4298,0.0,0.0,0.0,2.31,4.18,6.49,8.69,26.18,144.1,181.17,137.5,60.17,39.71,5.83,9.57,10.23,47.85,588.28
2.4398,0.0,0.0,0.0,2.31,4.18,3.85,5.72,6.82,139.81,179.52,140.58,66.11,44.66,7.04,9.57,11.66,22.88,598.95
2.4498,0.0,0.0,0.0,2.31,4.18,3.85,4.29,0.0,137.06,179.52,139.04,70.62,52.91,8.25,9.57,11.66,14.63,608.63
2.4598,0.0,0.0,0.0,0.0,2.75,2.53,2.86,0.0,129.91,177.87,137.5,76.56,57.97,8.25,11.0,11.66,8.14,610.72
2.4698,0.0,0.0,0.0,2.31,2.75,2.53,2.86,0.0,122.87,172.81,132.88,82.5,61.05,9.46,11.0,13.2,10.45,605.77
2.4798,0.0,0.0,0.0,2.31,2.75,2.53,2.86,0.0,112.97,166.1,125.29,85.58,64.13,9.46,12.32,13.2,10.45,589.05
2.4898,0.0,0.0,0.0,0.0,0.0,2.53,0.0,0.0,104.83,159.5,120.67,88.55,67.21,8.25,12.32,14.63,2.53,575.96
2.4998,0.0,0.0,0.0,0.0,0.0,0.0,2.86,0.0,96.8,149.6,109.89,91.52,68.75,10.67,9.57,14.63,2.86,551.43
2.5098,0.0,0.0,0.0,0.0,2.75,2.53,0.0,0.0,88.77,139.7,103.73,94.49,70.29,9.46,11.0,13.2,5.28,530.64
2.5198,0.0,0.0,0.0,0.0,2.75,0.0,0.0,0.0,80.74,126.61,95.92,101.97,71.83,10.67,11.0,16.06,2.75,514.8
2.5298,0.0,0.0,0.0,0.0,2.75,0.0,0.0,0.0,72.6,115.06,88.22,104.94,74.91,10.67,12.32,16.06,2.75,494.78
2.5398,0.0,0.0,0.0,0.0,2.75,0.0,0.0,0.0,64.57,104.06,80.41,110.88,76.45,10.67,15.18,14.63,2.75,476.85
2.5498,0.0,0.0,0.0,0.0,0.0,0.0,0.0,0.0,57.97,94.82,74.25,117.15,82.72,10.67,15.18,19.03,0.0,471.79
2.5598,0.0,0.0,0.0,0.0,0.0,0.0,0.0,0.0,50.49,85.58,67.98,124.96,88.88,11.77,16.5,20.46,0.0,466.62
2.5698,0.0,0.0,0.0,0.0,0.0,0.0,0.0,0.0,43.12,74.8,61.82,132.88,93.5,14.19,16.5,20.46,0.0,457.27
2.5798,0.0,0.0,0.0,0.0,0.0,0.0,0.0,0.0,38.17,65.56,55.77,142.34,99.77,14.19,15.18,22.0,0.0,452.98
2.5898,0.0,0.0,0.0,0.0,0.0,0.0,0.0,0.0,33.22,56.1,50.05,151.8,107.47,15.4,19.25,22.0,0.0,455.29
2.5998,0.0,0.0,0.0,0.0,0.0,0.0,0.0,0.0,28.27,46.2,45.76,166.1,115.28,17.71,20.68,23.43,0.0,463.43
2.6098,0.0,0.0,0.0,0.0,0.0,0.0,0.0,0.0,23.43,36.3,38.61,178.09,126.61,22.44,27.5,27.83,0.0,480.81
2.6198,0.0,0.0,0.0,0.0,0.0,0.0,0.0,0.0,18.48,28.05,32.89,188.54,134.64,30.8,39.93,29.26,0.0,502.59
2.6298,0.0,0.0,0.0,0.0,0.0,0.0,0.0,0.0,15.95,21.45,24.31,195.47,144.43,42.68,51.04,35.2,0.0,530.53
2.6398,0.0,0.0,0.0,0.0,0.0,0.0,0.0,0.0,13.53,16.5,18.59,200.64,152.46,58.74,65.34,38.06,0.0,563.86
2.6498,0.0,0.0,0.0,0.0,0.0,0.0,0.0,0.0,9.79,9.9,12.87,207.46,162.25,78.32,75.79,39.6,0.0,595.98
2.6598,0.0,0.0,0.0,0.0,0.0,0.0,0.0,0.0,8.58,9.9,8.58,209.22,170.39,96.47,90.75,42.46,0.0,636.35
2.6698,0.0,0.0,0.0,0.0,0.0,0.0,0.0,0.0,7.37,8.25,7.15,212.74,177.54,111.54,105.71,46.86,0.0,677.16
2.6798,0.0,0.0,0.0,0.0,0.0,0.0,0.0,0.0,6.16,8.25,4.29,214.39,182.93,133.87,114.73,48.4,0.0,713.02
2.6898,0.0,0.0,0.0,0.0,0.0,0.0,0.0,0.0,2.42,4.95,4.29,217.91,184.8,154.77,127.05,51.26,0.0,747.45
2.6998,0.0,0.0,0.0,0.0,0.0,0.0,0.0,0.0,2.42,6.6,2.86,216.15,186.56,170.5,136.18,52.8,0.0,774.07
2.7098,0.0,0.0,0.0,0.0,0.0,0.0,0.0,0.0,2.42,4.95,2.86,212.74,186.56,189.64,145.42,52.8,0.0,797.39
2.7198,0.0,0.0,0.0,0.0,0.0,0.0,0.0,0.0,0.0,4.95,2.86,200.64,179.3,206.91,149.93,52.8,0.0,797.39
2.7298,0.0,0.0,0.0,0.0,0.0,0.0,0.0,0.0,0.0,3.3,2.86,191.95,168.74,220.88,156.09,54.23,0.0,798.05
2.7398,3.41,0.0,0.0,0.0,0.0,0.0,0.0,0.0,0.0,3.3,0.0,179.85,155.76,235.4,162.25,52.8,3.41,789.36
2.7498,5.06,0.0,0.0,0.0,0.0,0.0,0.0,0.0,0.0,3.3,0.0,162.91,147.62,248.16,166.87,51.26,5.06,780.12
2.7598,10.23,0.0,0.0,0.0,0.0,0.0,0.0,0.0,0.0,4.95,0.0,145.53,136.29,259.16,170.17,51.26,10.23,767.36
2.7698,15.4,0.0,0.0,0.0,0.0,0.0,0.0,0.0,0.0,0.0,0.0,126.61,129.8,273.79,175.01,54.23,15.4,759.44
2.7798,24.09,0.0,0.0,0.0,0.0,0.0,0.0,0.0,0.0,3.3,0.0,110.88,124.96,281.27,181.5,55.77,24.09,757.68
2.7898,48.18,0.0,0.0,0.0,0.0,0.0,0.0,0.0,0.0,3.3,0.0,95.92,116.82,288.75,183.15,54.23,48.18,742.17
2.7998,75.68,0.0,0.0,2.31,0.0,0.0,0.0,0.0,0.0,3.3,0.0,79.53,110.55,290.73,184.69,55.77,77.99,724.57
2.8098,106.7,0.0,0.0,2.31,2.75,0.0,0.0,0.0,0.0,3.3,0.0,63.14,99.77,292.6,184.69,54.23,111.76,697.73
2.8198,153.89,0.0,2.75,3.52,2.75,0.0,0.0,0.0,0.0,0.0,0.0,49.39,84.26,286.88,179.85,55.77,162.91,656.15
2.8298,175.01,66.55,51.04,4.73,8.36,0.0,0.0,0.0,0.0,0.0,0.0,30.25,61.05,275.66,165.33,55.77,305.69,588.06
2.8398,166.1,92.73,110.66,8.25,11.11,3.85,4.29,4.07,0.0,0.0,0.0,28.6,41.36,235.4,134.64,58.74,401.06,498.74
2.8498,160.82,99.22,131.89,17.71,30.58,2.53,4.29,5.5,0.0,3.3,0.0,27.06,36.41,170.5,75.79,75.57,452.54,388.63
2.8598,152.13,100.87,138.38,33.11,51.48,5.17,7.15,6.82,0.0,0.0,0.0,27.06,31.46,116.49,34.43,107.8,495.11,317.24
2.8698,146.85,107.47,141.68,50.82,64.57,6.49,8.69,8.25,0.0,3.3,0.0,19.03,26.4,49.83,22.0,131.56,534.82,252.12
2.8798,148.61,114.07,144.98,62.26,73.37,5.17,11.55,8.25,0.0,3.3,0.0,14.3,21.45,29.59,19.25,97.02,568.26,184.91
2.8898,148.61,119.13,144.98,69.41,80.74,6.49,12.98,9.57,0.0,0.0,0.0,11.11,14.85,18.92,16.5,52.8,591.91,114.18
2.8998,150.37,124.08,146.63,73.7,86.57,7.81,11.55,9.57,0.0,3.3,0.0,4.73,8.25,10.67,12.32,32.23,610.28,71.5
2.9098,152.13,127.49,143.33,79.42,88.11,7.81,12.98,11.0,0.0,3.3,0.0,0.0,4.95,8.25,9.57,20.46,622.27,46.53
2.9198,152.13,127.49,140.03,83.71,88.11,7.81,14.41,11.0,0.0,3.3,0.0,0.0,3.3,8.25,2.75,7.26,624.69,24.86
2.9298,148.61,129.14,135.08,86.57,88.11,7.81,12.98,11.0,0.0,0.0,0.0,3.08,0.0,4.73,4.07,4.4,619.3,16.28
2.9398,143.33,125.84,130.24,89.43,88.11,6.49,15.84,11.0,0.0,0.0,0.0,0.0,3.3,4.73,0.0,2.86,610.28,10.89
2.9498,138.16,124.08,121.99,90.86,88.11,7.81,15.84,11.0,0.0,0.0,0.0,3.08,3.3,3.52,0.0,2.86,597.85,12.76
2.9598,131.12,117.37,112.2,95.15,88.11,9.13,15.84,11.0,0.0,0.0,0.0,0.0,0.0,2.31,4.07,2.86,579.92,9.24
2.9698,122.43,112.42,102.85,99.44,86.57,7.81,15.84,11.0,0.0,0.0,0.0,3.08,0.0,2.31,0.0,0.0,558.36,5.39
2.9798,115.39,104.17,91.96,102.3,86.57,9.13,15.84,11.0,0.0,0.0,0.0,0.0,0.0,2.31,0.0,0.0,536.36,2.31
2.9898,106.7,96.03,82.72,108.02,85.14,7.81,15.84,12.32,0.0,0.0,0.0,0.0,0.0,0.0,4.07,2.86,514.58,6.93
2.9998,96.36,87.78,70.18,113.96,83.71,7.81,15.84,13.75,0.0,0.0,0.0,0.0,0.0,0.0,0.0,0.0,489.39,0.0
3.0098,87.78,79.64,59.4,121.66,85.14,10.45,17.38,13.75,0.0,0.0,0.0,0.0,0.0,0.0,2.75,0.0,475.2,2.75
3.0198,79.2,73.04,53.79,130.9,85.14,10.45,20.24,12.32,0.0,0.0,0.0,0.0,0.0,0.0,0.0,2.86,465.08,2.86
3.0298,72.27,63.25,48.29,138.71,85.14,13.09,23.1,15.18,0.0,0.0,0.0,0.0,0.0,0.0,0.0,0.0,459.03,0.0
3.0398,63.69,56.65,44.11,147.95,88.11,15.73,26.07,13.75,0.0,0.0,0.0,0.0,0.0,0.0,0.0,0.0,456.06,0.0
3.0498,56.76,50.16,37.29,154.22,92.51,19.58,30.36,16.5,0.0,0.0,0.0,0.0,0.0,0.0,0.0,2.86,457.38,2.86
3.0598,51.59,43.67,34.43,161.92,93.94,24.86,36.19,16.5,0.0,0.0,0.0,0.0,0.0,0.0,0.0,0.0,463.1,0.0
3.0698,46.42,37.18,28.93,168.19,98.34,34.1,44.88,19.25,0.0,0.0,0.0,0.0,0.0,0.0,0.0,0.0,477.29,0.0
3.0798,41.25,29.15,27.61,174.57,104.28,44.55,53.57,19.25,0.0,0.0,0.0,0.0,0.0,0.0,0.0,2.86,494.23,2.86
3.0898,36.08,24.31,22.0,179.52,110.22,55.11,62.37,22.0,0.0,0.0,0.0,0.0,0.0,0.0,0.0,0.0,511.61,0.0
3.0998,32.67,19.36,19.25,184.36,117.04,67.76,72.71,23.43,0.0,0.0,0.0,0.0,0.0,0.0,0.0,2.86,536.58,2.86
3.1098,27.5,12.87,17.93,189.2,125.51,81.95,83.16,26.18,0.0,0.0,0.0,0.0,0.0,0.0,0.0,0.0,564.3,0.0
3.1198,24.09,8.03,15.18,192.39,130.68,94.6,96.58,27.5,0.0,0.0,0.0,0.0,0.0,0.0,0.0,0.0,589.05,0.0
3.1298,20.57,8.03,12.43,198.88,139.15,108.79,108.57,28.93,0.0,0.0,0.0,0.0,0.0,0.0,0.0,0.0,625.35,0.0
3.1398,17.16,6.38,12.43,203.72,145.97,125.4,124.3,31.68,0.0,0.0,0.0,0.0,0.0,0.0,0.0,0.0,667.04,0.0
3.1498,15.4,6.38,9.57,208.56,151.14,143.77,135.52,34.43,0.0,0.0,0.0,0.0,0.0,0.0,0.0,0.0,704.77,0.0
3.1598,11.99,6.38,8.25,211.86,154.55,160.6,151.58,37.18,0.0,0.0,0.0,0.0,0.0,0.0,0.0,0.0,742.39,0.0
3.1698,6.82,4.84,6.82,216.7,157.96,179.96,164.45,37.18,0.0,0.0,0.0,0.0,0.0,0.0,0.0,0.0,774.73,0.0
3.1798,0.0,0.0,5.5,216.7,157.96,199.87,181.28,39.93,0.0,0.0,0.0,0.0,0.0,0.0,0.0,0.0,801.24,0.0
3.1898,0.0,3.19,2.75,216.7,154.55,218.13,197.12,42.68,2.42,0.0,0.0,0.0,0.0,0.0,0.0,0.0,835.12,2.42
3.1998,0.0,3.19,4.07,210.21,145.97,236.39,211.09,45.54,4.84,0.0,0.0,0.0,0.0,0.0,0.0,0.0,856.46,4.84
3.2098,0.0,0.0,2.75,202.18,137.5,249.59,221.65,49.61,3.63,0.0,0.0,0.0,0.0,0.0,0.0,0.0,863.28,3.63
3.2198,0.0,0.0,2.75,187.55,128.92,262.9,230.12,52.36,4.84,0.0,0.0,0.0,0.0,0.0,0.0,0.0,864.6,4.84
3.2298,0.0,0.0,2.75,166.54,118.69,271.15,240.35,57.97,6.16,0.0,0.0,0.0,0.0,0.0,0.0,0.0,857.45,6.16
3.2398,0.0,0.0,2.75,141.79,108.68,277.86,247.17,62.37,6.16,0.0,0.0,0.0,0.0,0.0,0.0,0.0,840.62,6.16
3.2498,0.0,0.0,2.75,117.04,98.34,281.27,252.23,68.31,11.0,0.0,0.0,0.0,0.0,0.0,0.0,0.0,819.94,11.0
3.2598,0.0,0.0,2.75,92.29,88.11,288.31,253.99,71.28,25.85,0.0,0.0,0.0,0.0,0.0,0.0,0.0,796.73,25.85
3.2698,0.0,3.19,0.0,72.27,76.34,288.31,250.58,75.79,46.86,0.0,0.0,0.0,0.0,0.0,0.0,0.0,766.48,46.86
3.2798,0.0,0.0,2.75,52.03,57.2,291.72,243.76,81.73,77.99,3.3,2.86,0.0,0.0,0.0,0.0,0.0,729.19,84.15
3.2898,0.0,0.0,0.0,31.9,37.62,288.31,225.06,87.78,122.87,0.0,0.0,0.0,0.0,0.0,0.0,0.0,670.67,122.87
3.2998,0.0,0.0,0.0,20.02,26.4,261.25,176.0,98.12,161.04,65.56,10.01,0.0,0.0,0.0,0.0,0.0,581.79,236.61
3.3098,0.0,0.0,2.75,17.71,25.08,201.52,107.03,117.81,163.9,152.9,60.28,4.73,3.3,0.0,0.0,0.0,471.9,385.11
3.3198,0.0,3.19,2.75,15.29,22.22,142.23,57.86,150.26,156.86,171.05,102.19,6.27,4.95,0.0,0.0,2.86,393.8,444.18
3.3298,0.0,3.19,2.75,11.77,18.04,88.99,33.22,159.5,151.14,172.81,113.08,9.46,8.25,2.31,4.07,2.86,317.46,463.98
3.3398,0.0,3.19,2.75,8.25,15.29,31.46,26.07,111.65,137.06,174.46,117.59,36.63,16.5,3.52,4.07,7.26,198.66,497.09
3.3498,0.0,3.19,0.0,5.83,11.11,23.54,21.67,68.31,127.16,174.46,122.21,52.58,34.76,4.73,8.25,10.23,133.65,534.38
3.3598,0.0,3.19,0.0,3.52,6.93,14.41,14.41,45.54,121.44,174.46,128.37,69.08,47.96,5.83,9.57,11.66,88.0,568.37
3.3698,0.0,0.0,0.0,3.52,5.5,9.13,10.12,27.5,114.4,172.81,132.88,79.53,64.13,7.04,9.57,11.66,55.77,592.02
3.3798,0.0,0.0,0.0,3.52,4.18,6.49,7.15,11.0,107.47,169.4,132.88,85.58,73.37,8.25,9.57,14.63,32.34,601.15
3.3898,0.0,0.0,0.0,2.31,4.18,3.85,2.86,0.0,102.08,166.1,131.45,94.49,79.64,8.25,12.32,13.2,13.2,607.53
3.3998,0.0,0.0,0.0,2.31,4.18,3.85,4.29,0.0,96.8,162.8,128.37,100.43,87.34,8.25,12.32,13.2,14.63,609.51
3.4098,0.0,0.0,0.0,2.31,0.0,5.17,2.86,0.0,91.41,157.85,122.21,106.37,95.04,8.25,12.32,13.2,10.34,606.65
3.4198,0.0,0.0,0.0,2.31,2.75,3.85,2.86,0.0,83.38,147.95,111.43,112.42,101.31,10.67,12.32,16.06,11.77,595.54
3.4298,0.0,0.0,0.0,0.0,2.75,2.53,0.0,0.0,76.67,136.51,102.19,117.15,104.39,9.46,15.18,16.06,5.28,577.61
3.4398,0.0,0.0,0.0,0.0,0.0,3.85,0.0,0.0,69.96,129.91,91.3,123.42,107.47,8.25,15.18,17.6,3.85,563.09
3.4498,0.0,0.0,0.0,2.31,0.0,2.53,0.0,0.0,63.25,118.36,81.95,128.15,110.55,11.77,13.75,17.6,4.84,545.38
3.4598,0.0,0.0,0.0,2.31,0.0,2.53,0.0,0.0,55.44,107.14,72.71,132.88,113.63,10.67,16.5,19.03,4.84,528.0
3.4698,0.0,0.0,0.0,0.0,0.0,2.53,0.0,0.0,49.28,94.82,63.36,143.99,115.28,10.67,15.18,19.03,2.53,511.61
3.4798,0.0,0.0,0.0,0.0,0.0,0.0,0.0,0.0,44.33,82.5,55.77,147.07,118.47,14.19,15.18,20.46,0.0,497.97
3.4898,0.0,0.0,0.0,0.0,0.0,0.0,0.0,0.0,38.17,70.18,51.48,153.45,124.96,12.98,16.5,22.0,0.0,489.72
3.4998,0.0,0.0,0.0,0.0,0.0,0.0,0.0,0.0,33.22,59.4,45.76,161.26,129.8,14.19,19.25,20.46,0.0,483.34
3.5098,0.0,0.0,0.0,0.0,0.0,0.0,0.0,0.0,29.59,51.15,40.04,169.51,136.29,14.19,22.0,22.0,0.0,484.77
3.5198,0.0,0.0,0.0,0.0,0.0,0.0,0.0,0.0,24.64,39.6,37.18,176.44,141.13,15.4,26.18,23.43,0.0,484.0
3.5298,0.0,0.0,0.0,0.0,0.0,0.0,0.0,0.0,22.11,34.65,32.89,183.37,149.27,16.61,28.93,26.4,0.0,494.23
3.5398,0.0,0.0,0.0,0.0,0.0,0.0,0.0,0.0,17.16,26.4,25.74,191.95,155.76,22.44,35.86,27.83,0.0,503.14
3.5498,0.0,0.0,0.0,0.0,0.0,0.0,0.0,0.0,14.74,19.8,24.31,198.88,158.95,28.38,46.86,29.26,0.0,521.18
3.5598,0.0,0.0,0.0,0.0,0.0,0.0,0.0,0.0,12.32,14.85,20.02,204.05,167.09,39.05,56.54,30.8,0.0,544.72
3.5698,0.0,0.0,0.0,0.0,0.0,0.0,0.0,0.0,9.79,9.9,15.73,209.22,173.91,50.93,65.34,33.66,0.0,568.48
3.5797,0.0,0.0,0.0,0.0,0.0,0.0,0.0,0.0,8.58,8.25,10.01,216.15,182.93,63.25,77.33,35.2,0.0,601.7
3.5897,0.0,0.0,0.0,0.0,0.0,0.0,0.0,0.0,8.58,9.9,10.01,217.91,190.19,81.4,90.75,38.06,0.0,646.8
3.5997,0.0,0.0,0.0,0.0,0.0,0.0,0.0,0.0,7.37,6.6,7.15,224.84,197.34,99.44,99.66,38.06,0.0,680.46
3.6097,0.0,0.0,0.0,0.0,0.0,0.0,0.0,0.0,4.84,6.6,5.72,230.01,202.73,116.49,113.19,42.46,0.0,722.04
3.6197,0.0,0.0,0.0,0.0,0.0,0.0,0.0,0.0,2.42,6.6,4.29,231.77,206.36,135.63,127.05,44.0,0.0,758.12
3.6297,0.0,0.0,0.0,0.0,0.0,0.0,0.0,0.0,2.42,4.95,2.86,230.01,209.99,160.05,136.18,45.43,0.0,791.89
3.6397,0.0,0.0,0.0,0.0,0.0,0.0,0.0,0.0,0.0,3.3,0.0,230.01,206.36,177.43,146.96,46.86,0.0,810.92
3.6497,0.0,0.0,0.0,0.0,0.0,0.0,0.0,0.0,0.0,0.0,2.86,221.32,200.97,194.81,151.47,46.86,0.0,818.29
3.6597,0.0,0.0,0.0,0.0,0.0,0.0,0.0,0.0,0.0,4.95,0.0,207.46,190.19,213.95,159.17,46.86,0.0,822.58
3.6697,0.0,0.0,0.0,0.0,0.0,0.0,0.0,0.0,0.0,4.95,0.0,193.71,175.78,231.77,165.33,42.46,0.0,814.0
3.6797,3.41,0.0,0.0,0.0,0.0,0.0,0.0,0.0,0.0,4.95,0.0,172.92,162.25,246.4,175.01,45.43,3.41,806.96
3.6897,5.06,0.0,0.0,0.0,0.0,0.0,0.0,0.0,0.0,3.3,0.0,150.26,150.92,261.03,179.85,45.43,5.06,790.79
3.6997,6.82,0.0,0.0,0.0,0.0,0.0,0.0,0.0,0.0,0.0,0.0,131.34,142.78,273.79,187.99,44.0,6.82,779.9
3.7097,15.4,0.0,0.0,0.0,0.0,0.0,0.0,0.0,0.0,3.3,0.0,112.42,133.1,286.88,189.64,46.86,15.4,772.2
3.7197,27.5,0.0,0.0,0.0,0.0,0.0,0.0,0.0,0.0,0.0,0.0,97.46,126.61,290.73,196.02,46.86,27.5,757.68
3.7297,53.35,0.0,0.0,0.0,0.0,0.0,0.0,0.0,0.0,0.0,0.0,79.53,115.28,298.21,196.02,45.43,53.35,734.47
3.7397,84.37,0.0,0.0,0.0,2.75,0.0,0.0,0.0,0.0,0.0,0.0,64.68,101.31,300.08,194.48,48.4,87.12,708.95
3.7497,129.36,0.0,0.0,3.52,2.75,0.0,0.0,0.0,0.0,3.3,0.0,46.2,84.26,300.08,187.99,45.43,135.63,667.26
3.7597,178.53,8.03,8.25,3.52,4.18,0.0,0.0,0.0,0.0,0.0,0.0,31.79,59.51,286.88,176.66,48.4,202.51,603.24
3.7697,180.4,94.38,93.61,5.83,9.68,3.85,2.86,4.07,0.0,3.3,0.0,30.25,39.71,246.4,142.34,52.8,394.68,514.8
3.7797,176.77,110.77,140.03,14.19,16.72,5.17,2.86,5.5,0.0,3.3,0.0,28.6,36.41,182.6,81.84,67.98,472.01,400.73
3.7897,173.14,110.77,151.47,24.75,32.01,5.17,5.72,6.82,0.0,3.3,0.0,25.41,31.46,133.87,39.93,97.02,509.85,330.99
3.7997,162.58,112.42,153.12,41.36,48.73,6.49,5.72,6.82,0.0,3.3,0.0,20.68,26.4,64.79,22.0,110.88,537.24,248.05
3.8097,159.06,117.37,149.93,53.13,58.63,6.49,7.15,8.25,0.0,0.0,0.0,17.49,21.45,32.01,20.68,84.81,560.01,176.44
3.8197,160.82,122.43,149.93,60.83,63.03,6.49,8.69,8.25,0.0,0.0,0.0,14.3,14.85,22.44,15.18,49.83,580.47,116.6
3.8297,162.58,127.49,146.63,63.69,64.57,7.81,7.15,9.57,0.0,3.3,0.0,7.92,9.9,11.77,12.32,33.66,589.49,78.87
3.8397,164.34,129.14,144.98,66.55,66.0,7.81,8.69,9.57,0.0,0.0,0.0,4.73,4.95,9.46,9.57,22.0,597.08,50.71
3.8497,164.34,130.79,144.98,69.41,64.57,6.49,8.69,9.57,0.0,3.3,0.0,4.73,3.3,8.25,4.07,8.8,598.84,32.45
3.8597,162.58,130.79,141.68,72.27,64.57,6.49,8.69,9.57,0.0,0.0,0.0,3.08,3.3,4.73,4.07,2.86,596.64,18.04
3.8697,159.06,129.14,136.73,73.7,64.57,7.81,8.69,8.25,0.0,0.0,0.0,3.08,3.3,3.52,2.75,0.0,587.95,12.65
3.8797,153.89,125.84,130.24,77.99,66.0,7.81,8.69,8.25,0.0,0.0,0.0,3.08,0.0,2.31,2.75,0.0,578.71,8.14
3.8897,145.09,122.43,125.29,79.42,68.97,6.49,7.15,8.25,0.0,0.0,0.0,3.08,0.0,2.31,2.75,0.0,563.09,8.14
3.8997,136.4,115.72,117.04,83.71,67.54,6.49,8.69,9.57,0.0,0.0,0.0,3.08,0.0,2.31,0.0,0.0,545.16,5.39
3.9097,127.6,107.47,106.04,88.0,71.94,7.81,7.15,11.0,0.0,0.0,0.0,0.0,0.0,0.0,0.0,2.86,527.01,2.86
3.9197,117.15,99.22,98.23,98.01,73.37,6.49,10.12,11.0,0.0,0.0,0.0,0.0,0.0,0.0,2.75,2.86,513.59,5.61
3.9297,105.05,89.43,87.34,106.59,80.74,7.81,8.69,11.0,0.0,0.0,0.0,0.0,0.0,2.31,0.0,0.0,496.65,2.31
3.9397,92.95,79.64,81.07,115.5,86.57,7.81,14.41,12.32,0.0,0.0,0.0,0.0,0.0,0.0,0.0,0.0,490.27,0.0
3.9497,84.37,69.74,71.83,126.28,92.51,10.45,17.38,13.75,0.0,0.0,0.0,0.0,0.0,0.0,0.0,0.0,486.31,0.0
3.9597,74.03,61.6,67.1,135.63,98.34,15.73,24.53,15.18,0.0,0.0,0.0,0.0,0.0,2.31,0.0,0.0,492.14,2.31
3.9697,65.34,53.46,59.4,144.87,102.85,20.9,30.36,16.5,0.0,0.0,0.0,0.0,0.0,0.0,0.0,2.86,493.68,2.86
3.9797,56.76,46.97,52.47,155.76,110.22,30.14,41.91,17.93,0.0,0.0,0.0,0.0,0.0,0.0,0.0,2.86,512.16,2.86
3.9897,48.18,38.83,46.86,160.38,115.28,41.91,50.6,19.25,0.0,0.0,0.0,0.0,0.0,0.0,0.0,0.0,521.29,0.0
3.9997,43.01,32.34,38.61,168.19,122.1,49.83,57.86,23.43,0.0,0.0,0.0,0.0,0.0,0.0,0.0,0.0,535.37,0.0
4.0097,37.84,24.31,31.68,173.03,125.51,62.15,68.31,22.0,0.0,0.0,0.0,0.0,0.0,0.0,0.0,0.0,544.83,0.0
4.0197,32.67,19.36,24.86,177.87,132.33,73.48,75.79,24.75,0.0,0.0,0.0,0.0,0.0,0.0,0.0,0.0,561.11,0.0
4.0297,29.26,12.87,20.68,182.71,137.5,86.13,87.67,26.18,0.0,0.0,0.0,0.0,0.0,0.0,0.0,0.0,583.0,0.0
4.0397,24.09,6.38,16.5,189.2,142.56,97.46,98.12,28.93,0.0,0.0,0.0,0.0,0.0,0.0,0.0,0.0,603.24,0.0
4.0497,20.57,4.84,13.75,194.04,147.73,113.08,110.0,30.36,0.0,0.0,0.0,0.0,0.0,0.0,0.0,0.0,634.37,0.0
4.0597,17.16,6.38,13.75,197.23,152.79,128.48,121.11,33.11,0.0,0.0,0.0,0.0,0.0,0.0,0.0,0.0,670.01,0.0
4.0697,13.75,6.38,12.43,202.18,152.79,142.23,133.98,33.11,0.0,0.0,0.0,0.0,0.0,0.0,0.0,0.0,696.85,0.0
4.0797,10.23,4.84,11.0,203.72,156.2,157.52,146.85,34.43,0.0,0.0,0.0,0.0,0.0,0.0,0.0,0.0,724.79,0.0
4.0897,6.82,4.84,8.25,205.37,156.2,173.36,154.88,35.86,0.0,0.0,0.0,0.0,0.0,0.0,0.0,0.0,745.58,0.0
4.0997,3.41,3.19,5.5,208.56,152.79,191.62,169.29,38.61,0.0,0.0,0.0,0.0,0.0,0.0,0.0,0.0,772.97,0.0
4.1097,0.0,0.0,5.5,203.72,147.73,209.88,181.28,39.93,0.0,0.0,0.0,0.0,0.0,0.0,0.0,0.0,788.04,0.0
4.1197,0.0,0.0,5.5,192.39,137.5,224.84,193.6,39.93,0.0,0.0,0.0,0.0,0.0,0.0,0.0,0.0,793.76,0.0
4.1297,0.0,0.0,2.75,179.52,130.68,241.34,207.57,44.11,0.0,0.0,0.0,0.0,0.0,0.0,0.0,0.0,805.97,0.0
4.1397,0.0,0.0,2.75,161.92,123.86,254.65,218.13,46.86,0.0,0.0,0.0,0.0,0.0,0.0,0.0,0.0,808.17,0.0
4.1497,0.0,0.0,2.75,141.79,115.28,264.55,226.71,51.04,0.0,0.0,0.0,0.0,0.0,0.0,0.0,0.0,802.12,0.0
4.1597,0.0,0.0,2.75,123.2,107.25,271.15,236.94,55.11,2.42,0.0,0.0,0.0,0.0,0.0,0.0,0.0,796.4,2.42
4.1697,0.0,0.0,2.75,108.02,101.31,277.86,243.76,60.94,3.63,0.0,0.0,0.0,0.0,0.0,0.0,0.0,794.64,3.63
4.1797,0.0,0.0,4.07,92.29,92.51,283.03,243.76,63.91,4.84,0.0,0.0,0.0,0.0,0.0,0.0,0.0,779.57,4.84
4.1897,0.0,0.0,2.75,77.99,80.74,288.31,243.76,68.31,7.37,0.0,0.0,0.0,0.0,0.0,0.0,0.0,761.86,7.37
4.1997,0.0,3.19,2.75,63.69,67.54,289.96,242.11,74.36,15.95,0.0,0.0,0.0,0.0,0.0,0.0,0.0,743.6,15.95
4.2097,0.0,0.0,2.75,46.09,51.48,289.96,235.29,77.33,40.7,0.0,0.0,0.0,0.0,0.0,0.0,0.0,702.9,40.7
4.2197,0.0,3.19,0.0,25.96,33.44,288.31,219.89,84.7,75.35,3.3,2.86,0.0,0.0,0.0,0.0,0.0,655.49,81.51
4.2297,0.0,0.0,0.0,18.92,27.83,254.65,167.75,98.12,127.16,6.6,4.29,0.0,0.0,0.0,0.0,0.0,567.27,138.05
4.2397,0.0,3.19,2.75,17.71,23.65,194.92,107.03,116.27,166.76,82.5,12.87,3.08,0.0,0.0,0.0,0.0,465.52,265.21
4.2497,0.0,3.19,2.75,15.29,22.22,142.23,59.4,150.26,168.19,154.55,88.22,6.27,3.3,0.0,0.0,0.0,395.34,420.53
4.2597,0.0,3.19,2.75,11.77,19.47,83.38,33.22,168.74,168.19,166.1,129.91,12.65,4.95,2.31,2.75,2.86,322.52,489.72
4.2697,0.0,3.19,0.0,8.25,15.29,34.1,27.5,120.89,163.9,169.4,137.5,28.6,11.55,3.52,6.82,4.4,209.22,525.69
4.2797,0.0,3.19,2.75,5.83,11.11,24.86,21.67,75.79,144.1,162.8,142.12,55.77,21.45,7.04,5.5,7.26,145.2,546.04
4.2897,0.0,3.19,0.0,3.52,8.36,14.41,14.41,45.54,132.77,161.15,143.66,72.16,38.06,7.04,9.57,8.8,89.43,573.21
4.2997,0.0,0.0,0.0,2.31,4.18,9.13,11.55,30.36,125.73,159.5,146.74,82.5,54.56,7.04,11.0,11.66,57.53,598.73
4.3097,0.0,0.0,0.0,3.52,5.5,6.49,7.15,12.32,115.83,156.2,148.28,87.01,65.67,9.46,12.32,13.2,34.98,607.97
4.3197,0.0,0.0,0.0,3.52,2.75,5.17,5.72,0.0,107.47,151.25,146.74,97.46,74.91,8.25,12.32,14.63,17.16,613.03
4.3297,0.0,0.0,0.0,2.31,2.75,5.17,2.86,0.0,100.76,143.0,142.12,103.4,81.18,9.46,12.32,14.63,13.09,606.87
4.3397,0.0,0.0,0.0,2.31,2.75,3.85,2.86,0.0,95.48,138.16,137.5,107.91,87.34,10.67,11.0,14.63,11.77,602.69
4.3497,0.0,0.0,0.0,2.31,0.0,2.53,2.86,0.0,87.34,128.26,129.91,109.34,93.5,10.67,12.32,16.06,7.7,587.4
4.3597,0.0,0.0,0.0,0.0,2.75,3.85,0.0,0.0,79.31,115.06,119.13,112.42,96.69,10.67,13.75,16.06,6.6,563.09
4.3697,0.0,0.0,0.0,0.0,0.0,3.85,0.0,0.0,71.28,105.6,109.89,117.15,98.23,11.77,12.32,16.06,3.85,542.3
4.3797,0.0,0.0,0.0,2.31,2.75,0.0,0.0,0.0,64.57,96.36,95.92,121.88,104.39,11.77,15.18,17.6,5.06,527.67
4.3897,0.0,0.0,0.0,0.0,0.0,2.53,0.0,0.0,56.65,87.12,86.68,121.88,107.47,12.98,13.75,17.6,2.53,504.13
4.3997,0.0,0.0,0.0,0.0,0.0,2.53,0.0,0.0,48.07,74.8,77.33,131.34,112.09,11.77,16.5,20.46,2.53,492.36
4.4097,0.0,0.0,0.0,0.0,0.0,2.53,0.0,0.0,41.91,65.56,64.9,136.07,118.47,14.19,16.5,20.46,2.53,478.06
4.4197,0.0,0.0,0.0,0.0,0.0,0.0,0.0,0.0,34.43,56.1,57.2,142.34,124.96,15.4,19.25,20.46,0.0,470.14
4.4297,0.0,0.0,0.0,0.0,0.0,0.0,0.0,0.0,29.59,47.85,48.62,148.72,133.1,14.19,24.75,23.43,0.0,470.25
4.4397,0.0,0.0,0.0,0.0,0.0,0.0,0.0,0.0,24.64,39.6,42.9,154.99,136.29,16.61,30.36,24.86,0.0,470.25
4.4497,0.0,0.0,0.0,0.0,0.0,0.0,0.0,0.0,19.69,29.7,37.18,162.91,142.78,18.92,37.18,24.86,0.0,473.22
4.4597,0.0,0.0,0.0,0.0,0.0,0.0,0.0,0.0,15.95,24.75,30.03,167.75,147.62,22.44,44.11,26.4,0.0,479.05
4.4697,0.0,0.0,0.0,0.0,0.0,0.0,0.0,0.0,13.53,18.15,24.31,172.92,154.11,27.28,52.36,29.26,0.0,491.92
4.4797,0.0,0.0,0.0,0.0,0.0,0.0,0.0,0.0,11.0,11.55,18.59,181.61,157.41,36.74,57.97,30.8,0.0,505.67
4.4897,0.0,0.0,0.0,0.0,0.0,0.0,0.0,0.0,11.0,11.55,14.3,188.54,162.25,44.99,68.31,32.23,0.0,533.17
4.4997,0.0,0.0,0.0,0.0,0.0,0.0,0.0,0.0,8.58,8.25,10.01,197.12,167.09,57.2,78.76,33.66,0.0,560.67
4.5097,0.0,0.0,0.0,0.0,0.0,0.0,0.0,0.0,8.58,8.25,7.15,200.64,173.91,72.27,92.29,35.2,0.0,598.29
4.5197,0.0,0.0,0.0,0.0,0.0,0.0,0.0,0.0,7.37,6.6,7.15,209.22,179.3,90.42,102.74,39.6,0.0,642.4
4.5297,0.0,0.0,0.0,0.0,0.0,0.0,0.0,0.0,4.84,3.3,4.29,214.39,184.8,107.03,116.27,39.6,0.0,674.52
4.5397,0.0,0.0,0.0,0.0,0.0,0.0,0.0,0.0,3.63,4.95,4.29,219.56,188.32,125.18,127.05,44.0,0.0,716.98
4.5497,0.0,0.0,0.0,0.0,0.0,0.0,0.0,0.0,2.42,3.3,4.29,221.32,186.56,147.84,137.72,44.0,0.0,747.45
4.5597,0.0,0.0,0.0,0.0,0.0,0.0,0.0,0.0,2.42,3.3,2.86,224.84,186.56,166.98,146.96,48.4,0.0,782.32
4.5697,0.0,0.0,0.0,0.0,0.0,0.0,0.0,0.0,0.0,0.0,2.86,224.84,184.8,187.88,151.47,46.86,0.0,798.71
4.5797,0.0,0.0,0.0,0.0,0.0,0.0,0.0,2.75,0.0,3.3,2.86,219.56,175.78,199.98,160.71,46.86,2.75,809.05
4.5897,0.0,0.0,0.0,0.0,0.0,0.0,0.0,0.0,0.0,4.95,0.0,207.46,163.9,217.36,168.52,46.86,0.0,809.05
4.5997,0.0,0.0,0.0,0.0,0.0,0.0,0.0,0.0,0.0,0.0,0.0,197.12,154.11,231.77,175.01,48.4,0.0,806.41
4.6097,0.0,0.0,0.0,0.0,0.0,0.0,0.0,0.0,0.0,0.0,0.0,179.85,144.43,250.03,178.2,48.4,0.0,800.91
4.6197,5.06,0.0,0.0,0.0,0.0,0.0,0.0,0.0,0.0,0.0,0.0,159.72,134.64,261.03,187.99,49.83,5.06,793.21
4.6297,8.58,0.0,0.0,0.0,0.0,0.0,0.0,0.0,0.0,0.0,0.0,140.8,129.8,271.92,189.64,48.4,8.58,780.56
4.6397,13.75,0.0,0.0,0.0,0.0,0.0,0.0,0.0,0.0,3.3,0.0,123.42,121.66,283.14,196.02,48.4,13.75,775.94
4.6497,24.09,0.0,0.0,0.0,0.0,0.0,0.0,0.0,0.0,3.3,0.0,109.34,115.28,290.73,197.67,49.83,24.09,766.15
4.6597,43.01,0.0,0.0,0.0,0.0,0.0,0.0,0.0,0.0,3.3,0.0,91.52,109.01,294.47,199.32,48.4,43.01,746.02
4.6697,77.44,0.0,0.0,2.31,0.0,0.0,0.0,0.0,0.0,0.0,0.0,78.1,99.77,300.08,196.02,48.4,79.75,722.37
4.6797,117.15,0.0,0.0,2.31,2.75,0.0,0.0,0.0,0.0,3.3,0.0,64.68,82.72,300.08,192.83,48.4,122.21,692.01
4.6897,169.62,3.19,2.75,3.52,4.18,0.0,0.0,0.0,0.0,3.3,0.0,44.55,64.13,296.34,179.85,49.83,183.26,638.0
4.6997,184.03,109.12,44.11,3.52,5.5,2.53,0.0,0.0,0.0,0.0,0.0,31.79,41.36,279.4,151.47,48.4,348.81,552.42
4.7097,173.14,129.14,107.58,8.25,8.36,2.53,2.86,4.07,0.0,3.3,2.86,28.6,38.06,219.12,95.26,57.2,435.93,444.4
4.7197,167.86,130.79,130.24,17.71,13.86,2.53,2.86,6.82,0.0,3.3,2.86,25.41,33.11,158.29,46.86,80.19,472.67,350.02
4.7297,157.3,130.79,131.89,37.84,34.76,3.85,4.29,8.25,0.0,0.0,2.86,25.41,29.81,96.47,27.5,104.72,508.97,286.77
4.7397,148.61,132.55,133.43,56.76,50.16,6.49,5.72,9.57,0.0,3.3,0.0,17.49,23.1,37.95,24.75,89.43,543.29,196.02
4.7497,146.85,139.26,133.43,69.41,60.17,6.49,8.69,9.57,0.0,3.3,0.0,15.84,18.15,26.07,17.93,57.2,573.87,138.49
4.7597,145.09,142.56,133.43,79.42,67.54,9.13,10.12,11.0,0.0,3.3,0.0,7.92,9.9,15.4,13.75,38.06,598.29,88.33
4.7697,145.09,145.97,133.43,85.14,71.94,9.13,10.12,12.32,0.0,0.0,0.0,6.27,6.6,10.67,9.57,23.43,613.14,56.54
4.7797,143.33,145.97,130.24,93.72,74.8,7.81,10.12,12.32,0.0,0.0,0.0,4.73,4.95,8.25,5.5,11.66,618.31,35.09
4.7897,139.92,145.97,126.94,98.01,77.77,10.45,11.55,12.32,0.0,0.0,0.0,3.08,3.3,5.83,2.75,2.86,622.93,17.82
4.7997,136.4,144.21,121.99,102.3,79.31,9.13,10.12,12.32,0.0,0.0,0.0,4.73,3.3,4.73,2.75,2.86,615.78,18.37
4.8097,131.12,140.91,115.39,106.59,80.74,9.13,11.55,13.75,0.0,0.0,0.0,3.08,0.0,2.31,4.07,0.0,609.18,9.46
4.8197,122.43,134.2,109.12,109.45,80.74,9.13,10.12,13.75,0.0,0.0,0.0,3.08,0.0,3.52,4.07,2.86,588.94,13.53
4.8297,115.39,127.49,101.31,112.42,82.17,9.13,11.55,13.75,0.0,0.0,0.0,3.08,0.0,3.52,0.0,2.86,573.21,9.46
4.8397,108.46,117.37,91.96,118.58,83.71,10.45,12.98,13.75,0.0,0.0,0.0,0.0,0.0,2.31,2.75,2.86,557.26,7.92
4.8497,99.88,110.77,81.07,121.66,82.17,10.45,12.98,13.75,0.0,0.0,0.0,0.0,0.0,2.31,2.75,0.0,532.73,5.06
4.8597,92.95,100.87,71.83,127.82,82.17,10.45,11.55,13.75,0.0,0.0,0.0,0.0,0.0,0.0,2.75,2.86,511.39,5.61
4.8697,82.61,91.08,64.02,134.09,80.74,10.45,12.98,13.75,0.0,0.0,0.0,0.0,0.0,0.0,2.75,0.0,489.72,2.75
4.8797,74.03,81.29,55.22,144.87,82.17,10.45,12.98,15.18,0.0,0.0,0.0,3.08,0.0,0.0,2.75,0.0,476.19,5.83
4.8897,65.34,71.39,46.86,155.76,82.17,11.77,17.38,15.18,0.0,0.0,0.0,0.0,0.0,0.0,2.75,0.0,465.85,2.75
4.8997,58.52,64.9,40.04,165.0,86.57,17.05,18.81,15.18,0.0,0.0,0.0,0.0,0.0,0.0,0.0,0.0,466.07,0.0
4.9097,51.59,56.65,35.86,173.03,89.54,22.22,23.1,16.5,0.0,0.0,0.0,0.0,0.0,0.0,0.0,0.0,468.49,0.0
4.9197,44.77,48.62,30.36,179.52,95.48,28.82,28.93,19.25,0.0,0.0,0.0,0.0,0.0,0.0,0.0,0.0,475.75,0.0
4.9297,39.6,38.83,24.86,187.55,99.88,37.95,36.19,17.93,0.0,0.0,0.0,0.0,0.0,0.0,0.0,2.86,482.79,2.86
4.9397,34.43,32.34,20.68,190.85,105.71,49.83,44.88,23.43,0.0,0.0,0.0,0.0,0.0,0.0,0.0,0.0,502.15,0.0
4.9497,29.26,25.85,17.93,194.04,111.87,62.15,56.43,24.75,0.0,0.0,0.0,0.0,0.0,0.0,0.0,0.0,522.28,0.0
4.9597,24.09,17.82,15.18,200.53,118.69,74.8,68.31,24.75,0.0,0.0,0.0,0.0,0.0,0.0,0.0,0.0,544.17,0.0
4.9697,20.57,12.87,12.43,200.53,127.27,87.56,81.73,28.93,0.0,0.0,0.0,0.0,0.0,0.0,0.0,0.0,571.89,0.0
4.9797,17.16,8.03,12.43,203.72,134.09,103.07,93.61,30.36,0.0,0.0,0.0,0.0,0.0,0.0,0.0,0.0,602.47,0.0
4.9897,13.75,8.03,11.0,207.02,140.91,119.24,105.6,31.68,0.0,0.0,0.0,0.0,0.0,0.0,0.0,0.0,637.23,0.0
4.9997,13.75,8.03,11.0,208.56,147.73,134.53,116.27,34.43,0.0,0.0,0.0,0.0,0.0,0.0,0.0,0.0,674.3,0.0
5.0096,10.23,6.38,9.57,208.56,154.55,149.82,130.68,34.43,0.0,0.0,0.0,0.0,0.0,0.0,0.0,0.0,704.22,0.0
5.0196,6.82,6.38,9.57,210.21,156.2,166.76,142.01,38.61,0.0,0.0,0.0,0.0,0.0,0.0,0.0,0.0,736.56,0.0
5.0296,3.41,4.84,5.5,211.86,159.61,181.61,153.23,39.93,0.0,0.0,0.0,0.0,0.0,0.0,0.0,0.0,759.99,0.0
5.0396,0.0,3.19,4.07,211.86,156.2,196.57,166.1,42.68,0.0,0.0,0.0,0.0,0.0,0.0,0.0,0.0,780.67,0.0
5.0496,0.0,3.19,4.07,210.21,154.55,213.18,176.0,42.68,0.0,0.0,0.0,0.0,0.0,0.0,0.0,0.0,803.88,0.0
5.0596,0.0,0.0,4.07,203.72,145.97,228.14,186.56,46.86,0.0,0.0,0.0,0.0,0.0,0.0,0.0,0.0,815.32,0.0
5.0696,0.0,3.19,2.75,195.69,139.15,239.69,197.12,48.29,2.42,0.0,0.0,0.0,0.0,0.0,0.0,0.0,825.88,2.42
5.0796,0.0,3.19,2.75,181.06,128.92,247.94,204.05,51.04,2.42,0.0,0.0,0.0,0.0,0.0,0.0,0.0,818.95,2.42
5.0896,0.0,0.0,2.75,161.92,122.1,257.95,212.85,53.79,3.63,0.0,0.0,0.0,0.0,0.0,0.0,0.0,811.36,3.63
5.0996,0.0,3.19,0.0,140.25,113.63,262.9,221.65,59.4,3.63,0.0,0.0,0.0,0.0,0.0,0.0,0.0,801.02,3.63
5.1096,0.0,3.19,0.0,118.58,105.71,269.5,225.06,60.94,4.84,0.0,0.0,0.0,0.0,0.0,0.0,0.0,782.98,4.84
5.1196,0.0,3.19,0.0,100.87,96.91,272.8,231.88,65.34,7.37,0.0,0.0,0.0,0.0,0.0,0.0,0.0,770.99,7.37
5.1296,0.0,0.0,2.75,83.71,88.11,277.86,231.88,69.85,13.53,0.0,0.0,0.0,0.0,0.0,0.0,0.0,754.16,13.53
5.1396,0.0,3.19,4.07,63.69,73.37,276.1,230.12,74.36,35.75,0.0,0.0,0.0,0.0,0.0,0.0,0.0,724.9,35.75
5.1496,0.0,3.19,2.75,44.88,57.2,276.1,226.71,78.76,60.61,0.0,2.86,0.0,0.0,0.0,0.0,0.0,689.59,63.47
5.1596,0.0,3.19,2.75,23.65,34.76,269.5,214.61,84.7,103.51,3.3,0.0,0.0,0.0,0.0,0.0,0.0,633.16,106.81
5.1696,0.0,3.19,2.75,17.71,27.83,234.74,166.1,95.15,152.57,4.95,0.0,0.0,0.0,0.0,0.0,0.0,547.47,157.52
5.1796,0.0,3.19,0.0,14.19,25.08,173.36,105.6,114.73,168.19,133.21,24.31,4.73,0.0,0.0,0.0,0.0,436.15,330.44
5.1896,0.0,0.0,2.75,14.19,23.65,128.48,59.4,159.5,165.33,181.17,99.0,4.73,3.3,0.0,0.0,0.0,387.97,453.53
5.1996,0.0,4.84,0.0,10.56,18.04,70.62,33.22,184.14,165.33,191.29,128.37,6.27,4.95,2.31,0.0,2.86,321.42,501.38
5.2096,0.0,3.19,0.0,7.04,13.86,30.14,26.07,136.29,159.61,193.05,137.5,15.84,8.25,3.52,4.07,2.86,216.59,524.7
5.2196,0.0,3.19,0.0,4.73,11.11,23.54,21.67,75.79,149.71,193.05,145.2,39.82,11.55,4.73,5.5,5.83,140.03,555.39
5.2296,0.0,3.19,0.0,3.52,6.93,15.73,14.41,48.29,144.1,193.05,149.82,54.12,14.85,4.73,8.25,8.8,92.07,577.72
5.2396,0.0,3.19,0.0,2.31,6.93,11.77,11.55,27.5,137.06,189.64,152.79,58.74,24.75,5.83,6.82,7.26,63.25,582.89
5.2496,0.0,0.0,0.0,3.52,4.18,7.81,7.15,12.32,128.59,181.17,154.33,67.65,34.76,5.83,9.57,10.23,34.98,592.13
5.2596,0.0,0.0,0.0,3.52,2.75,5.17,4.29,2.75,121.44,179.52,155.87,72.16,41.36,8.25,6.82,10.23,18.48,595.65
5.2696,0.0,0.0,0.0,3.52,4.18,5.17,4.29,0.0,112.97,174.46,154.33,76.56,47.96,8.25,8.25,11.66,17.16,594.44
5.2796,0.0,0.0,0.0,2.31,2.75,3.85,4.29,2.75,104.83,166.1,151.25,82.5,52.91,7.04,8.25,13.2,15.95,586.08
5.2896,0.0,0.0,0.0,2.31,2.75,2.53,2.86,0.0,95.48,157.85,143.66,84.04,59.51,7.04,11.0,10.23,10.45,568.81
5.2996,0.0,0.0,0.0,2.31,0.0,3.85,2.86,0.0,88.77,149.6,132.88,87.01,64.13,8.25,9.57,11.66,9.02,551.87
5.3096,0.0,0.0,0.0,0.0,2.75,3.85,0.0,0.0,79.31,134.86,126.83,88.55,67.21,8.25,9.57,13.2,6.6,527.78
5.3196,0.0,0.0,0.0,2.31,0.0,2.53,2.86,2.75,72.6,123.31,117.59,91.52,70.29,9.46,12.32,14.63,10.45,511.72
5.3296,0.0,0.0,0.0,2.31,0.0,2.53,0.0,0.0,64.57,113.41,108.35,94.49,78.1,9.46,9.57,14.63,4.84,492.58
5.3396,0.0,0.0,0.0,0.0,0.0,0.0,0.0,0.0,59.29,104.06,99.0,97.46,79.64,9.46,12.32,16.06,0.0,477.29
5.3496,0.0,0.0,0.0,0.0,0.0,2.53,0.0,0.0,51.7,91.74,92.84,103.4,85.8,10.67,9.57,14.63,2.53,460.35
5.3596,0.0,0.0,0.0,0.0,0.0,2.53,0.0,0.0,46.86,84.04,83.49,107.91,93.5,11.77,12.32,16.06,2.53,455.95
5.3696,0.0,0.0,0.0,0.0,0.0,0.0,0.0,0.0,41.91,74.8,77.33,115.5,99.77,11.77,16.5,14.63,0.0,452.21
5.3796,0.0,0.0,0.0,0.0,0.0,0.0,0.0,0.0,35.75,64.02,69.52,121.88,107.47,12.98,19.25,19.03,0.0,449.9
5.3896,0.0,0.0,0.0,0.0,0.0,0.0,0.0,0.0,30.8,56.1,64.9,131.34,115.28,14.19,23.43,20.46,0.0,456.5
5.3996,0.0,0.0,0.0,0.0,0.0,0.0,0.0,0.0,25.85,47.85,57.2,142.34,123.31,15.4,30.36,22.0,0.0,464.31
5.4096,0.0,0.0,0.0,0.0,0.0,0.0,0.0,0.0,20.9,37.95,51.48,151.8,133.1,20.13,38.61,24.86,0.0,478.83
5.4196,0.0,0.0,0.0,0.0,0.0,0.0,0.0,0.0,17.16,29.7,44.33,164.45,139.59,26.07,51.04,29.26,0.0,501.6
5.4296,0.0,0.0,0.0,0.0,0.0,0.0,0.0,0.0,14.74,23.1,37.18,174.68,149.27,34.32,60.94,29.26,0.0,523.49
5.4396,0.0,0.0,0.0,0.0,0.0,0.0,0.0,0.0,12.32,16.5,30.03,179.85,158.95,47.41,75.79,33.66,0.0,554.51
5.4496,0.0,0.0,0.0,0.0,0.0,0.0,0.0,0.0,9.79,11.55,21.45,191.95,168.74,63.25,86.24,32.23,0.0,585.2
5.4596,0.0,0.0,0.0,0.0,0.0,0.0,0.0,2.75,8.58,8.25,15.73,197.12,175.78,81.4,101.2,38.06,2.75,626.12
5.4696,0.0,0.0,0.0,0.0,0.0,0.0,0.0,0.0,7.37,6.6,10.01,202.29,186.56,96.47,117.81,39.6,0.0,666.71
5.4796,0.0,0.0,0.0,0.0,0.0,0.0,0.0,2.75,6.16,8.25,8.58,205.81,191.95,114.73,128.59,42.46,2.75,706.53
5.4896,0.0,0.0,0.0,0.0,0.0,0.0,0.0,2.75,4.84,6.6,5.72,210.98,197.34,130.46,139.26,45.43,2.75,740.63
5.4996,0.0,0.0,0.0,0.0,0.0,0.0,0.0,2.75,2.42,4.95,5.72,212.74,199.21,153.12,148.39,45.43,2.75,771.98
5.5096,0.0,0.0,0.0,0.0,0.0,0.0,0.0,0.0,2.42,4.95,5.72,209.22,200.97,170.5,159.17,46.86,0.0,799.81
5.5196,0.0,0.0,0.0,0.0,0.0,0.0,0.0,0.0,0.0,4.95,4.29,210.98,199.21,187.88,166.87,49.83,0.0,824.01
5.5296,0.0,0.0,0.0,0.0,0.0,0.0,0.0,2.75,2.42,3.3,2.86,205.81,188.32,203.5,175.01,49.83,2.75,831.05
5.5396,0.0,0.0,0.0,0.0,0.0,0.0,0.0,0.0,0.0,4.95,2.86,195.47,179.3,217.36,179.85,48.4,0.0,828.19
5.5496,5.06,0.0,0.0,0.0,0.0,0.0,0.0,2.75,0.0,0.0,0.0,181.61,167.09,233.53,183.15,46.86,7.81,812.24
5.5596,6.82,0.0,0.0,0.0,0.0,0.0,0.0,0.0,0.0,0.0,0.0,164.45,155.76,242.66,191.18,48.4,6.82,802.45
5.5696,8.58,0.0,0.0,0.0,0.0,0.0,0.0,0.0,0.0,3.3,2.86,145.53,145.97,257.29,196.02,46.86,8.58,797.83
5.5796,15.4,0.0,0.0,0.0,0.0,0.0,0.0,0.0,0.0,3.3,0.0,129.69,136.29,270.16,200.97,48.4,15.4,788.81
5.5896,22.33,0.0,0.0,0.0,0.0,0.0,0.0,0.0,0.0,0.0,0.0,112.42,129.8,279.4,204.16,46.86,22.33,772.64
5.5996,41.25,0.0,0.0,0.0,0.0,0.0,0.0,0.0,0.0,0.0,0.0,99.0,121.66,283.14,205.81,46.86,41.25,756.47
5.6096,68.86,0.0,0.0,0.0,0.0,0.0,0.0,0.0,0.0,0.0,0.0,84.04,110.55,288.75,205.81,45.43,68.86,734.58
5.6196,98.12,0.0,0.0,3.52,2.75,0.0,0.0,0.0,0.0,0.0,0.0,69.08,99.77,290.73,204.16,46.86,104.39,710.6
5.6296,145.09,0.0,2.75,3.52,4.18,0.0,0.0,0.0,0.0,0.0,0.0,54.12,84.26,290.73,196.02,46.86,155.54,671.99
5.6396,166.1,66.55,45.54,4.73,8.36,2.53,0.0,2.75,0.0,3.3,0.0,34.98,57.97,285.01,181.5,46.86,296.56,609.62
5.6496,160.82,91.08,99.77,9.46,11.11,5.17,2.86,4.07,0.0,3.3,2.86,28.6,39.71,255.53,148.39,48.4,384.34,526.79
5.6596,159.06,99.22,121.99,18.92,19.47,5.17,5.72,6.82,0.0,3.3,0.0,27.06,34.76,196.57,89.21,55.77,436.37,406.67
5.6696,153.89,100.87,123.64,30.69,37.62,6.49,5.72,8.25,0.0,4.95,0.0,25.41,31.46,139.15,42.68,84.81,467.17,328.46
5.6796,146.85,102.52,128.59,44.88,51.48,6.49,7.15,8.25,0.0,3.3,2.86,22.22,24.75,76.78,26.18,109.34,496.21,265.43
5.6896,148.61,107.47,130.24,54.34,58.63,6.49,7.15,9.57,0.0,3.3,0.0,17.49,21.45,32.01,20.68,90.97,522.5,185.9
5.6996,150.37,109.12,131.89,59.4,64.57,7.81,8.69,8.25,0.0,0.0,0.0,12.65,16.5,22.44,19.25,52.8,540.1,123.64
5.7096,150.37,115.72,131.89,65.12,67.54,7.81,8.69,9.57,0.0,3.3,0.0,6.27,9.9,14.19,12.32,32.23,556.71,78.21
5.7196,148.61,115.72,131.89,70.84,71.94,7.81,8.69,11.0,0.0,0.0,0.0,4.73,4.95,9.46,8.25,16.06,566.5,43.45
5.7296,146.85,117.37,126.94,77.99,74.8,7.81,10.12,9.57,0.0,3.3,0.0,0.0,3.3,9.46,4.07,7.26,571.45,27.39
5.7396,143.33,117.37,126.94,80.85,77.77,6.49,11.55,11.0,0.0,3.3,0.0,3.08,0.0,5.83,2.75,0.0,575.3,14.96
5.7496,138.16,114.07,123.64,86.57,82.17,9.13,11.55,12.32,0.0,0.0,0.0,3.08,0.0,4.73,2.75,0.0,577.61,10.56
5.7596,132.88,109.12,120.34,89.43,83.71,9.13,10.12,12.32,0.0,0.0,0.0,0.0,0.0,4.73,0.0,0.0,567.05,4.73
5.7696,125.84,102.52,115.39,92.29,88.11,7.81,14.41,13.75,0.0,0.0,0.0,0.0,0.0,2.31,4.07,2.86,560.12,9.24
5.7796,118.91,97.68,110.66,93.72,89.54,9.13,17.38,13.75,0.0,0.0,0.0,0.0,3.3,0.0,2.75,0.0,550.77,6.05
5.7896,110.22,87.78,104.5,98.01,93.94,10.45,18.81,13.75,0.0,0.0,0.0,0.0,3.3,3.52,0.0,0.0,537.46,6.82
5.7996,101.53,81.29,96.69,102.3,98.34,11.77,24.53,15.18,0.0,0.0,0.0,0.0,0.0,2.31,0.0,0.0,531.63,2.31
5.8096,92.95,73.04,88.88,108.02,102.85,11.77,28.93,13.75,0.0,0.0,0.0,3.08,0.0,2.31,0.0,2.86,520.19,8.25
5.8196,84.37,64.9,81.07,113.96,104.28,14.41,34.76,16.5,0.0,0.0,0.0,0.0,0.0,2.31,0.0,0.0,514.25,2.31
5.8296,77.44,59.95,74.91,121.66,107.25,19.58,40.48,17.93,0.0,0.0,0.0,0.0,0.0,2.31,2.75,0.0,519.2,5.06
5.8396,68.86,53.46,68.64,127.82,110.22,23.54,46.31,19.25,0.0,0.0,0.0,0.0,0.0,2.31,0.0,0.0,518.1,2.31
5.8496,61.93,45.32,60.94,132.55,115.28,30.14,52.14,19.25,0.0,0.0,0.0,0.0,0.0,0.0,0.0,0.0,517.55,0.0
5.8596,55.11,38.83,55.22,135.63,118.69,36.74,57.86,23.43,0.0,0.0,0.0,0.0,0.0,0.0,0.0,0.0,521.51,0.0
5.8696,48.18,32.34,49.72,140.25,125.51,40.59,65.34,23.43,0.0,0.0,0.0,0.0,0.0,0.0,0.0,2.86,525.36,2.86
5.8796,43.01,27.5,41.36,144.87,132.33,48.51,72.71,23.43,0.0,0.0,0.0,0.0,0.0,0.0,0.0,0.0,533.72,0.0
5.8896,37.84,21.01,37.29,149.49,139.15,56.43,83.16,26.18,0.0,0.0,0.0,0.0,0.0,0.0,0.0,2.86,550.55,2.86
5.8996,32.67,14.52,31.68,151.14,145.97,63.58,93.61,27.5,0.0,0.0,0.0,0.0,0.0,0.0,0.0,0.0,560.67,0.0
5.9096,30.91,11.33,24.86,155.76,152.79,74.8,104.06,28.93,0.0,0.0,0.0,0.0,0.0,0.0,0.0,0.0,583.44,0.0
5.9196,25.74,6.38,22.0,155.76,161.37,83.38,114.62,30.36,0.0,0.0,0.0,0.0,0.0,0.0,0.0,0.0,599.61,0.0
5.9296,22.33,4.84,16.5,161.92,169.84,94.6,125.84,28.93,0.0,0.0,0.0,0.0,0.0,0.0,0.0,0.0,624.8,0.0
5.9396,18.92,4.84,12.43,163.46,178.64,105.93,140.36,31.68,0.0,0.0,0.0,0.0,0.0,0.0,0.0,2.86,656.26,2.86
5.9496,13.75,3.19,12.43,165.0,182.05,119.24,151.58,33.11,0.0,0.0,0.0,0.0,0.0,0.0,0.0,0.0,680.35,0.0
5.9596,11.99,4.84,11.0,169.73,189.09,132.99,164.45,35.86,0.0,0.0,0.0,0.0,0.0,0.0,0.0,0.0,719.95,0.0
5.9696,10.23,4.84,9.57,174.57,192.61,148.39,176.0,37.18,0.0,0.0,0.0,0.0,0.0,0.0,0.0,0.0,753.39,0.0
5.9796,5.06,4.84,8.25,176.22,192.61,162.14,190.08,39.93,0.0,0.0,0.0,0.0,0.0,0.0,0.0,0.0,779.13,0.0
5.9896,3.41,3.19,6.82,174.57,192.61,178.31,204.05,41.36,0.0,0.0,0.0,0.0,0.0,0.0,0.0,0.0,804.32,0.0
5.9996,0.0,0.0,5.5,173.03,185.57,193.27,214.61,42.68,2.42,0.0,0.0,0.0,0.0,0.0,0.0,0.0,814.66,2.42
6.0096,0.0,0.0,4.07,163.46,180.4,206.58,228.47,42.68,0.0,0.0,0.0,0.0,0.0,0.0,0.0,0.0,825.66,0.0
6.0196,0.0,0.0,2.75,154.22,169.84,219.78,238.7,45.54,2.42,0.0,0.0,0.0,0.0,0.0,0.0,0.0,830.83,2.42
6.0296,0.0,0.0,2.75,138.71,159.61,231.44,247.17,48.29,2.42,0.0,0.0,0.0,0.0,0.0,0.0,0.0,827.97,2.42
6.0396,0.0,0.0,4.07,123.2,147.73,242.99,255.64,49.61,3.63,0.0,0.0,0.0,0.0,0.0,0.0,0.0,823.24,3.63
6.0496,0.0,0.0,2.75,105.16,135.74,249.59,262.46,52.36,4.84,0.0,0.0,0.0,0.0,0.0,0.0,0.0,808.06,4.84
6.0596,0.0,0.0,0.0,88.0,123.86,256.3,265.87,55.11,6.16,0.0,0.0,0.0,0.0,0.0,0.0,0.0,789.14,6.16
6.0696,0.0,0.0,4.07,75.13,110.22,262.9,265.87,57.97,8.58,0.0,0.0,0.0,0.0,0.0,0.0,0.0,776.16,8.58
6.0796,0.0,0.0,4.07,59.4,96.91,262.9,265.87,60.94,19.69,0.0,0.0,0.0,0.0,0.0,0.0,0.0,750.09,19.69
6.0896,0.0,3.19,2.75,43.67,80.74,264.55,260.81,65.34,38.17,0.0,0.0,0.0,0.0,0.0,0.0,0.0,721.05,38.17
6.0996,0.0,3.19,0.0,27.17,61.6,261.25,250.58,71.28,68.64,0.0,2.86,0.0,0.0,0.0,0.0,0.0,675.07,71.5
6.1096,0.0,0.0,2.75,15.29,34.76,244.64,233.53,78.76,118.69,6.6,2.86,3.08,0.0,0.0,0.0,0.0,609.73,131.23
6.1196,0.0,3.19,0.0,14.19,27.83,196.57,176.0,93.72,162.47,62.48,5.72,0.0,0.0,0.0,0.0,0.0,511.5,230.67
6.1296,0.0,3.19,2.75,12.98,23.65,139.15,108.57,116.27,165.33,172.81,57.2,6.27,0.0,0.0,0.0,0.0,406.56,401.61
6.1396,0.0,0.0,2.75,9.46,20.9,91.85,55.0,162.58,159.61,191.29,111.43,12.65,6.6,2.31,0.0,2.86,342.54,486.75
6.1496,0.0,3.19,0.0,8.25,16.72,32.78,28.93,167.2,161.04,196.35,128.37,30.25,9.9,3.52,5.5,2.86,257.07,537.79
6.1596,0.0,3.19,2.75,4.73,13.86,24.86,26.07,98.12,148.39,193.05,132.88,55.77,14.85,5.83,5.5,8.8,173.58,565.07
6.1696,0.0,0.0,2.75,3.52,8.36,17.05,18.81,52.36,138.49,189.64,134.42,70.62,24.75,7.04,6.82,11.66,102.85,583.44
6.1796,0.0,0.0,0.0,2.31,6.93,11.77,12.98,35.86,134.2,191.29,135.96,84.04,31.46,9.46,8.25,10.23,69.85,604.89
6.1896,0.0,0.0,0.0,2.31,5.5,6.49,8.69,16.5,129.91,193.05,139.04,91.52,41.36,8.25,11.0,13.2,39.49,627.33
6.1996,0.0,0.0,0.0,2.31,2.75,5.17,5.72,2.75,122.87,191.29,139.04,97.46,46.31,8.25,11.0,14.63,18.7,630.85
6.2096,0.0,0.0,0.0,2.31,4.18,3.85,5.72,0.0,115.83,186.23,139.04,104.94,52.91,9.46,11.0,14.63,16.06,634.04
6.2196,0.0,0.0,0.0,0.0,4.18,3.85,4.29,2.75,108.79,181.17,135.96,110.88,59.51,9.46,11.0,14.63,15.07,631.4
6.2296,0.0,0.0,0.0,0.0,0.0,2.53,2.86,0.0,100.76,174.46,131.45,115.5,65.67,10.67,9.57,13.2,5.39,621.28
6.2396,0.0,0.0,0.0,0.0,2.75,0.0,4.29,0.0,92.73,164.45,123.75,118.69,67.21,10.67,12.32,16.06,7.04,605.88
6.2496,0.0,0.0,0.0,0.0,0.0,2.53,4.29,0.0,84.7,152.9,116.05,120.23,73.37,11.77,11.0,16.06,6.82,586.08
6.2596,0.0,0.0,0.0,0.0,0.0,2.53,2.86,0.0,77.99,143.0,108.35,121.88,74.91,9.46,12.32,14.63,5.39,562.54
6.2696,0.0,0.0,0.0,0.0,2.75,2.53,0.0,0.0,71.28,133.21,99.0,123.42,74.91,10.67,12.32,16.06,5.28,540.87
6.2796,0.0,0.0,0.0,0.0,0.0,0.0,2.86,0.0,64.57,121.66,89.76,128.15,76.45,10.67,13.75,16.06,2.86,521.07
6.2896,0.0,0.0,0.0,0.0,0.0,0.0,0.0,0.0,56.65,107.14,81.95,132.88,79.64,11.77,11.0,14.63,0.0,495.66
6.2996,0.0,0.0,0.0,0.0,0.0,0.0,0.0,0.0,51.7,96.36,74.25,137.61,85.8,10.67,13.75,17.6,0.0,487.74
6.3096,0.0,0.0,0.0,0.0,0.0,0.0,0.0,0.0,44.33,87.12,66.44,142.34,85.8,12.98,12.32,19.03,0.0,470.36
6.3196,0.0,0.0,0.0,0.0,0.0,0.0,0.0,0.0,38.17,73.26,60.28,151.8,93.5,12.98,15.18,20.46,0.0,465.63
6.3296,0.0,0.0,0.0,0.0,0.0,0.0,0.0,0.0,33.22,64.02,54.34,158.18,99.77,14.19,16.5,20.46,0.0,460.68
6.3396,0.0,0.0,0.0,0.0,0.0,0.0,0.0,0.0,28.27,52.8,47.19,167.75,107.47,16.61,16.5,22.0,0.0,458.59
6.3496,0.0,0.0,0.0,0.0,0.0,0.0,0.0,0.0,23.43,47.85,44.33,178.09,115.28,16.61,22.0,23.43,0.0,471.02
6.3596,0.0,0.0,0.0,0.0,0.0,0.0,0.0,0.0,19.69,37.95,37.18,191.95,124.96,20.13,26.18,24.86,0.0,482.9
6.3696,0.0,0.0,0.0,0.0,0.0,0.0,0.0,0.0,17.16,31.35,31.46,204.05,134.64,26.07,34.43,29.26,0.0,508.42
6.3796,0.0,0.0,0.0,0.0,0.0,0.0,0.0,0.0,13.53,23.1,27.17,214.39,142.78,39.05,45.54,29.26,0.0,534.82
6.3896,0.0,0.0,0.0,0.0,0.0,0.0,0.0,0.0,11.0,16.5,18.59,224.84,150.92,53.35,55.11,33.66,0.0,563.97
6.3996,0.0,0.0,0.0,0.0,0.0,0.0,0.0,0.0,9.79,14.85,15.73,230.01,158.95,72.27,65.34,38.06,0.0,605.0
6.4096,0.0,0.0,0.0,0.0,0.0,0.0,0.0,0.0,8.58,11.55,11.44,238.81,168.74,88.88,81.84,38.06,0.0,647.9
6.4196,0.0,0.0,0.0,0.0,0.0,0.0,0.0,0.0,8.58,9.9,8.58,240.57,173.91,105.49,93.72,41.03,0.0,681.78
6.4295,0.0,0.0,0.0,0.0,0.0,0.0,0.0,0.0,7.37,8.25,7.15,249.37,181.17,126.94,102.74,42.46,0.0,725.45
6.4395,0.0,0.0,0.0,0.0,0.0,0.0,0.0,0.0,4.84,8.25,2.86,254.54,184.8,144.32,116.27,46.86,0.0,762.74
6.4495,0.0,0.0,0.0,0.0,0.0,0.0,0.0,2.75,3.63,6.6,4.29,258.06,186.56,161.81,127.05,46.86,2.75,794.86
6.4595,0.0,0.0,0.0,0.0,0.0,0.0,0.0,0.0,2.42,6.6,4.29,259.82,181.17,182.6,134.64,49.83,0.0,821.37
6.4695,0.0,0.0,0.0,0.0,0.0,0.0,0.0,2.75,0.0,4.95,2.86,258.06,177.54,199.98,142.34,49.83,2.75,835.56
6.4795,3.41,0.0,0.0,0.0,0.0,0.0,0.0,0.0,0.0,4.95,2.86,254.54,167.09,217.36,145.42,48.4,3.41,840.62
6.4895,3.41,0.0,0.0,0.0,0.0,0.0,0.0,0.0,0.0,3.3,2.86,244.09,157.41,229.9,151.47,48.4,3.41,837.43
6.4995,5.06,0.0,0.0,0.0,0.0,0.0,0.0,0.0,0.0,3.3,2.86,230.01,147.62,244.53,157.63,46.86,5.06,832.81
6.5095,5.06,0.0,0.0,0.0,0.0,0.0,0.0,0.0,0.0,3.3,0.0,210.98,134.64,259.16,162.25,48.4,5.06,818.73
6.5195,8.58,0.0,0.0,0.0,0.0,0.0,0.0,0.0,0.0,4.95,0.0,191.95,126.61,271.92,165.33,44.0,8.58,804.76
6.5295,11.99,0.0,0.0,0.0,0.0,0.0,0.0,0.0,0.0,0.0,2.86,169.51,120.12,285.01,170.17,46.86,11.99,794.53
6.5395,18.92,0.0,0.0,0.0,0.0,0.0,0.0,0.0,0.0,0.0,2.86,148.72,113.63,294.47,173.36,45.43,18.92,778.47
6.5495,34.43,0.0,0.0,0.0,0.0,0.0,0.0,0.0,0.0,3.3,0.0,132.88,105.93,300.08,173.36,46.86,34.43,762.41
6.5595,58.52,0.0,0.0,0.0,2.75,0.0,0.0,0.0,0.0,3.3,0.0,118.69,93.5,305.8,171.71,46.86,61.27,739.86
6.5695,86.02,0.0,0.0,2.31,0.0,0.0,0.0,0.0,0.0,0.0,0.0,100.43,82.72,309.54,165.33,45.43,88.33,703.45
6.5795,129.36,0.0,0.0,3.52,2.75,0.0,0.0,0.0,0.0,0.0,0.0,79.53,65.67,313.28,156.09,46.86,135.63,661.43
6.5895,173.14,4.84,6.82,3.52,4.18,0.0,0.0,0.0,0.0,3.3,0.0,58.74,44.66,311.41,140.8,42.46,192.5,601.37
6.5995,178.53,87.78,64.02,4.73,8.36,2.53,2.86,4.07,0.0,0.0,0.0,36.63,36.41,285.01,105.71,46.86,352.88,510.62
6.6095,169.62,105.82,112.2,9.46,11.11,3.85,4.29,5.5,0.0,3.3,0.0,30.25,33.11,215.6,57.97,60.28,421.85,400.51
6.6195,166.1,109.12,133.43,16.5,20.9,3.85,5.72,6.82,0.0,3.3,0.0,28.6,31.46,154.77,27.5,80.19,462.44,325.82
6.6295,157.3,109.12,140.03,34.21,43.12,5.17,5.72,8.25,0.0,3.3,0.0,23.87,26.4,84.37,24.75,90.97,502.92,253.66
6.6395,153.89,114.07,143.33,44.88,55.77,6.49,5.72,11.0,0.0,3.3,0.0,20.68,21.45,39.05,23.43,66.44,535.15,174.35
6.6495,153.89,117.37,146.63,52.03,66.0,5.17,7.15,11.0,0.0,3.3,0.0,15.84,16.5,28.38,17.93,41.03,559.24,122.98
6.6595,153.89,119.13,148.28,57.97,73.37,6.49,7.15,12.32,0.0,3.3,0.0,11.11,8.25,15.4,15.18,32.23,578.6,85.47
6.6695,152.13,119.13,149.93,59.4,77.77,6.49,8.69,12.32,0.0,3.3,0.0,4.73,6.6,10.67,9.57,23.43,585.86,58.3
6.6795,146.85,117.37,148.28,62.26,82.17,6.49,12.98,12.32,0.0,0.0,0.0,4.73,0.0,7.04,6.82,11.66,588.72,30.25
6.6895,146.85,117.37,146.63,66.55,83.71,6.49,14.41,11.0,0.0,0.0,0.0,4.73,4.95,5.83,4.07,2.86,593.01,22.44
6.6995,143.33,114.07,144.98,67.98,86.57,5.17,17.38,12.32,0.0,0.0,0.0,0.0,3.3,5.83,2.75,0.0,591.8,11.88
6.7095,136.4,110.77,141.68,70.84,88.11,7.81,20.24,13.75,0.0,0.0,0.0,3.08,0.0,4.73,4.07,0.0,589.6,11.88
6.7195,131.12,105.82,135.08,73.7,88.11,7.81,21.67,12.32,0.0,0.0,0.0,3.08,0.0,3.52,2.75,0.0,575.63,9.35
6.7295,125.84,100.87,130.24,73.7,91.08,6.49,21.67,13.75,0.0,0.0,0.0,4.73,0.0,3.52,2.75,2.86,563.64,13.86
6.7395,120.67,94.38,121.99,76.56,92.51,7.81,23.1,12.32,0.0,0.0,0.0,4.73,0.0,3.52,2.75,2.86,549.34,13.86
6.7495,111.87,89.43,113.85,79.42,93.94,6.49,26.07,13.75,0.0,0.0,0.0,0.0,0.0,3.52,0.0,0.0,534.82,3.52
6.7595,105.05,82.94,107.58,83.71,95.48,6.49,28.93,15.18,0.0,0.0,0.0,0.0,0.0,0.0,2.75,2.86,525.36,5.61
6.7695,96.36,74.69,98.23,88.0,96.91,9.13,33.22,15.18,0.0,0.0,0.0,0.0,0.0,2.31,0.0,0.0,511.72,2.31
6.7795,87.78,68.2,90.42,93.72,101.31,10.45,36.19,16.5,0.0,0.0,0.0,3.08,0.0,2.31,0.0,0.0,504.57,5.39
6.7895,79.2,59.95,82.72,98.01,104.28,11.77,41.91,16.5,0.0,0.0,0.0,0.0,0.0,0.0,0.0,0.0,494.34,0.0
6.7995,70.51,53.46,76.45,103.73,107.25,15.73,47.74,17.93,0.0,0.0,0.0,0.0,0.0,2.31,0.0,2.86,492.8,5.17
6.8095,61.93,46.97,68.64,108.02,113.63,20.9,53.57,19.25,0.0,0.0,0.0,0.0,0.0,2.31,0.0,0.0,492.91,2.31
6.8195,56.76,40.48,62.48,112.42,118.69,26.18,60.83,22.0,0.0,0.0,0.0,0.0,0.0,0.0,0.0,0.0,499.84,0.0
6.8295,48.18,33.99,56.54,120.12,127.27,32.78,71.28,22.0,0.0,0.0,0.0,0.0,0.0,2.31,0.0,0.0,512.16,2.31
6.8395,43.01,27.5,49.72,123.2,134.09,41.91,80.19,23.43,0.0,0.0,0.0,0.0,0.0,0.0,2.75,0.0,523.05,2.75
6.8495,37.84,21.01,42.79,127.82,142.56,51.15,90.64,26.18,0.0,0.0,0.0,0.0,0.0,2.31,0.0,2.86,539.99,5.17
6.8595,32.67,14.52,37.29,132.55,151.14,59.29,102.63,27.5,0.0,0.0,0.0,0.0,0.0,0.0,0.0,0.0,557.59,0.0
6.8695,29.26,9.68,30.36,135.63,161.37,67.76,113.08,27.5,0.0,0.0,0.0,0.0,0.0,0.0,0.0,0.0,574.64,0.0
6.8795,24.09,6.38,24.86,138.71,169.84,80.52,127.49,30.36,0.0,0.0,0.0,0.0,0.0,2.31,0.0,0.0,602.25,2.31
6.8895,20.57,4.84,17.93,141.79,180.4,90.42,138.71,33.11,0.0,0.0,0.0,0.0,0.0,0.0,0.0,0.0,627.77,0.0
6.8995,17.16,3.19,15.18,146.41,183.81,101.75,154.88,35.86,0.0,0.0,0.0,0.0,0.0,0.0,0.0,0.0,658.24,0.0
6.9095,13.75,3.19,12.43,147.95,194.26,116.16,167.75,35.86,0.0,0.0,0.0,0.0,0.0,0.0,0.0,0.0,691.35,0.0
6.9195,11.99,4.84,12.43,151.14,197.78,128.48,179.52,37.18,0.0,0.0,0.0,0.0,0.0,0.0,0.0,0.0,723.36,0.0
6.9295,10.23,4.84,11.0,151.14,204.82,143.77,195.36,38.61,0.0,0.0,0.0,0.0,0.0,0.0,0.0,0.0,759.77,0.0
6.9395,5.06,0.0,8.25,152.68,208.23,155.98,209.33,39.93,0.0,0.0,0.0,0.0,0.0,0.0,0.0,0.0,779.46,0.0
6.9495,3.41,3.19,6.82,149.49,206.58,171.71,221.65,42.68,0.0,0.0,0.0,0.0,0.0,0.0,0.0,0.0,805.53,0.0
6.9595,0.0,3.19,5.5,144.87,201.3,184.91,235.29,45.54,0.0,0.0,0.0,0.0,0.0,0.0,0.0,0.0,820.6,0.0
6.9695,0.0,3.19,4.07,134.09,190.85,199.87,245.52,46.86,3.63,0.0,0.0,0.0,0.0,0.0,0.0,0.0,824.45,3.63
6.9795,0.0,0.0,2.75,120.12,182.05,213.18,255.64,48.29,4.84,0.0,0.0,0.0,0.0,0.0,0.0,0.0,822.03,4.84
6.9895,0.0,0.0,2.75,105.16,168.19,221.43,262.46,49.61,6.16,0.0,0.0,0.0,0.0,0.0,0.0,0.0,809.6,6.16
6.9995,0.0,0.0,4.07,90.86,152.79,231.44,267.63,49.61,9.79,0.0,0.0,0.0,0.0,0.0,0.0,0.0,796.4,9.79
7.0095,0.0,0.0,4.07,79.42,140.91,236.39,272.69,53.79,15.95,0.0,0.0,0.0,0.0,0.0,0.0,0.0,787.27,15.95
7.0195,0.0,0.0,2.75,63.69,125.51,244.64,277.86,56.54,25.85,0.0,0.0,0.0,0.0,0.0,0.0,0.0,770.99,25.85
7.0295,0.0,3.19,2.75,50.82,110.22,244.64,279.51,60.94,43.12,0.0,0.0,0.0,0.0,0.0,0.0,0.0,752.07,43.12
7.0395,0.0,0.0,2.75,36.63,96.91,242.99,277.86,63.91,68.64,0.0,0.0,0.0,0.0,0.0,0.0,0.0,721.05,68.64
7.0495,0.0,3.19,2.75,21.23,77.77,241.34,272.69,68.31,108.79,3.3,0.0,3.08,0.0,0.0,0.0,0.0,687.28,115.17
7.0595,0.0,3.19,0.0,11.77,51.48,224.84,259.05,75.79,142.67,67.1,11.44,3.08,0.0,0.0,0.0,0.0,626.12,224.29
7.0695,0.0,3.19,2.75,10.56,32.01,186.67,219.89,84.7,141.24,134.86,66.44,6.27,4.95,0.0,0.0,0.0,539.77,353.76
7.0795,0.0,0.0,2.75,9.46,27.83,136.07,143.55,107.14,137.06,149.6,94.38,7.92,4.95,2.31,2.75,0.0,426.8,398.97
7.0895,0.0,3.19,0.0,8.25,22.22,88.99,75.79,151.8,132.77,152.9,99.0,11.11,8.25,2.31,4.07,4.4,350.24,414.81
7.0995,0.0,3.19,2.75,5.83,16.72,34.1,31.79,184.14,120.01,152.9,102.19,31.79,9.9,4.73,8.25,4.4,278.52,434.17
7.1095,0.0,3.19,2.75,2.31,13.86,24.86,27.5,117.81,112.97,154.55,106.81,50.93,24.75,7.04,8.25,8.8,192.28,474.1
7.1195,0.0,3.19,0.0,2.31,9.68,18.26,21.67,57.97,111.54,159.5,111.43,63.14,38.06,8.25,9.57,8.8,113.08,510.29
7.1295,0.0,0.0,0.0,0.0,6.93,13.09,14.41,38.61,107.47,159.5,119.13,72.16,49.61,8.25,11.0,11.66,73.04,538.78
7.1395,0.0,3.19,0.0,0.0,5.5,6.49,10.12,17.93,103.51,161.15,120.67,79.53,57.97,9.46,12.32,13.2,43.23,557.81
7.1495,0.0,0.0,0.0,0.0,4.18,5.17,7.15,5.5,99.44,157.85,122.21,87.01,65.67,10.67,11.0,13.2,22.0,567.05
7.1595,0.0,0.0,0.0,0.0,4.18,3.85,7.15,0.0,94.05,156.2,120.67,92.95,74.91,11.77,11.0,14.63,15.18,576.18
7.1695,0.0,0.0,0.0,0.0,4.18,2.53,7.15,0.0,87.34,149.6,117.59,101.97,82.72,10.67,13.75,16.06,13.86,579.7
7.1795,0.0,0.0,0.0,0.0,2.75,0.0,5.72,0.0,79.31,139.7,108.35,107.91,87.34,10.67,15.18,13.2,8.47,561.66
7.1895,0.0,0.0,0.0,0.0,2.75,2.53,4.29,0.0,71.28,129.91,100.65,113.96,91.96,11.77,13.75,16.06,9.57,549.34
7.1995,0.0,0.0,0.0,0.0,2.75,2.53,5.72,0.0,64.57,120.01,91.3,117.15,99.77,11.77,15.18,17.6,11.0,537.35
7.2095,0.0,0.0,0.0,0.0,2.75,2.53,4.29,0.0,56.65,104.06,85.03,123.42,104.39,12.98,15.18,17.6,9.57,519.31
7.2195,0.0,0.0,0.0,0.0,2.75,2.53,2.86,0.0,50.49,94.82,77.33,129.69,110.55,12.98,13.75,19.03,8.14,508.64
7.2295,0.0,0.0,0.0,0.0,2.75,0.0,0.0,0.0,44.33,84.04,66.44,134.42,113.63,12.98,16.5,19.03,2.75,491.37
7.2395,0.0,0.0,0.0,0.0,0.0,0.0,0.0,0.0,38.17,71.72,60.28,139.15,118.47,14.19,20.68,20.46,0.0,483.12
7.2495,0.0,0.0,0.0,0.0,0.0,0.0,2.86,0.0,34.43,62.48,54.34,148.72,123.31,16.61,19.25,19.03,2.86,478.17
7.2595,0.0,0.0,0.0,0.0,2.75,0.0,0.0,0.0,29.59,54.45,50.05,153.45,126.61,15.4,22.0,23.43,2.75,474.98
7.2695,0.0,0.0,0.0,0.0,0.0,0.0,0.0,0.0,24.64,44.55,42.9,158.18,133.1,17.71,27.5,24.86,0.0,473.44
7.2795,0.0,0.0,0.0,0.0,0.0,0.0,0.0,0.0,20.9,39.6,38.61,166.1,136.29,18.92,31.68,26.4,0.0,478.5
7.2895,0.0,0.0,0.0,0.0,0.0,0.0,0.0,0.0,18.48,33.0,32.89,171.27,141.13,24.86,35.86,26.4,0.0,483.89
7.2995,0.0,0.0,0.0,0.0,0.0,0.0,0.0,0.0,15.95,26.4,28.6,179.85,142.78,27.28,42.68,29.26,0.0,492.8
7.3095,0.0,0.0,0.0,0.0,0.0,0.0,0.0,0.0,13.53,19.8,22.88,185.02,149.27,33.22,48.29,30.8,0.0,502.81
7.3195,0.0,0.0,0.0,0.0,0.0,0.0,0.0,0.0,11.0,13.2,18.59,193.71,150.92,41.47,57.97,33.66,0.0,520.52
7.3295,0.0,0.0,0.0,0.0,0.0,0.0,0.0,0.0,9.79,9.9,14.3,198.88,158.95,48.62,63.91,32.23,0.0,536.58
7.3395,0.0,0.0,0.0,0.0,0.0,0.0,0.0,0.0,8.58,8.25,11.44,202.29,167.09,57.2,72.82,33.66,0.0,561.33
7.3495,0.0,0.0,0.0,0.0,0.0,0.0,0.0,0.0,7.37,8.25,8.58,205.81,170.39,67.76,81.84,36.63,0.0,586.63
7.3595,0.0,0.0,0.0,0.0,0.0,0.0,0.0,0.0,6.16,6.6,8.58,210.98,175.78,84.37,87.78,36.63,0.0,616.88
7.3695,0.0,0.0,0.0,0.0,0.0,0.0,0.0,0.0,6.16,6.6,7.15,216.15,181.17,97.9,98.23,39.6,0.0,652.96
7.3795,0.0,0.0,0.0,0.0,0.0,0.0,0.0,0.0,3.63,4.95,4.29,219.56,184.8,111.54,110.22,41.03,0.0,680.02
7.3895,0.0,0.0,0.0,0.0,0.0,0.0,0.0,0.0,2.42,4.95,4.29,221.32,188.32,128.7,120.89,44.0,0.0,714.89
7.3995,0.0,0.0,0.0,0.0,0.0,0.0,0.0,0.0,0.0,4.95,2.86,228.25,190.19,147.84,128.59,42.46,0.0,745.14
7.4095,0.0,0.0,0.0,0.0,0.0,0.0,0.0,0.0,0.0,0.0,2.86,226.49,193.71,166.98,137.72,45.43,0.0,773.19
7.4195,0.0,0.0,0.0,0.0,0.0,0.0,0.0,0.0,0.0,3.3,2.86,228.25,191.95,186.12,143.88,46.86,0.0,803.22
7.4295,0.0,0.0,0.0,0.0,0.0,0.0,0.0,0.0,0.0,3.3,0.0,219.56,184.8,199.98,151.47,46.86,0.0,805.97
7.4395,0.0,0.0,0.0,0.0,0.0,0.0,0.0,0.0,0.0,3.3,0.0,209.22,175.78,215.6,159.17,44.0,0.0,807.07
7.4495,3.41,0.0,0.0,0.0,0.0,0.0,0.0,0.0,0.0,3.3,0.0,198.88,165.44,229.9,162.25,45.43,3.41,805.2
7.4595,6.82,0.0,0.0,0.0,0.0,0.0,0.0,0.0,0.0,0.0,2.86,183.37,154.11,246.4,171.71,46.86,6.82,805.31
7.4695,8.58,0.0,0.0,0.0,0.0,0.0,0.0,0.0,0.0,0.0,2.86,161.26,145.97,259.16,175.01,45.43,8.58,789.69
7.4795,13.75,0.0,0.0,0.0,0.0,0.0,0.0,0.0,0.0,0.0,0.0,143.99,136.29,271.92,179.85,45.43,13.75,777.48
7.4895,24.09,0.0,0.0,0.0,0.0,0.0,0.0,0.0,0.0,0.0,0.0,123.42,131.45,281.27,186.34,46.86,24.09,769.34
7.4995,44.77,0.0,0.0,0.0,0.0,0.0,0.0,0.0,0.0,3.3,0.0,107.91,123.31,290.73,189.64,45.43,44.77,760.32
7.5095,68.86,0.0,0.0,0.0,2.75,0.0,0.0,0.0,0.0,0.0,0.0,88.55,113.63,296.34,192.83,46.86,71.61,738.21
7.5195,99.88,0.0,0.0,0.0,2.75,0.0,0.0,0.0,0.0,0.0,2.86,70.62,105.93,296.34,192.83,44.0,102.63,712.58
7.5295,146.85,0.0,0.0,2.31,4.18,0.0,0.0,0.0,0.0,3.3,0.0,50.93,90.42,290.73,187.99,45.43,153.34,668.8
7.5395,169.62,58.3,19.25,2.31,6.93,0.0,2.86,0.0,0.0,0.0,0.0,34.98,65.67,283.14,178.2,46.86,259.27,608.85
7.5495,160.82,91.08,81.07,5.83,11.11,0.0,4.29,4.07,0.0,3.3,0.0,30.25,41.36,250.03,154.55,48.4,358.27,527.89
7.5595,153.89,96.03,106.04,11.77,11.11,2.53,2.86,4.07,0.0,0.0,0.0,28.6,39.71,187.88,96.69,57.2,388.3,410.08
7.5695,148.61,97.68,115.39,23.65,23.65,3.85,5.72,5.5,0.0,0.0,0.0,25.41,33.11,135.63,46.86,87.89,424.05,328.9
7.5795,145.09,102.52,118.69,40.15,38.94,5.17,5.72,6.82,0.0,0.0,0.0,22.22,28.05,70.84,24.75,118.8,463.1,264.66
7.5895,145.09,109.12,121.99,49.61,50.16,5.17,7.15,8.25,0.0,4.95,0.0,17.49,23.1,34.32,19.25,101.64,496.54,200.75
7.5995,146.85,114.07,126.94,53.13,54.34,6.49,7.15,9.57,0.0,0.0,0.0,14.3,16.5,23.65,17.93,66.44,518.54,138.82
7.6095,150.37,117.37,128.59,57.97,57.2,6.49,8.69,8.25,0.0,3.3,0.0,6.27,11.55,16.61,13.75,38.06,534.93,89.54
7.6195,150.37,120.78,130.24,60.83,61.6,6.49,8.69,9.57,0.0,3.3,0.0,6.27,6.6,10.67,12.32,23.43,548.57,62.59
7.6295,150.37,122.43,131.89,65.12,64.57,6.49,8.69,9.57,0.0,3.3,0.0,4.73,4.95,8.25,8.25,14.63,559.13,44.11
7.6395,148.61,122.43,130.24,67.98,67.54,6.49,8.69,11.0,0.0,3.3,0.0,3.08,3.3,8.25,2.75,2.86,562.98,23.54
7.6495,145.09,120.78,128.59,72.27,70.4,6.49,8.69,9.57,0.0,0.0,0.0,4.73,3.3,7.04,0.0,4.4,561.88,19.47
7.6595,141.57,117.37,125.29,75.13,71.94,5.17,8.69,11.0,0.0,0.0,0.0,3.08,3.3,4.73,4.07,2.86,556.16,18.04
7.6695,134.64,112.42,123.64,75.13,76.34,6.49,8.69,11.0,0.0,0.0,0.0,3.08,0.0,4.73,0.0,2.86,548.35,10.67
7.6795,127.6,105.82,118.69,77.99,79.31,6.49,7.15,12.32,0.0,0.0,0.0,3.08,0.0,3.52,4.07,4.4,535.37,15.07
7.6895,120.67,99.22,115.39,80.85,83.71,6.49,10.12,11.0,0.0,0.0,0.0,0.0,0.0,3.52,2.75,2.86,527.45,9.13
7.6995,111.87,92.73,107.58,85.14,86.57,6.49,10.12,12.32,0.0,0.0,0.0,0.0,0.0,3.52,2.75,2.86,512.82,9.13
7.7095,105.05,84.48,102.85,89.43,89.54,7.81,11.55,12.32,0.0,0.0,0.0,0.0,0.0,2.31,0.0,0.0,503.03,2.31
7.7195,96.36,77.99,96.69,92.29,93.94,7.81,12.98,13.75,0.0,0.0,0.0,0.0,0.0,2.31,2.75,2.86,491.81,7.92
7.7295,87.78,69.74,88.88,96.58,96.91,9.13,17.38,13.75,0.0,0.0,0.0,0.0,0.0,3.52,0.0,2.86,480.15,6.38
7.7395,79.2,63.25,82.72,105.16,99.88,10.45,20.24,15.18,0.0,0.0,0.0,0.0,0.0,2.31,2.75,2.86,476.08,7.92
7.7495,72.27,56.65,76.45,113.96,104.28,11.77,26.07,15.18,0.0,0.0,0.0,0.0,0.0,2.31,2.75,2.86,476.63,7.92
7.7595,63.69,50.16,70.18,118.58,108.68,15.73,31.79,16.5,0.0,0.0,0.0,0.0,0.0,0.0,2.75,0.0,475.31,2.75
7.7695,56.76,45.32,62.48,126.28,111.87,20.9,39.05,19.25,0.0,0.0,0.0,0.0,0.0,0.0,0.0,2.86,481.91,2.86
7.7795,49.94,38.83,56.54,135.63,118.69,26.18,44.88,20.68,0.0,0.0,0.0,0.0,0.0,0.0,2.75,0.0,491.37,2.75
7.7895,43.01,33.99,51.04,140.25,127.27,34.1,53.57,23.43,0.0,0.0,0.0,0.0,0.0,0.0,2.75,0.0,506.66,2.75
7.7995,37.84,27.5,44.11,146.41,132.33,43.23,65.34,24.75,0.0,0.0,0.0,0.0,0.0,0.0,0.0,0.0,521.51,0.0
7.8095,32.67,22.66,40.04,152.68,142.56,51.15,74.25,27.5,0.0,0.0,0.0,0.0,0.0,0.0,0.0,0.0,543.51,0.0
7.8195,29.26,14.52,34.43,154.22,149.38,62.15,87.67,28.93,0.0,0.0,0.0,0.0,0.0,0.0,0.0,2.86,560.56,2.86
7.8295,25.74,11.33,28.93,157.3,159.61,74.8,98.12,28.93,0.0,0.0,0.0,0.0,0.0,0.0,0.0,0.0,584.76,0.0
7.8395,22.33,6.38,22.0,163.46,166.43,86.13,108.57,30.36,0.0,0.0,0.0,0.0,0.0,0.0,0.0,2.86,605.66,2.86
7.8495,18.92,4.84,17.93,165.0,175.12,94.6,122.65,31.68,0.0,0.0,0.0,0.0,0.0,0.0,0.0,0.0,630.74,0.0
7.8594,15.4,4.84,13.75,169.73,182.05,108.79,137.17,34.43,0.0,0.0,0.0,0.0,0.0,0.0,0.0,0.0,666.16,0.0
7.8694,13.75,4.84,12.43,171.38,187.33,119.24,148.39,35.86,0.0,0.0,0.0,0.0,0.0,0.0,0.0,2.86,693.22,2.86
7.8794,11.99,4.84,9.57,173.03,192.61,136.07,162.91,37.18,0.0,0.0,0.0,0.0,0.0,0.0,0.0,2.86,728.2,2.86
7.8894,8.58,4.84,9.57,176.22,196.02,149.82,176.0,38.61,0.0,0.0,0.0,0.0,0.0,0.0,0.0,0.0,759.66,0.0
7.8994,5.06,3.19,8.25,174.57,196.02,163.68,186.56,41.36,0.0,0.0,0.0,0.0,0.0,0.0,0.0,0.0,778.69,0.0
7.9094,0.0,0.0,5.5,174.57,192.61,178.31,202.29,39.93,0.0,0.0,0.0,0.0,0.0,0.0,0.0,0.0,793.21,0.0
7.9194,0.0,3.19,4.07,169.73,187.33,191.62,212.85,42.68,0.0,0.0,0.0,0.0,0.0,0.0,0.0,0.0,811.47,0.0
7.9294,0.0,3.19,4.07,158.84,178.64,203.17,225.06,44.11,2.42,0.0,0.0,0.0,0.0,0.0,0.0,0.0,817.08,2.42
7.9394,0.0,3.19,2.75,146.41,166.43,218.13,231.88,45.54,2.42,0.0,0.0,0.0,0.0,0.0,0.0,0.0,814.33,2.42
7.9494,0.0,0.0,4.07,130.9,154.55,228.14,242.11,46.86,4.84,0.0,0.0,0.0,0.0,0.0,0.0,0.0,806.63,4.84
7.9594,0.0,3.19,4.07,112.42,140.91,236.39,248.93,48.29,6.16,0.0,0.0,0.0,0.0,0.0,0.0,0.0,794.2,6.16
7.9694,0.0,0.0,2.75,96.58,128.92,242.99,253.99,49.61,12.32,0.0,0.0,0.0,0.0,0.0,0.0,0.0,774.84,12.32
7.9794,0.0,3.19,4.07,82.28,115.28,253.0,257.4,52.36,23.43,0.0,0.0,0.0,0.0,0.0,0.0,0.0,767.58,23.43
7.9894,0.0,3.19,2.75,65.12,102.85,256.3,259.05,52.36,39.38,0.0,0.0,0.0,0.0,0.0,0.0,0.0,741.62,39.38
7.9994,0.0,3.19,2.75,49.61,88.11,257.95,255.64,57.97,64.57,3.3,0.0,0.0,0.0,0.0,0.0,0.0,715.22,67.87
8.0094,0.0,3.19,2.75,31.9,68.97,256.3,250.58,62.37,106.15,3.3,0.0,0.0,0.0,0.0,0.0,0.0,676.06,109.45
8.0194,0.0,3.19,4.07,17.71,47.3,246.29,236.94,68.31,137.06,80.96,12.87,0.0,0.0,0.0,0.0,0.0,623.81,230.89
8.0294,0.0,3.19,0.0,12.98,30.58,214.83,195.36,78.76,137.06,149.6,72.71,3.08,4.95,3.52,0.0,2.86,535.7,373.78
8.0394,0.0,3.19,0.0,12.98,25.08,157.52,124.3,95.15,131.34,161.15,106.81,9.46,8.25,2.31,0.0,2.86,418.22,422.18
8.0494,0.0,3.19,2.75,10.56,22.22,108.79,65.34,131.67,134.2,169.4,113.08,23.87,9.9,4.73,5.5,5.83,344.52,466.51
8.0594,0.0,4.84,0.0,8.25,16.72,49.83,30.36,157.96,125.73,169.4,119.13,43.01,14.85,5.83,5.5,7.26,267.96,490.71
8.0694,0.0,4.84,0.0,3.52,13.86,24.86,24.53,116.27,121.44,176.11,120.67,57.2,21.45,7.04,9.57,8.8,187.88,522.28
8.0794,0.0,3.19,0.0,2.31,11.11,18.26,20.24,56.54,121.44,182.93,122.21,67.65,28.05,7.04,9.57,11.66,111.65,550.55
8.0894,0.0,3.19,0.0,0.0,6.93,11.77,14.41,38.61,120.01,184.58,122.21,76.56,33.11,8.25,9.57,11.66,74.91,565.95
8.0994,0.0,0.0,0.0,2.31,5.5,6.49,10.12,19.25,117.26,186.23,123.75,79.53,36.41,8.25,11.0,10.23,43.67,572.66
8.1094,0.0,0.0,2.75,0.0,4.18,6.49,7.15,6.82,114.4,187.99,123.75,85.58,38.06,9.46,11.0,13.2,27.39,583.44
8.1194,0.0,0.0,0.0,0.0,4.18,2.53,4.29,0.0,108.79,182.93,119.13,92.95,43.01,10.67,9.57,13.2,11.0,580.25
8.1294,0.0,0.0,0.0,0.0,2.75,3.85,4.29,0.0,104.83,182.93,116.05,97.46,43.01,10.67,9.57,11.66,10.89,576.18
8.1394,0.0,0.0,0.0,0.0,2.75,3.85,4.29,0.0,98.12,177.87,109.89,100.43,44.66,8.25,12.32,14.63,10.89,566.17
8.1494,0.0,0.0,0.0,0.0,4.18,0.0,2.86,0.0,91.41,171.05,100.65,103.4,44.66,10.67,9.57,14.63,7.04,546.04
8.1594,0.0,0.0,0.0,0.0,0.0,2.53,2.86,0.0,84.7,164.45,92.84,107.91,43.01,10.67,11.0,14.63,5.39,529.21
8.1694,0.0,0.0,0.0,0.0,2.75,2.53,2.86,0.0,76.67,152.9,81.95,110.88,44.66,10.67,11.0,14.63,8.14,503.36
8.1794,0.0,0.0,0.0,0.0,2.75,2.53,0.0,0.0,71.28,146.3,75.79,113.96,46.31,10.67,12.32,14.63,5.28,491.26
8.1894,0.0,0.0,0.0,0.0,0.0,0.0,2.86,0.0,63.25,134.86,67.98,121.88,49.61,10.67,12.32,16.06,2.86,476.63
8.1994,0.0,0.0,0.0,0.0,0.0,2.53,2.86,0.0,56.65,126.61,60.28,128.15,47.96,10.67,13.75,16.06,5.39,460.13
8.2094,0.0,0.0,0.0,0.0,0.0,0.0,0.0,0.0,50.49,113.41,54.34,134.42,52.91,12.98,13.75,16.06,0.0,448.36
8.2194,0.0,0.0,0.0,0.0,0.0,0.0,0.0,0.0,44.33,102.52,50.05,142.34,56.21,11.77,15.18,17.6,0.0,440.0
8.2294,0.0,0.0,0.0,0.0,0.0,0.0,0.0,0.0,38.17,91.74,44.33,150.26,59.51,12.98,15.18,19.03,0.0,431.2
8.2394,0.0,0.0,0.0,0.0,0.0,0.0,0.0,0.0,33.22,79.42,40.04,159.72,65.67,14.19,15.18,19.03,0.0,426.47
8.2494,0.0,0.0,0.0,0.0,0.0,0.0,0.0,0.0,29.59,68.64,34.32,171.27,71.83,15.4,15.18,22.0,0.0,428.23
8.2594,0.0,0.0,0.0,0.0,0.0,0.0,0.0,0.0,25.85,62.48,31.46,181.61,78.1,16.61,15.18,19.03,0.0,430.32
8.2694,0.0,0.0,0.0,0.0,0.0,0.0,0.0,0.0,22.11,51.15,28.6,202.29,85.8,16.61,19.25,22.0,0.0,447.81
8.2794,0.0,0.0,0.0,0.0,0.0,0.0,0.0,0.0,19.69,39.6,25.74,216.15,99.77,18.92,20.68,23.43,0.0,463.98
8.2894,0.0,0.0,0.0,0.0,0.0,0.0,0.0,0.0,15.95,33.0,21.45,231.77,115.28,22.44,23.43,27.83,0.0,491.15
8.2994,0.0,0.0,0.0,0.0,0.0,0.0,0.0,0.0,12.32,21.45,17.16,242.33,128.15,35.53,31.68,30.8,0.0,519.42
8.3094,0.0,0.0,0.0,0.0,0.0,0.0,0.0,0.0,8.58,18.15,14.3,251.02,137.94,48.62,44.11,33.66,0.0,556.38
8.3194,0.0,0.0,0.0,0.0,0.0,0.0,0.0,0.0,8.58,13.2,11.44,254.54,149.27,66.22,55.11,35.2,0.0,593.56
8.3294,0.0,0.0,0.0,0.0,0.0,0.0,0.0,0.0,7.37,9.9,10.01,258.06,160.6,84.37,69.85,38.06,0.0,638.22
8.3394,0.0,0.0,0.0,0.0,0.0,0.0,0.0,0.0,6.16,8.25,7.15,259.82,170.39,100.98,84.81,41.03,0.0,678.59
8.3494,0.0,0.0,0.0,0.0,0.0,0.0,0.0,0.0,3.63,6.6,5.72,263.34,173.91,118.25,98.23,44.0,0.0,713.68
8.3594,0.0,0.0,0.0,0.0,0.0,0.0,0.0,0.0,2.42,4.95,0.0,263.34,182.93,139.15,110.22,44.0,0.0,747.01
8.3694,0.0,0.0,0.0,0.0,0.0,0.0,0.0,0.0,0.0,3.3,0.0,265.1,184.8,158.29,116.27,46.86,0.0,774.62
8.3794,0.0,0.0,0.0,0.0,0.0,0.0,0.0,0.0,0.0,4.95,2.86,263.34,186.56,175.67,125.51,48.4,0.0,807.29
8.3894,0.0,0.0,0.0,0.0,0.0,0.0,0.0,0.0,0.0,3.3,0.0,261.58,181.17,193.05,134.64,48.4,0.0,822.14
8.3994,0.0,0.0,0.0,0.0,0.0,0.0,0.0,2.75,0.0,4.95,0.0,256.3,168.74,206.91,139.26,46.86,2.75,823.02
8.4094,5.06,0.0,0.0,0.0,0.0,0.0,0.0,0.0,0.0,3.3,0.0,244.09,160.6,219.12,145.42,46.86,5.06,819.39
8.4194,6.82,0.0,0.0,0.0,0.0,0.0,0.0,0.0,0.0,4.95,2.86,226.49,150.92,233.53,148.39,46.86,6.82,814.0
8.4294,8.58,0.0,0.0,0.0,0.0,0.0,0.0,0.0,0.0,3.3,0.0,212.74,139.59,248.16,151.47,44.0,8.58,799.26
8.4394,13.75,0.0,0.0,0.0,0.0,0.0,0.0,0.0,0.0,4.95,0.0,191.95,128.15,257.29,156.09,46.86,13.75,785.29
8.4494,22.33,0.0,0.0,0.0,0.0,0.0,0.0,0.0,0.0,4.95,2.86,171.27,121.66,268.29,159.17,45.43,22.33,773.63
8.4594,34.43,0.0,0.0,0.0,0.0,0.0,0.0,0.0,0.0,4.95,0.0,154.99,113.63,279.4,159.17,46.86,34.43,759.0
8.4694,58.52,0.0,0.0,0.0,0.0,0.0,0.0,0.0,0.0,3.3,0.0,136.07,102.85,288.75,163.79,45.43,58.52,740.19
8.4794,87.78,0.0,0.0,0.0,0.0,0.0,0.0,0.0,0.0,3.3,0.0,123.42,95.04,292.6,160.71,44.0,87.78,719.07
8.4894,124.19,0.0,0.0,2.31,2.75,0.0,0.0,0.0,0.0,3.3,0.0,104.94,81.18,300.08,157.63,44.0,129.25,691.13
8.4994,164.34,8.03,6.82,3.52,4.18,0.0,0.0,0.0,0.0,0.0,0.0,87.01,68.75,300.08,153.01,42.46,186.89,651.31
8.5094,164.34,82.94,59.4,4.73,6.93,2.53,2.86,4.07,0.0,0.0,0.0,66.11,49.61,303.82,140.8,42.46,327.8,602.8
8.5194,155.54,99.22,106.04,7.04,9.68,5.17,2.86,5.5,0.0,3.3,0.0,39.82,34.76,290.73,113.19,42.46,391.05,524.26
8.5294,150.37,100.87,125.29,15.29,22.22,2.53,2.86,5.5,0.0,3.3,0.0,33.44,33.11,228.03,63.91,49.83,424.93,411.62
8.5394,143.33,100.87,130.24,30.69,41.8,5.17,5.72,8.25,0.0,3.3,0.0,27.06,29.81,163.57,31.68,71.06,466.07,326.48
8.5494,139.92,107.47,131.89,44.88,55.77,6.49,7.15,8.25,0.0,4.95,0.0,25.41,24.75,97.9,24.75,83.27,501.82,261.03
8.5594,139.92,112.42,131.89,54.34,64.57,6.49,8.69,9.57,0.0,3.3,0.0,22.22,19.8,41.47,23.43,69.52,527.89,179.74
8.5694,138.16,112.42,135.08,60.83,68.97,6.49,8.69,11.0,0.0,3.3,0.0,14.3,16.5,30.8,19.25,41.03,541.64,125.18
8.5794,141.57,117.37,138.38,66.55,74.8,7.81,10.12,11.0,0.0,0.0,0.0,12.65,9.9,17.71,13.75,29.26,567.6,83.27
8.5894,143.33,119.13,138.38,69.41,77.77,7.81,10.12,12.32,0.0,0.0,0.0,7.92,4.95,10.67,12.32,26.4,578.27,62.26
8.5994,141.57,120.78,136.73,70.84,80.74,7.81,10.12,11.0,0.0,0.0,0.0,7.92,3.3,8.25,9.57,11.66,579.59,40.7
8.6094,139.92,120.78,136.73,76.56,83.71,6.49,10.12,11.0,0.0,0.0,0.0,4.73,4.95,5.83,6.82,4.4,585.31,26.73
8.6194,136.4,117.37,135.08,79.42,85.14,7.81,10.12,11.0,0.0,0.0,0.0,4.73,3.3,5.83,2.75,2.86,582.34,19.47
8.6294,131.12,115.72,131.89,82.28,88.11,6.49,10.12,12.32,0.0,3.3,0.0,0.0,0.0,4.73,2.75,2.86,578.05,13.64
8.6394,125.84,109.12,126.94,85.14,89.54,6.49,11.55,12.32,0.0,0.0,0.0,4.73,3.3,5.83,0.0,0.0,566.94,13.86
8.6494,118.91,105.82,121.99,85.14,92.51,6.49,12.98,11.0,0.0,0.0,0.0,4.73,3.3,3.52,0.0,0.0,554.84,11.55
8.6594,111.87,97.68,113.85,89.43,93.94,7.81,12.98,11.0,0.0,0.0,0.0,0.0,0.0,3.52,4.07,2.86,538.56,10.45
8.6694,103.29,91.08,107.58,92.29,95.48,6.49,14.41,13.75,0.0,0.0,0.0,3.08,0.0,2.31,2.75,0.0,524.37,8.14
8.6794,94.71,84.48,99.77,95.15,99.88,7.81,18.81,13.75,0.0,0.0,0.0,3.08,0.0,3.52,0.0,0.0,514.36,6.6
8.6894,86.02,76.34,90.42,100.87,102.85,9.13,21.67,15.18,0.0,0.0,0.0,3.08,0.0,2.31,0.0,0.0,502.48,5.39
8.6994,79.2,69.74,84.26,105.16,105.71,9.13,26.07,15.18,0.0,0.0,0.0,3.08,0.0,0.0,2.75,0.0,494.45,5.83
8.7094,72.27,63.25,77.99,109.45,107.25,10.45,30.36,16.5,0.0,0.0,0.0,0.0,0.0,2.31,0.0,0.0,487.52,2.31
8.7194,65.34,56.65,73.37,117.04,110.22,11.77,33.22,17.93,0.0,0.0,0.0,0.0,0.0,0.0,0.0,0.0,485.54,0.0
8.7294,58.52,51.81,65.56,123.2,117.04,17.05,39.05,16.5,0.0,0.0,0.0,0.0,0.0,0.0,2.75,0.0,488.73,2.75
8.7394,53.35,46.97,59.4,127.82,120.45,20.9,47.74,19.25,0.0,0.0,0.0,0.0,0.0,0.0,0.0,0.0,495.88,0.0
8.7494,48.18,40.48,56.54,135.63,127.27,27.5,55.0,20.68,0.0,0.0,0.0,0.0,0.0,2.31,0.0,0.0,511.28,2.31
8.7594,41.25,35.64,48.29,143.33,132.33,35.42,63.8,23.43,0.0,0.0,0.0,0.0,0.0,0.0,0.0,0.0,523.49,0.0
8.7694,37.84,30.69,44.11,151.14,137.5,43.23,72.71,24.75,0.0,0.0,0.0,0.0,0.0,0.0,0.0,0.0,541.97,0.0
8.7794,34.43,25.85,38.61,155.76,144.32,51.15,80.19,26.18,0.0,0.0,0.0,0.0,0.0,0.0,0.0,0.0,556.49,0.0
8.7894,30.91,21.01,33.11,163.46,149.38,57.86,87.67,27.5,0.0,0.0,0.0,0.0,0.0,0.0,0.0,0.0,570.9,0.0
8.7994,25.74,14.52,27.61,169.73,152.79,67.76,98.12,27.5,0.0,0.0,0.0,0.0,0.0,0.0,0.0,0.0,583.77,0.0
8.8094,25.74,11.33,22.0,174.57,157.96,77.66,107.03,30.36,0.0,0.0,0.0,0.0,0.0,0.0,0.0,2.86,606.65,2.86
8.8194,22.33,6.38,17.93,179.52,163.02,86.13,114.62,30.36,0.0,0.0,0.0,0.0,0.0,0.0,0.0,0.0,620.29,0.0
8.8294,17.16,6.38,12.43,185.9,168.19,97.46,125.84,31.68,0.0,0.0,0.0,0.0,0.0,0.0,0.0,0.0,645.04,0.0
8.8394,13.75,6.38,12.43,192.39,175.12,108.79,137.17,34.43,0.0,0.0,0.0,0.0,0.0,0.0,0.0,0.0,680.46,0.0
8.8494,11.99,4.84,11.0,194.04,178.64,122.32,148.39,35.86,0.0,0.0,0.0,0.0,0.0,0.0,0.0,0.0,707.08,0.0
8.8594,8.58,6.38,11.0,197.23,180.4,137.61,161.26,37.18,0.0,0.0,0.0,0.0,0.0,0.0,0.0,0.0,739.64,0.0
8.8694,5.06,4.84,9.57,197.23,180.4,154.44,170.94,38.61,0.0,0.0,0.0,0.0,0.0,0.0,0.0,0.0,761.09,0.0
8.8794,3.41,3.19,6.82,198.88,182.05,168.41,184.8,39.93,0.0,0.0,0.0,0.0,0.0,0.0,0.0,0.0,787.49,0.0
8.8894,0.0,3.19,4.07,197.23,176.88,183.26,195.36,41.36,2.42,0.0,0.0,0.0,0.0,0.0,0.0,0.0,801.35,2.42
8.8994,0.0,0.0,4.07,194.04,168.19,196.57,205.81,42.68,2.42,0.0,0.0,0.0,0.0,0.0,0.0,0.0,811.36,2.42
8.9094,0.0,3.19,4.07,182.71,156.2,211.53,216.37,42.68,3.63,0.0,0.0,0.0,0.0,0.0,0.0,0.0,816.75,3.63
8.9194,0.0,3.19,4.07,168.19,147.73,224.84,225.06,44.11,4.84,0.0,0.0,0.0,0.0,0.0,0.0,0.0,817.19,4.84
8.9294,0.0,0.0,4.07,152.68,134.09,233.09,231.88,45.54,6.16,0.0,0.0,0.0,0.0,0.0,0.0,0.0,801.35,6.16
8.9394,0.0,0.0,0.0,132.55,120.45,242.99,236.94,46.86,11.0,0.0,0.0,0.0,0.0,0.0,0.0,0.0,779.79,11.0
8.9494,0.0,0.0,4.07,110.88,108.68,253.0,242.11,46.86,23.43,0.0,0.0,0.0,0.0,0.0,0.0,0.0,765.6,23.43
8.9594,0.0,0.0,2.75,93.72,96.91,259.6,245.52,51.04,41.91,0.0,0.0,0.0,0.0,0.0,0.0,0.0,749.54,41.91
8.9694,0.0,3.19,4.07,73.7,82.17,262.9,245.52,55.11,66.0,3.3,0.0,0.0,0.0,0.0,0.0,0.0,726.66,69.3
8.9794,0.0,3.19,2.75,54.34,66.0,262.9,242.11,59.4,106.15,4.95,0.0,0.0,0.0,0.0,0.0,0.0,690.69,111.1
8.9894,0.0,3.19,2.75,34.21,51.48,264.55,231.88,63.91,138.49,59.4,4.29,3.08,0.0,0.0,0.0,0.0,651.97,205.26
8.9994,0.0,3.19,2.75,17.71,32.01,247.94,211.09,68.31,135.63,126.61,55.77,4.73,4.95,2.31,2.75,2.86,583.0,335.61
9.0094,0.0,3.19,2.75,15.29,27.83,199.87,146.85,78.76,125.73,141.35,88.22,6.27,6.6,2.31,2.75,2.86,474.54,376.09
9.0194,0.0,3.19,2.75,12.98,22.22,139.15,86.13,104.17,124.3,146.3,97.46,19.03,8.25,3.52,5.5,5.83,370.59,410.19
9.0294,0.0,3.19,0.0,10.56,19.47,86.13,37.62,151.8,114.4,146.3,99.0,41.36,11.55,5.83,5.5,7.26,308.77,431.2
9.0394,0.0,3.19,0.0,8.25,15.29,28.82,27.5,134.75,107.47,143.0,102.19,61.71,24.75,7.04,8.25,10.23,217.8,464.64
9.0494,0.0,3.19,2.75,4.73,11.11,22.22,23.1,77.33,104.83,149.6,106.81,73.59,33.11,8.25,9.57,10.23,144.43,495.99
9.0594,0.0,3.19,0.0,3.52,6.93,15.73,15.84,45.54,106.15,152.9,109.89,81.07,41.36,8.25,9.57,11.66,90.75,520.85
9.0694,0.0,3.19,0.0,3.52,4.18,9.13,11.55,27.5,104.83,154.55,113.08,85.58,47.96,9.46,11.0,8.8,59.07,535.26
9.0794,0.0,0.0,0.0,2.31,4.18,7.81,8.69,11.0,102.08,152.9,114.51,92.95,56.21,8.25,12.32,11.66,33.99,550.88
9.0894,0.0,0.0,0.0,2.31,4.18,5.17,5.72,2.75,99.44,154.55,117.59,97.46,56.21,9.46,12.32,13.2,20.13,560.23
9.0994,0.0,0.0,0.0,0.0,2.75,3.85,5.72,0.0,98.12,156.2,114.51,101.97,62.59,10.67,11.0,13.2,12.32,568.26
9.1094,0.0,0.0,0.0,2.31,2.75,3.85,4.29,2.75,92.73,151.25,111.43,106.37,64.13,10.67,11.0,14.63,15.95,562.21
9.1194,0.0,0.0,0.0,0.0,2.75,3.85,2.86,0.0,88.77,147.95,105.27,109.34,64.13,10.67,11.0,14.63,9.46,551.76
9.1294,0.0,0.0,0.0,0.0,2.75,3.85,4.29,0.0,84.7,141.35,100.65,110.88,64.13,10.67,12.32,16.06,10.89,540.76
9.1394,0.0,0.0,0.0,0.0,0.0,2.53,2.86,0.0,79.31,136.51,92.84,113.96,64.13,9.46,13.75,16.06,5.39,526.02
9.1494,0.0,0.0,0.0,0.0,2.75,2.53,2.86,0.0,74.03,129.91,85.03,113.96,62.59,11.77,11.0,16.06,8.14,504.35
9.1594,0.0,0.0,0.0,0.0,0.0,0.0,2.86,0.0,67.32,123.31,80.41,120.23,65.67,11.77,11.0,13.2,2.86,492.91
9.1694,0.0,0.0,0.0,0.0,2.75,2.53,0.0,0.0,60.61,115.06,72.71,124.96,65.67,10.67,12.32,14.63,5.28,476.63
9.1794,0.0,0.0,0.0,0.0,0.0,0.0,2.86,0.0,55.44,107.14,67.98,128.15,67.21,11.77,12.32,14.63,2.86,464.64
9.1894,0.0,0.0,0.0,0.0,0.0,0.0,0.0,0.0,48.07,96.36,58.74,136.07,68.75,12.98,15.18,17.6,0.0,453.75
9.1994,0.0,0.0,0.0,0.0,0.0,0.0,0.0,0.0,43.12,91.74,55.77,142.34,70.29,10.67,15.18,16.06,0.0,445.17
9.2094,0.0,0.0,0.0,0.0,0.0,0.0,0.0,0.0,38.17,80.96,50.05,148.72,74.91,12.98,13.75,17.6,0.0,437.14
9.2194,0.0,0.0,0.0,0.0,0.0,0.0,0.0,0.0,33.22,74.8,45.76,156.53,78.1,12.98,15.18,19.03,0.0,435.6
9.2294,0.0,0.0,0.0,0.0,0.0,0.0,0.0,0.0,29.59,65.56,42.9,166.1,81.18,14.19,15.18,20.46,0.0,435.16
9.2394,0.0,0.0,0.0,0.0,0.0,0.0,0.0,0.0,25.85,59.4,38.61,174.68,88.88,16.61,15.18,19.03,0.0,438.24
9.2494,0.0,0.0,0.0,0.0,0.0,0.0,0.0,0.0,20.9,49.5,34.32,185.02,101.31,17.71,17.93,23.43,0.0,450.12
9.2594,0.0,0.0,0.0,0.0,0.0,0.0,0.0,0.0,18.48,42.9,31.46,197.12,109.01,17.71,20.68,23.43,0.0,460.79
9.2694,0.0,0.0,0.0,0.0,0.0,0.0,0.0,0.0,13.53,33.0,27.17,210.98,118.47,20.13,23.43,23.43,0.0,470.14
9.2794,0.0,0.0,0.0,0.0,0.0,0.0,0.0,0.0,12.32,28.05,22.88,219.56,131.45,23.65,26.18,27.83,0.0,491.92
9.2893,0.0,0.0,0.0,0.0,0.0,0.0,0.0,0.0,9.79,21.45,18.59,231.77,142.78,30.8,34.43,29.26,0.0,518.87
9.2993,0.0,0.0,0.0,0.0,0.0,0.0,0.0,0.0,8.58,14.85,14.3,244.09,150.92,43.89,45.54,29.26,0.0,551.43
9.3093,0.0,0.0,0.0,0.0,0.0,0.0,0.0,0.0,7.37,9.9,8.58,251.02,160.6,58.74,56.54,35.2,0.0,587.95
9.3193,0.0,0.0,0.0,0.0,0.0,0.0,0.0,0.0,7.37,11.55,7.15,258.06,168.74,79.86,68.31,38.06,0.0,639.1
9.3293,0.0,0.0,0.0,0.0,0.0,0.0,0.0,2.75,4.84,6.6,7.15,265.1,177.54,99.44,80.3,38.06,2.75,679.03
9.3393,0.0,0.0,0.0,0.0,0.0,0.0,0.0,0.0,3.63,8.25,5.72,270.38,184.8,116.49,93.72,42.46,0.0,725.45
9.3493,0.0,0.0,0.0,0.0,0.0,0.0,0.0,0.0,2.42,6.6,4.29,275.66,188.32,135.63,107.14,44.0,0.0,764.06
9.3593,0.0,0.0,0.0,0.0,0.0,0.0,0.0,0.0,0.0,6.6,2.86,279.07,191.95,156.53,114.73,45.43,0.0,797.17
9.3693,0.0,0.0,2.75,0.0,0.0,0.0,0.0,0.0,0.0,4.95,0.0,282.48,193.71,173.91,125.51,46.86,2.75,827.42
9.3793,0.0,0.0,0.0,0.0,0.0,0.0,0.0,0.0,0.0,3.3,0.0,282.48,186.56,193.05,134.64,48.4,0.0,848.43
9.3893,0.0,0.0,0.0,0.0,0.0,0.0,0.0,2.75,0.0,4.95,2.86,277.31,179.3,213.95,137.72,48.4,2.75,864.49
9.3993,0.0,0.0,0.0,0.0,0.0,0.0,0.0,0.0,0.0,3.3,2.86,268.62,163.9,226.27,145.42,48.4,0.0,858.77
9.4093,5.06,0.0,0.0,0.0,0.0,0.0,0.0,0.0,0.0,3.3,0.0,247.61,154.11,239.03,149.93,45.43,5.06,839.41
9.4193,8.58,0.0,0.0,0.0,0.0,0.0,0.0,0.0,0.0,3.3,0.0,226.49,141.13,253.66,154.55,46.86,8.58,825.99
9.4293,10.23,0.0,0.0,0.0,0.0,0.0,0.0,0.0,0.0,3.3,0.0,202.29,133.1,268.29,157.63,45.43,10.23,810.04
9.4393,18.92,0.0,0.0,0.0,0.0,0.0,0.0,0.0,0.0,3.3,0.0,174.68,123.31,279.4,162.25,44.0,18.92,786.94
9.4493,29.26,0.0,0.0,0.0,0.0,0.0,0.0,0.0,0.0,0.0,0.0,151.8,116.82,288.75,165.33,45.43,29.26,768.13
9.4593,53.35,0.0,0.0,0.0,0.0,0.0,0.0,0.0,0.0,3.3,0.0,126.61,109.01,296.34,165.33,45.43,53.35,746.02
9.4693,84.37,0.0,0.0,0.0,2.75,0.0,0.0,0.0,0.0,0.0,0.0,109.34,96.69,300.08,165.33,44.0,87.12,715.44
9.4793,125.84,3.19,0.0,2.31,0.0,0.0,0.0,0.0,0.0,3.3,0.0,87.01,82.72,303.82,160.71,44.0,131.34,681.56
9.4893,155.54,50.16,8.25,2.31,6.93,2.53,0.0,0.0,0.0,0.0,0.0,70.62,62.59,301.95,153.01,42.46,225.72,630.63
9.4993,153.89,87.78,65.56,7.04,9.68,3.85,4.29,2.75,0.0,3.3,0.0,43.01,39.71,296.34,133.1,44.0,334.84,559.46
9.5093,148.61,94.38,98.23,21.23,13.86,3.85,5.72,6.82,0.0,0.0,0.0,34.98,33.11,248.16,92.29,46.86,392.7,455.4
9.5193,145.09,97.68,109.12,34.21,27.83,5.17,7.15,5.5,0.0,0.0,0.0,31.79,31.46,182.6,48.29,57.2,431.75,351.34
9.5293,141.57,99.22,110.66,49.61,45.98,6.49,5.72,6.82,0.0,3.3,0.0,27.06,29.81,126.94,26.18,84.81,466.07,298.1
9.5393,136.4,102.52,112.2,62.26,57.2,6.49,8.69,9.57,0.0,0.0,0.0,23.87,23.1,60.28,20.68,86.35,495.33,214.28
9.5493,132.88,105.82,110.66,75.13,64.57,7.81,8.69,9.57,0.0,3.3,0.0,19.03,19.8,32.01,19.25,64.9,515.13,158.29
9.5593,131.12,109.12,109.12,85.14,73.37,7.81,7.15,11.0,0.0,0.0,0.0,15.84,13.2,23.65,15.18,41.03,533.83,108.9
9.5693,125.84,107.47,107.58,95.15,79.31,9.13,10.12,12.32,0.0,0.0,0.0,9.46,9.9,12.98,12.32,27.83,546.92,72.49
9.5793,124.19,110.77,102.85,102.3,83.71,7.81,8.69,12.32,0.0,3.3,0.0,7.92,4.95,8.25,9.57,17.6,552.64,51.59
9.5893,120.67,109.12,101.31,109.45,86.57,10.45,11.55,13.75,0.0,0.0,0.0,4.73,4.95,8.25,5.5,8.8,562.87,32.23
9.5993,115.39,107.47,96.69,118.58,92.51,10.45,11.55,13.75,0.0,0.0,0.0,6.27,3.3,4.73,5.5,4.4,566.39,24.2
9.6093,111.87,104.17,90.42,124.74,95.48,10.45,12.98,13.75,0.0,0.0,0.0,6.27,0.0,5.83,4.07,2.86,563.86,19.03
9.6193,108.46,102.52,87.34,130.9,96.91,10.45,12.98,15.18,0.0,0.0,0.0,4.73,0.0,4.73,4.07,4.4,564.74,17.93
9.6293,103.29,96.03,82.72,137.17,96.91,10.45,14.41,15.18,0.0,0.0,0.0,4.73,0.0,3.52,4.07,2.86,556.16,15.18
9.6393,96.36,92.73,74.91,140.25,98.34,11.77,14.41,15.18,0.0,0.0,0.0,4.73,0.0,3.52,0.0,2.86,543.95,11.11
9.6493,89.54,86.13,65.56,147.95,99.88,11.77,15.84,16.5,0.0,0.0,0.0,0.0,0.0,2.31,4.07,0.0,533.17,6.38
9.6593,82.61,79.64,59.4,157.3,102.85,10.45,17.38,16.5,0.0,0.0,0.0,3.08,0.0,3.52,4.07,2.86,526.13,13.53
9.6693,74.03,71.39,52.47,165.0,104.28,13.09,18.81,15.18,0.0,0.0,0.0,4.73,0.0,0.0,4.07,0.0,514.25,8.8
9.6793,65.34,61.6,45.54,174.57,105.71,15.73,20.24,16.5,0.0,0.0,0.0,0.0,0.0,2.31,2.75,2.86,505.23,7.92
9.6893,56.76,55.11,38.61,182.71,108.68,18.26,26.07,19.25,0.0,0.0,0.0,3.08,0.0,2.31,2.75,0.0,505.45,8.14
9.6993,49.94,48.62,34.43,190.85,111.87,24.86,28.93,19.25,0.0,0.0,0.0,0.0,0.0,2.31,0.0,0.0,508.75,2.31
9.7093,43.01,40.48,28.93,194.04,115.28,30.14,37.62,20.68,0.0,0.0,0.0,3.08,0.0,2.31,2.75,0.0,510.18,8.14
9.7193,39.6,33.99,24.86,202.18,120.45,37.95,43.45,23.43,0.0,0.0,0.0,3.08,0.0,0.0,2.75,0.0,525.91,5.83
9.7293,34.43,27.5,22.0,205.37,123.86,44.55,49.17,24.75,0.0,0.0,0.0,0.0,0.0,0.0,0.0,0.0,531.63,0.0
9.7393,29.26,21.01,17.93,207.02,130.68,53.79,57.86,23.43,0.0,0.0,0.0,0.0,0.0,0.0,2.75,0.0,540.98,2.75
9.7493,27.5,16.17,15.18,210.21,135.74,63.58,66.77,27.5,0.0,0.0,0.0,0.0,0.0,0.0,0.0,0.0,562.65,0.0
9.7593,24.09,11.33,12.43,211.86,144.32,72.05,75.79,28.93,0.0,0.0,0.0,0.0,0.0,0.0,2.75,0.0,580.8,2.75
9.7693,20.57,8.03,12.43,216.7,149.38,83.38,83.16,30.36,0.0,0.0,0.0,0.0,0.0,0.0,0.0,0.0,604.01,0.0
9.7793,17.16,8.03,11.0,218.35,154.55,90.42,93.61,28.93,0.0,0.0,0.0,0.0,0.0,0.0,0.0,0.0,622.05,0.0
9.7893,15.4,6.38,11.0,221.54,159.61,100.32,102.63,31.68,0.0,0.0,0.0,0.0,0.0,0.0,0.0,0.0,648.56,0.0
9.7993,13.75,6.38,8.25,223.19,163.02,110.22,114.62,33.11,0.0,0.0,0.0,0.0,0.0,0.0,0.0,0.0,672.54,0.0
9.8093,10.23,6.38,9.57,226.38,166.43,122.32,122.65,33.11,0.0,0.0,0.0,0.0,0.0,0.0,0.0,0.0,697.07,0.0
9.8193,6.82,6.38,9.57,227.92,169.84,136.07,133.98,34.43,0.0,0.0,0.0,0.0,0.0,0.0,0.0,0.0,725.01,0.0
9.8293,5.06,4.84,8.25,227.92,169.84,148.39,143.55,35.86,0.0,0.0,0.0,0.0,0.0,0.0,0.0,0.0,743.71,0.0
9.8393,3.41,4.84,5.5,227.92,168.19,160.6,153.23,37.18,0.0,0.0,0.0,0.0,0.0,0.0,0.0,0.0,760.87,0.0
9.8493,0.0,3.19,4.07,224.84,164.78,173.36,162.91,37.18,0.0,0.0,0.0,0.0,0.0,0.0,0.0,0.0,770.33,0.0
9.8593,0.0,3.19,4.07,221.54,157.96,186.67,170.94,38.61,6.16,0.0,0.0,0.0,0.0,0.0,0.0,0.0,782.98,6.16
9.8693,0.0,3.19,2.75,213.51,151.14,198.22,181.28,37.18,12.32,0.0,0.0,0.0,0.0,0.0,0.0,0.0,787.27,12.32
9.8793,0.0,0.0,2.75,200.53,144.32,209.88,191.84,37.18,6.16,0.0,0.0,0.0,0.0,0.0,0.0,0.0,786.5,6.16
9.8893,0.0,0.0,4.07,185.9,134.09,223.08,198.77,39.93,6.16,0.0,0.0,0.0,0.0,0.0,0.0,0.0,785.84,6.16
9.8993,0.0,3.19,2.75,169.73,125.51,233.09,207.57,39.93,6.16,0.0,0.0,0.0,0.0,0.0,0.0,0.0,781.77,6.16
9.9093,0.0,0.0,2.75,154.22,113.63,242.99,214.61,41.36,6.16,0.0,0.0,0.0,0.0,0.0,0.0,0.0,769.56,6.16
9.9193,0.0,0.0,2.75,135.63,105.71,249.59,219.89,42.68,8.58,0.0,0.0,0.0,0.0,0.0,0.0,0.0,756.25,8.58
9.9293,0.0,3.19,0.0,115.5,93.94,256.3,223.41,44.11,15.95,0.0,0.0,0.0,0.0,0.0,0.0,0.0,736.45,15.95
9.9393,0.0,0.0,2.75,99.44,80.74,261.25,226.71,46.86,29.59,0.0,0.0,0.0,0.0,0.0,0.0,0.0,717.75,29.59
9.9493,0.0,0.0,2.75,80.85,70.4,266.2,225.06,49.61,50.49,0.0,0.0,0.0,0.0,0.0,0.0,0.0,694.87,50.49
9.9593,0.0,3.19,0.0,62.26,57.2,269.5,219.89,52.36,84.7,3.3,2.86,3.08,0.0,0.0,0.0,0.0,664.4,93.94
9.9693,0.0,3.19,0.0,44.88,41.8,269.5,211.09,56.54,121.44,67.1,7.15,4.73,0.0,0.0,0.0,0.0,627.0,200.42
9.9793,0.0,3.19,2.75,24.75,27.83,259.6,181.28,62.37,125.73,128.26,60.28,7.92,4.95,2.31,4.07,0.0,561.77,333.52
9.9893,0.0,3.19,0.0,18.92,25.08,218.13,124.3,78.76,117.26,141.35,100.65,28.6,9.9,4.73,5.5,5.83,468.38,413.82
9.9993,0.0,0.0,2.75,16.5,22.22,148.39,66.77,104.17,121.44,151.25,108.35,49.39,14.85,5.83,9.57,10.23,360.8,470.91
10.0093,0.0,3.19,2.75,14.19,19.47,96.03,33.22,136.29,106.15,143.0,106.81,70.62,34.76,8.25,11.0,10.23,305.14,490.82
10.0193,0.0,3.19,0.0,10.56,15.29,34.1,26.07,116.27,98.12,139.7,105.27,88.55,51.26,9.46,12.32,14.63,205.48,519.31
10.0293,0.0,3.19,0.0,5.83,11.11,22.22,20.24,66.88,95.48,141.35,106.81,97.46,61.05,10.67,11.0,14.63,129.47,538.45
10.0393,0.0,3.19,0.0,4.73,8.36,15.73,14.41,41.36,94.05,141.35,108.35,107.91,68.75,11.77,13.75,14.63,87.78,560.56
10.0493,0.0,3.19,0.0,4.73,5.5,9.13,10.12,26.18,91.41,139.7,108.35,112.42,76.45,12.98,12.32,16.06,58.85,569.69
10.0593,0.0,0.0,0.0,4.73,4.18,7.81,5.72,13.75,88.77,139.7,109.89,120.23,79.64,11.77,13.75,16.06,36.19,579.81
10.0693,0.0,0.0,0.0,3.52,2.75,5.17,5.72,2.75,86.02,138.16,109.89,124.96,85.8,12.98,13.75,17.6,19.91,589.16
10.0793,0.0,0.0,0.0,3.52,4.18,5.17,2.86,2.75,80.74,131.56,106.81,131.34,93.5,12.98,16.5,17.6,18.48,591.03
10.0893,0.0,0.0,0.0,3.52,2.75,3.85,2.86,0.0,75.35,126.61,102.19,132.88,98.23,14.19,16.5,17.6,12.98,583.55
10.0993,0.0,0.0,0.0,3.52,2.75,2.53,4.29,0.0,71.28,124.96,100.65,136.07,99.77,14.19,13.75,19.03,13.09,579.7
10.1093,0.0,0.0,0.0,0.0,2.75,3.85,2.86,0.0,66.0,116.71,94.38,136.07,104.39,12.98,15.18,17.6,9.46,563.31
10.1193,0.0,0.0,0.0,0.0,0.0,2.53,2.86,0.0,60.61,108.68,89.76,139.15,104.39,12.98,15.18,19.03,5.39,549.78
10.1293,0.0,0.0,0.0,2.31,0.0,2.53,2.86,0.0,55.44,100.98,85.03,137.61,104.39,15.4,17.93,17.6,7.7,534.38
10.1393,0.0,0.0,0.0,2.31,0.0,2.53,0.0,0.0,50.49,93.28,78.87,142.34,107.47,12.98,17.93,20.46,4.84,523.82
10.1493,0.0,0.0,0.0,2.31,0.0,2.53,0.0,0.0,46.86,84.04,74.25,143.99,110.55,12.98,17.93,22.0,4.84,512.6
10.1593,0.0,0.0,0.0,0.0,0.0,2.53,0.0,0.0,41.91,77.88,69.52,147.07,113.63,14.19,17.93,20.46,2.53,502.59
10.1693,0.0,0.0,0.0,0.0,0.0,0.0,0.0,0.0,36.96,71.72,64.9,148.72,115.28,16.61,19.25,22.0,0.0,495.44
10.1793,0.0,0.0,0.0,0.0,0.0,0.0,0.0,0.0,33.22,65.56,60.28,151.8,118.47,16.61,17.93,23.43,0.0,487.3
10.1893,0.0,0.0,0.0,0.0,0.0,2.53,0.0,0.0,29.59,59.4,57.2,154.99,123.31,17.71,19.25,22.0,2.53,483.45
10.1993,0.0,0.0,0.0,0.0,0.0,0.0,0.0,0.0,25.85,51.15,52.91,159.72,129.8,15.4,22.0,23.43,0.0,480.26
10.2093,0.0,0.0,0.0,0.0,0.0,0.0,0.0,0.0,22.11,44.55,47.19,164.45,133.1,17.71,24.75,23.43,0.0,477.29
10.2193,0.0,0.0,0.0,0.0,0.0,0.0,0.0,0.0,19.69,39.6,44.33,171.27,139.59,17.71,26.18,24.86,0.0,483.23
10.2293,0.0,0.0,0.0,0.0,0.0,0.0,0.0,0.0,17.16,36.3,40.04,176.44,144.43,21.34,28.93,24.86,0.0,489.5
10.2393,0.0,0.0,0.0,0.0,0.0,0.0,0.0,0.0,14.74,28.05,37.18,183.37,150.92,22.44,37.18,29.26,0.0,503.14
10.2493,0.0,0.0,0.0,0.0,0.0,0.0,0.0,0.0,13.53,24.75,31.46,190.19,155.76,27.28,44.11,29.26,0.0,516.34
10.2593,0.0,0.0,0.0,0.0,0.0,0.0,0.0,0.0,11.0,18.15,25.74,198.88,163.9,33.22,49.61,30.8,0.0,531.3
10.2693,0.0,0.0,0.0,0.0,0.0,0.0,0.0,0.0,11.0,14.85,21.45,204.05,173.91,41.47,57.97,32.23,0.0,556.93
10.2793,0.0,0.0,0.0,0.0,0.0,0.0,0.0,0.0,8.58,8.25,12.87,212.74,182.93,53.35,68.31,35.2,0.0,582.23
10.2893,0.0,0.0,0.0,0.0,0.0,0.0,0.0,0.0,6.16,6.6,8.58,219.56,193.71,66.22,81.84,35.2,0.0,617.87
10.2993,0.0,0.0,0.0,0.0,0.0,0.0,0.0,0.0,6.16,8.25,8.58,226.49,200.97,82.83,93.72,38.06,0.0,665.06
10.3093,0.0,0.0,0.0,0.0,0.0,0.0,0.0,0.0,4.84,8.25,5.72,231.77,208.12,99.44,102.74,39.6,0.0,700.48
10.3193,0.0,0.0,0.0,0.0,0.0,0.0,0.0,0.0,3.63,4.95,5.72,240.57,211.75,113.08,114.73,42.46,0.0,736.89
10.3293,0.0,0.0,0.0,0.0,0.0,0.0,0.0,0.0,0.0,6.6,4.29,244.09,215.38,132.22,127.05,45.43,0.0,775.06
10.3393,3.41,0.0,0.0,0.0,0.0,0.0,0.0,0.0,0.0,4.95,2.86,244.09,220.77,151.36,137.72,46.86,3.41,808.61
10.3493,8.58,0.0,0.0,0.0,0.0,0.0,0.0,0.0,0.0,3.3,2.86,247.61,220.77,168.74,146.96,46.86,8.58,837.1
10.3593,13.75,0.0,0.0,0.0,0.0,0.0,0.0,0.0,0.0,4.95,2.86,245.85,215.38,184.36,153.01,45.43,13.75,851.84
10.3693,13.75,0.0,0.0,0.0,0.0,0.0,0.0,0.0,0.0,4.95,2.86,235.29,204.6,198.22,156.09,46.86,13.75,848.87
10.3793,17.16,0.0,0.0,0.0,0.0,0.0,0.0,0.0,0.0,0.0,0.0,226.49,190.19,210.43,162.25,46.86,17.16,836.22
10.3893,22.33,0.0,0.0,0.0,0.0,0.0,0.0,0.0,0.0,3.3,0.0,205.81,175.78,226.27,165.33,45.43,22.33,821.92
10.3993,32.67,0.0,0.0,0.0,0.0,0.0,0.0,0.0,0.0,0.0,0.0,183.37,165.44,239.03,171.71,45.43,32.67,804.98
10.4093,46.42,0.0,0.0,0.0,0.0,0.0,0.0,0.0,0.0,3.3,0.0,159.72,154.11,248.16,176.66,44.0,46.42,785.95
10.4193,63.69,0.0,0.0,0.0,2.75,0.0,0.0,0.0,0.0,3.3,0.0,134.42,145.97,259.16,179.85,44.0,66.44,766.7
10.4293,80.85,0.0,0.0,2.31,0.0,0.0,0.0,0.0,0.0,0.0,0.0,117.15,133.1,264.66,183.15,44.0,83.16,742.06
10.4393,110.22,0.0,0.0,2.31,0.0,0.0,0.0,0.0,0.0,3.3,0.0,95.92,126.61,266.42,181.5,42.46,112.53,716.21
10.4493,145.09,8.03,8.25,3.52,4.18,2.53,0.0,0.0,0.0,0.0,0.0,75.13,110.55,266.42,181.5,39.6,171.6,673.2
10.4593,148.61,61.6,49.72,5.83,9.68,2.53,4.29,2.75,0.0,0.0,0.0,55.77,90.42,262.79,178.2,42.46,285.01,629.64
10.4693,146.85,73.04,81.07,12.98,11.11,3.85,4.29,4.07,0.0,0.0,0.0,34.98,64.13,255.53,163.79,38.06,337.26,556.49
10.4793,143.33,76.34,90.42,23.65,19.47,5.17,4.29,6.82,0.0,3.3,0.0,28.6,41.36,215.6,125.51,42.46,369.49,456.83
10.4893,141.57,84.48,95.15,37.84,34.76,5.17,4.29,5.5,0.0,3.3,0.0,27.06,34.76,151.36,71.39,54.23,408.76,342.1
10.4993,141.57,91.08,98.23,49.61,41.8,6.49,5.72,8.25,0.0,0.0,0.0,25.41,29.81,99.44,33.11,95.48,442.75,283.25
10.5093,145.09,97.68,102.85,57.97,47.3,5.17,5.72,8.25,0.0,3.3,0.0,20.68,26.4,41.47,22.0,110.88,470.03,224.73
10.5193,150.37,100.87,107.58,63.69,51.48,6.49,7.15,8.25,0.0,3.3,0.0,14.3,19.8,27.28,19.25,78.65,495.88,162.58
10.5293,153.89,107.47,112.2,67.98,52.91,6.49,7.15,8.25,0.0,3.3,0.0,12.65,14.85,17.71,16.5,45.43,516.34,110.44
10.5393,155.54,112.42,112.2,73.7,55.77,6.49,7.15,9.57,0.0,0.0,0.0,7.92,9.9,11.77,12.32,27.83,532.84,69.74
10.5493,155.54,115.72,115.39,76.56,58.63,6.49,8.69,8.25,0.0,3.3,0.0,6.27,6.6,9.46,9.57,14.63,545.27,49.83
10.5593,153.89,115.72,117.04,82.28,60.17,6.49,7.15,9.57,0.0,0.0,0.0,6.27,4.95,9.46,5.5,5.83,552.31,32.01
10.5693,152.13,117.37,115.39,86.57,64.57,6.49,7.15,9.57,0.0,0.0,0.0,4.73,4.95,7.04,5.5,2.86,559.24,25.08
10.5793,148.61,115.72,115.39,90.86,68.97,6.49,8.69,11.0,0.0,0.0,0.0,3.08,4.95,4.73,4.07,2.86,565.73,19.69
10.5893,143.33,112.42,112.2,96.58,68.97,6.49,7.15,11.0,0.0,0.0,0.0,3.08,4.95,4.73,5.5,2.86,558.14,21.12
10.5993,138.16,109.12,106.04,98.01,70.4,7.81,8.69,12.32,0.0,0.0,0.0,3.08,3.3,2.31,2.75,0.0,550.55,11.44
10.6093,132.88,105.82,101.31,105.16,76.34,5.17,8.69,12.32,0.0,0.0,0.0,3.08,0.0,4.73,0.0,0.0,547.69,7.81
10.6193,124.19,102.52,95.15,110.88,76.34,9.13,8.69,11.0,0.0,0.0,0.0,0.0,3.3,2.31,2.75,2.86,537.9,11.22
10.6293,117.15,96.03,90.42,115.5,79.31,7.81,10.12,12.32,0.0,0.0,0.0,3.08,3.3,2.31,2.75,2.86,528.66,14.3
10.6393,106.7,87.78,82.72,123.2,83.71,6.49,11.55,12.32,0.0,0.0,0.0,3.08,0.0,2.31,2.75,0.0,514.47,8.14
10.6493,99.88,82.94,76.45,129.36,85.14,7.81,11.55,11.0,0.0,0.0,0.0,0.0,0.0,2.31,2.75,0.0,504.13,5.06
10.6593,91.19,71.39,68.64,138.71,88.11,10.45,12.98,13.75,0.0,0.0,0.0,0.0,0.0,3.52,0.0,0.0,495.22,3.52
10.6693,82.61,66.55,64.02,144.87,92.51,10.45,12.98,13.75,0.0,0.0,0.0,0.0,0.0,2.31,0.0,0.0,487.74,2.31
10.6793,75.68,59.95,59.4,152.68,99.88,10.45,15.84,15.18,0.0,0.0,0.0,0.0,0.0,2.31,2.75,2.86,489.06,7.92
10.6893,67.1,53.46,55.22,158.84,102.85,14.41,21.67,16.5,0.0,0.0,0.0,0.0,0.0,2.31,2.75,2.86,490.05,7.92
10.6993,60.17,45.32,51.04,165.0,107.25,19.58,26.07,16.5,0.0,0.0,0.0,0.0,0.0,0.0,0.0,0.0,490.93,0.0
10.7093,53.35,38.83,45.54,168.19,113.63,27.5,33.22,17.93,0.0,0.0,0.0,0.0,0.0,0.0,0.0,2.86,498.19,2.86
10.7192,48.18,30.69,41.36,176.22,123.86,36.74,43.45,19.25,0.0,0.0,0.0,0.0,0.0,0.0,0.0,2.86,519.75,2.86
10.7292,41.25,25.85,35.86,182.71,130.68,45.87,52.14,23.43,0.0,0.0,0.0,0.0,0.0,0.0,2.75,2.86,537.79,5.61
10.7392,36.08,19.36,31.68,185.9,140.91,55.11,65.34,24.75,0.0,0.0,0.0,0.0,0.0,2.31,0.0,2.86,559.13,5.17
10.7492,32.67,12.87,26.18,189.2,147.73,67.76,77.22,27.5,0.0,0.0,0.0,0.0,0.0,0.0,2.75,0.0,581.13,2.75
10.7592,27.5,9.68,20.68,192.39,159.61,81.95,92.18,27.5,0.0,0.0,0.0,0.0,0.0,0.0,0.0,0.0,611.49,0.0
10.7692,24.09,6.38,16.5,194.04,169.84,91.85,104.06,28.93,0.0,0.0,0.0,0.0,0.0,0.0,0.0,2.86,635.69,2.86
10.7792,20.57,6.38,12.43,198.88,175.12,101.75,114.62,30.36,0.0,0.0,0.0,0.0,0.0,0.0,0.0,0.0,660.11,0.0
10.7892,17.16,4.84,11.0,202.18,183.81,116.16,127.49,31.68,0.0,0.0,0.0,0.0,0.0,0.0,0.0,0.0,694.32,0.0
10.7992,13.75,4.84,9.57,202.18,190.85,128.48,142.01,34.43,0.0,0.0,0.0,0.0,0.0,0.0,0.0,0.0,726.11,0.0
10.8092,10.23,4.84,9.57,202.18,192.61,143.77,153.23,35.86,0.0,0.0,0.0,0.0,0.0,0.0,0.0,0.0,752.29,0.0
10.8192,6.82,3.19,8.25,202.18,194.26,157.52,166.1,37.18,0.0,0.0,0.0,0.0,0.0,0.0,0.0,0.0,775.5,0.0
10.8292,3.41,3.19,6.82,198.88,192.61,171.71,177.76,35.86,8.58,0.0,0.0,0.0,0.0,0.0,0.0,0.0,790.24,8.58
10.8392,0.0,3.19,4.07,192.39,189.09,184.91,188.32,38.61,12.32,0.0,0.0,0.0,0.0,0.0,0.0,2.86,800.58,15.18
10.8492,0.0,3.19,4.07,182.71,180.4,199.87,197.12,39.93,8.58,0.0,0.0,0.0,0.0,0.0,0.0,0.0,807.29,8.58
10.8592,0.0,3.19,4.07,168.19,171.6,211.53,209.33,41.36,12.32,0.0,0.0,0.0,0.0,0.0,0.0,0.0,809.27,12.32
10.8692,0.0,3.19,4.07,152.68,159.61,226.49,219.89,42.68,13.53,0.0,0.0,0.0,0.0,0.0,0.0,0.0,808.61,13.53
10.8792,0.0,0.0,0.0,132.55,147.73,234.74,226.71,44.11,18.48,0.0,0.0,0.0,0.0,0.0,0.0,0.0,785.84,18.48
10.8892,0.0,0.0,4.07,112.42,135.74,244.64,235.29,44.11,24.64,0.0,0.0,0.0,0.0,0.0,0.0,0.0,776.27,24.64
10.8992,0.0,0.0,2.75,98.01,122.1,253.0,243.76,45.54,38.17,0.0,0.0,0.0,0.0,0.0,0.0,0.0,765.16,38.17
10.9092,0.0,0.0,2.75,83.71,110.22,257.95,247.17,48.29,57.97,0.0,0.0,0.0,0.0,0.0,0.0,0.0,750.09,57.97
10.9192,0.0,3.19,2.75,65.12,96.91,257.95,247.17,48.29,82.06,0.0,0.0,3.08,0.0,0.0,0.0,0.0,721.38,85.14
10.9292,0.0,3.19,2.75,48.4,80.74,257.95,245.52,52.36,117.26,51.15,10.01,3.08,3.3,0.0,0.0,0.0,690.91,184.8
10.9392,0.0,3.19,0.0,29.48,61.6,254.65,236.94,56.54,115.83,107.14,52.91,6.27,6.6,2.31,2.75,0.0,642.4,293.81
10.9492,0.0,3.19,2.75,17.71,34.76,233.09,218.13,62.37,110.22,118.36,81.95,7.92,8.25,0.0,4.07,2.86,572.0,333.63
10.9592,0.0,3.19,2.75,15.29,27.83,176.66,153.23,77.33,106.15,120.01,83.49,12.65,11.55,3.52,5.5,5.83,456.28,348.7
10.9692,0.0,3.19,2.75,11.77,23.65,122.32,89.21,108.57,99.44,120.01,85.03,28.6,18.15,5.83,6.82,8.8,361.46,372.68
10.9792,0.0,4.84,2.75,9.46,19.47,67.76,37.62,157.96,98.12,126.61,88.22,41.36,24.75,7.04,8.25,8.8,299.86,403.15
10.9892,0.0,3.19,0.0,7.04,16.72,26.18,26.07,140.91,100.76,133.21,94.38,52.58,31.46,8.25,11.0,10.23,220.11,441.87
10.9992,0.0,0.0,0.0,4.73,12.54,22.22,23.1,75.79,104.83,143.0,100.65,58.74,41.36,8.25,11.0,10.23,138.38,478.06
11.0092,0.0,3.19,0.0,0.0,8.36,14.41,15.84,44.11,104.83,146.3,105.27,64.68,43.01,8.25,11.0,8.8,85.91,492.14
11.0192,0.0,0.0,0.0,0.0,6.93,9.13,10.12,30.36,104.83,151.25,106.81,67.65,49.61,8.25,11.0,10.23,56.54,509.63
11.0292,0.0,0.0,0.0,2.31,4.18,6.49,8.69,15.18,103.51,152.9,109.89,76.56,51.26,9.46,12.32,13.2,36.85,529.1
11.0392,0.0,0.0,0.0,2.31,4.18,5.17,5.72,2.75,102.08,156.2,111.43,84.04,54.56,10.67,12.32,14.63,20.13,545.93
11.0492,0.0,0.0,0.0,0.0,4.18,5.17,5.72,0.0,98.12,154.55,109.89,88.55,59.51,10.67,11.0,13.2,15.07,545.49
11.0592,0.0,0.0,0.0,0.0,4.18,3.85,5.72,2.75,94.05,151.25,105.27,94.49,64.13,10.67,13.75,14.63,16.5,548.24
11.0692,0.0,0.0,0.0,2.31,2.75,3.85,4.29,0.0,87.34,144.65,99.0,99.0,67.21,11.77,11.0,14.63,13.2,534.6
11.0792,0.0,0.0,0.0,2.31,2.75,3.85,4.29,0.0,82.06,139.7,94.38,103.4,67.21,10.67,13.75,14.63,13.2,525.8
11.0892,0.0,0.0,0.0,2.31,2.75,2.53,0.0,0.0,75.35,133.21,91.3,107.91,67.21,10.67,13.75,16.06,7.59,515.46
11.0992,0.0,0.0,0.0,2.31,0.0,0.0,2.86,0.0,71.28,124.96,85.03,110.88,68.75,11.77,13.75,16.06,5.17,502.48
11.1092,0.0,0.0,0.0,2.31,0.0,2.53,2.86,0.0,66.0,118.36,80.41,115.5,70.29,11.77,12.32,14.63,7.7,489.28
11.1192,0.0,0.0,0.0,0.0,0.0,0.0,0.0,0.0,59.29,107.14,74.25,118.69,74.91,12.98,12.32,16.06,0.0,475.64
11.1292,0.0,0.0,0.0,0.0,0.0,0.0,2.86,0.0,54.23,100.98,71.06,121.88,76.45,10.67,13.75,16.06,2.86,465.08
11.1392,0.0,0.0,0.0,0.0,0.0,2.53,0.0,0.0,49.28,91.74,66.44,128.15,79.64,12.98,12.32,17.6,2.53,458.15
11.1492,0.0,0.0,0.0,0.0,0.0,0.0,0.0,0.0,43.12,80.96,61.82,134.42,82.72,14.19,16.5,19.03,0.0,452.76
11.1592,0.0,0.0,0.0,0.0,0.0,0.0,0.0,0.0,38.17,71.72,57.2,142.34,88.88,14.19,15.18,19.03,0.0,446.71
11.1692,0.0,0.0,0.0,0.0,0.0,0.0,0.0,0.0,34.43,65.56,50.05,150.26,90.42,14.19,17.93,20.46,0.0,443.3
11.1792,0.0,0.0,0.0,0.0,0.0,0.0,0.0,0.0,29.59,54.45,45.76,161.26,101.31,16.61,16.5,20.46,0.0,445.94
11.1892,0.0,0.0,0.0,0.0,0.0,0.0,0.0,0.0,25.85,47.85,41.47,171.27,109.01,16.61,19.25,22.0,0.0,453.31
11.1992,0.0,0.0,0.0,0.0,0.0,0.0,0.0,0.0,22.11,37.95,35.75,181.61,120.12,17.71,22.0,24.86,0.0,462.11
11.2092,0.0,0.0,0.0,0.0,0.0,0.0,0.0,0.0,18.48,29.7,30.03,195.47,128.15,21.34,24.75,27.83,0.0,475.75
11.2192,0.0,0.0,0.0,0.0,0.0,0.0,0.0,0.0,15.95,21.45,24.31,209.22,137.94,28.38,34.43,29.26,0.0,500.94
11.2292,0.0,0.0,0.0,0.0,0.0,0.0,0.0,2.75,12.32,18.15,18.59,216.15,149.27,41.47,41.36,29.26,2.75,526.57
11.2392,0.0,0.0,0.0,0.0,0.0,0.0,0.0,0.0,9.79,11.55,12.87,226.49,158.95,54.56,55.11,35.2,0.0,564.52
11.2492,0.0,0.0,0.0,0.0,0.0,0.0,0.0,2.75,7.37,8.25,10.01,237.05,165.44,73.81,66.88,36.63,2.75,605.44
11.2592,0.0,0.0,0.0,0.0,0.0,0.0,0.0,0.0,7.37,9.9,8.58,240.57,175.78,91.96,80.3,38.06,0.0,652.52
11.2692,0.0,0.0,0.0,0.0,0.0,0.0,0.0,0.0,4.84,8.25,5.72,244.09,184.8,110.0,93.72,41.03,0.0,692.45
11.2792,0.0,0.0,0.0,0.0,0.0,0.0,0.0,0.0,2.42,8.25,0.0,245.85,190.19,128.7,105.71,45.43,0.0,726.55
11.2892,0.0,0.0,0.0,0.0,0.0,0.0,0.0,0.0,2.42,6.6,4.29,249.37,197.34,147.84,117.81,44.0,0.0,769.67
11.2992,5.06,0.0,0.0,0.0,0.0,0.0,0.0,0.0,0.0,6.6,2.86,251.02,195.58,166.98,128.59,45.43,5.06,797.06
11.3092,15.4,0.0,0.0,0.0,0.0,0.0,0.0,0.0,0.0,4.95,2.86,249.37,197.34,184.36,136.18,48.4,15.4,823.46
11.3192,13.75,0.0,0.0,0.0,0.0,0.0,0.0,0.0,0.0,4.95,2.86,244.09,191.95,199.98,143.88,46.86,13.75,834.57
11.3292,15.4,0.0,0.0,0.0,0.0,0.0,0.0,0.0,0.0,3.3,0.0,233.53,179.3,212.19,148.39,46.86,15.4,823.57
11.3392,17.16,0.0,0.0,0.0,0.0,0.0,0.0,0.0,0.0,4.95,2.86,219.56,168.74,226.27,156.09,45.43,17.16,823.9
11.3492,18.92,0.0,0.0,0.0,0.0,0.0,0.0,0.0,0.0,4.95,2.86,202.29,157.41,240.9,157.63,46.86,18.92,812.9
11.3592,24.09,0.0,0.0,0.0,0.0,0.0,0.0,0.0,0.0,3.3,0.0,179.85,149.27,250.03,162.25,44.0,24.09,788.7
11.3692,34.43,0.0,0.0,0.0,0.0,0.0,0.0,0.0,0.0,4.95,0.0,154.99,142.78,262.79,168.52,44.0,34.43,778.03
11.3792,48.18,0.0,0.0,0.0,0.0,0.0,0.0,0.0,0.0,0.0,0.0,136.07,137.94,268.29,171.71,44.0,48.18,758.01
11.3892,68.86,0.0,0.0,0.0,2.75,0.0,0.0,0.0,0.0,0.0,0.0,117.15,129.8,279.4,170.17,39.6,71.61,736.12
11.3992,91.19,0.0,0.0,0.0,2.75,0.0,0.0,0.0,0.0,3.3,0.0,99.0,120.12,279.4,175.01,42.46,93.94,719.29
11.4092,125.84,0.0,0.0,2.31,2.75,0.0,0.0,0.0,0.0,3.3,0.0,78.1,107.47,279.4,173.36,42.46,130.9,684.09
11.4192,155.54,51.81,24.86,3.52,6.93,2.53,2.86,2.75,0.0,0.0,0.0,60.17,85.8,283.14,165.33,41.03,250.8,635.47
11.4292,150.37,82.94,84.26,4.73,11.11,2.53,4.29,4.07,0.0,3.3,0.0,36.63,59.51,275.66,154.55,38.06,344.3,567.71
11.4392,143.33,91.08,110.66,15.29,13.86,5.17,5.72,4.07,0.0,0.0,2.86,30.25,41.36,231.77,117.81,41.03,389.18,465.08
11.4492,139.92,94.38,117.04,28.38,34.76,3.85,7.15,6.82,0.0,0.0,0.0,28.6,36.41,163.57,63.91,55.77,432.3,348.26
11.4592,132.88,96.03,117.04,47.3,52.91,5.17,7.15,9.57,0.0,0.0,0.0,25.41,29.81,111.54,27.5,90.97,468.05,285.23
11.4692,129.36,100.87,121.99,60.83,66.0,7.81,8.69,9.57,0.0,3.3,0.0,20.68,24.75,43.89,22.0,104.72,505.12,219.34
11.4792,127.6,105.82,125.29,70.84,74.8,7.81,10.12,11.0,0.0,4.95,0.0,15.84,19.8,27.28,17.93,78.65,533.28,164.45
11.4892,127.6,109.12,128.59,76.56,80.74,9.13,10.12,12.32,0.0,4.95,0.0,9.46,13.2,20.13,15.18,46.86,554.18,109.78
11.4992,127.6,110.77,128.59,86.57,86.57,9.13,10.12,12.32,0.0,0.0,0.0,4.73,8.25,11.77,12.32,29.26,571.67,66.33
11.5092,127.6,112.42,125.29,90.86,89.54,9.13,12.98,13.75,0.0,0.0,0.0,4.73,4.95,9.46,9.57,17.6,581.57,46.31
11.5192,124.19,110.77,125.29,96.58,91.08,10.45,12.98,13.75,0.0,0.0,0.0,4.73,3.3,8.25,5.5,5.83,585.09,27.61
11.5292,122.43,110.77,120.34,102.3,95.48,10.45,14.41,12.32,0.0,0.0,0.0,4.73,3.3,5.83,4.07,2.86,588.5,20.79
11.5392,115.39,105.82,115.39,109.45,98.34,10.45,15.84,15.18,0.0,0.0,0.0,0.0,0.0,5.83,4.07,2.86,585.86,12.76
11.5492,111.87,104.17,106.04,110.88,99.88,11.77,17.38,15.18,0.0,0.0,0.0,3.08,0.0,4.73,4.07,2.86,577.17,14.74
11.5592,105.05,99.22,98.23,118.58,101.31,11.77,17.38,15.18,0.0,0.0,0.0,3.08,3.3,4.73,4.07,2.86,566.72,18.04
11.5692,98.12,92.73,91.96,124.74,102.85,11.77,17.38,13.75,0.0,0.0,0.0,3.08,0.0,3.52,4.07,2.86,553.3,13.53
11.5792,89.54,84.48,82.72,129.36,102.85,13.09,20.24,16.5,0.0,0.0,0.0,0.0,0.0,2.31,2.75,2.86,538.78,7.92
11.5892,82.61,77.99,73.37,135.63,102.85,14.41,21.67,16.5,0.0,0.0,0.0,3.08,0.0,3.52,2.75,0.0,525.03,9.35
11.5992,74.03,69.74,64.02,143.33,102.85,14.41,23.1,17.93,0.0,0.0,0.0,3.08,0.0,2.31,0.0,2.86,509.41,8.25
11.6092,67.1,63.25,57.97,151.14,104.28,18.26,26.07,17.93,0.0,0.0,0.0,0.0,0.0,2.31,2.75,0.0,506.0,5.06
11.6192,58.52,56.65,51.04,158.84,105.71,20.9,30.36,17.93,0.0,0.0,0.0,0.0,0.0,2.31,2.75,2.86,499.95,7.92
11.6292,53.35,48.62,45.54,166.54,108.68,26.18,33.22,19.25,0.0,0.0,0.0,0.0,0.0,2.31,0.0,2.86,501.38,5.17
11.6392,48.18,43.67,37.29,173.03,111.87,31.46,37.62,20.68,0.0,0.0,0.0,0.0,0.0,2.31,0.0,0.0,503.8,2.31
11.6492,41.25,35.64,33.11,177.87,117.04,37.95,41.91,20.68,0.0,0.0,0.0,0.0,0.0,2.31,2.75,2.86,505.45,7.92
11.6592,36.08,29.15,27.61,184.36,120.45,44.55,49.17,23.43,0.0,0.0,0.0,0.0,0.0,2.31,0.0,2.86,514.8,5.17
11.6692,32.67,24.31,23.43,189.2,123.86,52.47,56.43,24.75,0.0,0.0,0.0,0.0,0.0,0.0,0.0,0.0,527.12,0.0
11.6792,27.5,17.82,17.93,192.39,128.92,62.15,68.31,26.18,0.0,0.0,0.0,0.0,0.0,0.0,0.0,0.0,541.2,0.0
11.6892,24.09,11.33,15.18,195.69,139.15,70.62,78.76,27.5,0.0,0.0,0.0,0.0,0.0,2.31,0.0,2.86,562.32,5.17
11.6992,18.92,8.03,12.43,200.53,142.56,83.38,89.21,28.93,0.0,0.0,0.0,0.0,0.0,0.0,0.0,0.0,583.99,0.0
11.7092,17.16,8.03,11.0,200.53,149.38,93.17,99.55,30.36,0.0,0.0,0.0,0.0,0.0,2.31,0.0,2.86,609.18,5.17
11.7192,13.75,8.03,9.57,205.37,154.55,107.36,108.57,33.11,0.0,0.0,0.0,0.0,0.0,0.0,0.0,2.86,640.31,2.86
11.7292,11.99,6.38,11.0,210.21,157.96,119.24,122.65,33.11,0.0,0.0,0.0,0.0,0.0,2.31,0.0,0.0,672.54,2.31
11.7392,8.58,6.38,9.57,213.51,159.61,134.53,132.33,34.43,0.0,0.0,0.0,0.0,0.0,0.0,0.0,0.0,698.94,0.0
11.7492,5.06,4.84,6.82,215.05,161.37,151.36,145.2,35.86,0.0,0.0,0.0,0.0,0.0,2.31,0.0,0.0,725.56,2.31
11.7592,3.41,3.19,5.5,218.35,159.61,163.68,158.07,38.61,0.0,0.0,0.0,0.0,0.0,0.0,0.0,0.0,750.42,0.0
11.7692,0.0,3.19,4.07,216.7,159.61,181.61,169.29,38.61,0.0,0.0,0.0,0.0,0.0,0.0,0.0,0.0,773.08,0.0
11.7792,0.0,3.19,4.07,211.86,156.2,194.92,179.52,38.61,0.0,0.0,0.0,0.0,0.0,0.0,0.0,0.0,788.37,0.0
11.7892,0.0,3.19,2.75,203.72,149.38,211.53,190.08,41.36,0.0,0.0,0.0,0.0,0.0,0.0,0.0,0.0,802.01,0.0
11.7992,0.0,3.19,4.07,189.2,144.32,223.08,204.05,42.68,0.0,0.0,0.0,0.0,0.0,0.0,0.0,0.0,810.59,0.0
11.8092,0.0,0.0,2.75,174.57,137.5,236.39,216.37,44.11,0.0,0.0,0.0,0.0,0.0,0.0,0.0,0.0,811.69,0.0
11.8192,0.0,0.0,2.75,157.3,130.68,246.29,228.47,45.54,2.42,0.0,0.0,0.0,0.0,0.0,0.0,0.0,811.03,2.42
11.8292,0.0,0.0,2.75,137.17,125.51,256.3,233.53,46.86,3.63,0.0,0.0,0.0,0.0,0.0,0.0,0.0,802.12,3.63
11.8392,0.0,0.0,2.75,117.04,115.28,261.25,240.35,49.61,4.84,0.0,0.0,0.0,0.0,0.0,0.0,0.0,786.28,4.84
11.8492,0.0,3.19,0.0,102.3,105.71,269.5,247.17,51.04,6.16,0.0,0.0,0.0,0.0,0.0,0.0,0.0,778.91,6.16
11.8592,0.0,3.19,2.75,86.57,95.48,271.15,248.93,51.04,18.48,0.0,0.0,0.0,0.0,0.0,0.0,0.0,759.11,18.48
11.8692,0.0,3.19,0.0,67.98,80.74,276.1,247.17,56.54,36.96,0.0,0.0,0.0,0.0,0.0,0.0,0.0,731.72,36.96
11.8792,0.0,3.19,2.75,49.61,64.57,277.86,240.35,59.4,60.61,0.0,0.0,0.0,0.0,0.0,0.0,0.0,697.73,60.61
11.8892,0.0,3.19,4.07,31.9,43.12,274.45,228.47,65.34,108.79,4.95,0.0,0.0,0.0,0.0,0.0,0.0,650.54,113.74
11.8992,0.0,3.19,0.0,21.23,29.26,251.35,181.28,77.33,145.53,84.04,12.87,3.08,0.0,0.0,0.0,0.0,563.64,245.52
11.9092,0.0,0.0,4.07,16.5,27.83,193.27,116.27,96.69,145.53,159.5,88.22,6.27,3.3,3.52,2.75,2.86,454.63,411.95
11.9192,0.0,4.84,0.0,15.29,23.65,136.07,65.34,133.21,141.24,169.4,125.29,7.92,8.25,3.52,0.0,0.0,378.4,455.62
11.9292,0.0,3.19,2.75,10.56,19.47,76.23,33.22,161.04,139.81,176.11,132.88,15.84,11.55,5.83,4.07,5.83,306.46,491.92
11.9392,0.0,3.19,0.0,8.25,15.29,30.14,26.07,123.97,127.16,169.4,132.88,38.17,18.15,7.04,6.82,8.8,206.91,508.42
11.9492,0.0,4.84,0.0,5.83,11.11,23.54,21.67,71.28,120.01,171.05,137.5,54.12,28.05,7.04,11.0,10.23,138.27,539.0
11.9592,0.0,3.19,0.0,2.31,6.93,15.73,14.41,42.68,118.69,172.81,140.58,63.14,39.71,8.25,11.0,10.23,85.25,564.41
11.9692,0.0,0.0,0.0,3.52,5.5,10.45,10.12,26.18,115.83,176.11,145.2,69.08,47.96,7.04,11.0,13.2,55.77,585.42
11.9792,0.0,3.19,0.0,2.31,2.75,7.81,8.69,12.32,111.54,172.81,146.74,75.13,51.26,9.46,11.0,10.23,37.07,588.17
11.9892,0.0,0.0,0.0,2.31,4.18,5.17,4.29,0.0,107.47,169.4,148.28,79.53,59.51,9.46,11.0,13.2,15.95,597.85
11.9992,0.0,0.0,0.0,2.31,4.18,5.17,4.29,2.75,99.44,166.1,145.2,84.04,65.67,8.25,12.32,13.2,18.7,594.22
12.0092,0.0,0.0,0.0,0.0,2.75,3.85,5.72,2.75,91.41,157.85,142.12,88.55,68.75,10.67,11.0,14.63,15.07,584.98
12.0192,0.0,0.0,0.0,0.0,2.75,3.85,4.29,0.0,83.38,146.3,135.96,91.52,74.91,10.67,11.0,16.06,10.89,569.8
12.0292,0.0,0.0,0.0,0.0,2.75,3.85,4.29,2.75,74.03,134.86,128.37,95.92,82.72,10.67,13.75,14.63,13.64,554.95
12.0392,0.0,0.0,0.0,0.0,2.75,2.53,4.29,0.0,66.0,123.31,120.67,99.0,90.42,9.46,13.75,14.63,9.57,537.24
12.0492,0.0,0.0,0.0,2.31,0.0,0.0,0.0,0.0,57.97,110.22,111.43,103.4,93.5,11.77,13.75,16.06,2.31,518.1
12.0592,0.0,0.0,0.0,2.31,0.0,3.85,2.86,0.0,51.7,99.44,103.73,104.94,99.77,11.77,13.75,17.6,9.02,502.7
12.0692,0.0,0.0,0.0,0.0,2.75,0.0,0.0,0.0,46.86,91.74,95.92,107.91,107.47,12.98,16.5,14.63,2.75,494.01
12.0792,0.0,0.0,0.0,0.0,0.0,2.53,0.0,0.0,39.38,77.88,88.22,115.5,116.82,11.77,16.5,20.46,2.53,486.53
12.0892,0.0,0.0,0.0,0.0,0.0,0.0,0.0,0.0,34.43,70.18,80.41,120.23,123.31,11.77,17.93,19.03,0.0,477.29
12.0992,0.0,0.0,0.0,0.0,0.0,2.53,0.0,0.0,29.59,59.4,74.25,124.96,131.45,15.4,20.68,20.46,2.53,476.19
12.1092,0.0,0.0,0.0,0.0,0.0,0.0,0.0,0.0,25.85,51.15,64.9,134.42,136.29,16.61,20.68,22.0,0.0,471.9
12.1192,0.0,0.0,0.0,0.0,0.0,0.0,0.0,0.0,19.69,39.6,58.74,142.34,145.97,17.71,27.5,23.43,0.0,474.98
12.1292,0.0,0.0,0.0,0.0,0.0,0.0,0.0,0.0,17.16,31.35,50.05,150.26,157.41,20.13,33.11,23.43,0.0,482.9
12.1392,0.0,0.0,0.0,0.0,0.0,0.0,0.0,0.0,14.74,23.1,41.47,159.72,163.9,23.65,45.54,27.83,0.0,499.95
12.1491,0.0,0.0,0.0,0.0,0.0,0.0,0.0,0.0,12.32,19.8,35.75,162.91,170.39,30.8,55.11,27.83,0.0,514.91
12.1591,0.0,0.0,0.0,0.0,0.0,0.0,0.0,0.0,9.79,14.85,27.17,171.27,175.78,40.26,65.34,32.23,0.0,536.69
12.1691,0.0,0.0,0.0,0.0,0.0,0.0,0.0,0.0,8.58,11.55,20.02,176.44,184.8,49.83,75.79,33.66,0.0,560.67
12.1791,0.0,0.0,0.0,0.0,0.0,0.0,0.0,0.0,6.16,8.25,14.3,181.61,191.95,63.25,86.24,36.63,0.0,588.39
12.1891,0.0,0.0,0.0,0.0,0.0,0.0,0.0,0.0,6.16,9.9,10.01,183.37,204.6,73.81,96.69,39.6,0.0,624.14
12.1991,0.0,0.0,0.0,0.0,0.0,0.0,0.0,0.0,4.84,4.95,5.72,186.78,211.75,87.34,105.71,42.46,0.0,649.55
12.2091,0.0,0.0,0.0,0.0,0.0,0.0,0.0,0.0,3.63,4.95,4.29,188.54,217.14,103.95,116.27,45.43,0.0,684.2
12.2191,0.0,0.0,0.0,0.0,0.0,0.0,0.0,0.0,0.0,3.3,4.29,190.19,220.77,118.25,127.05,45.43,0.0,709.28
12.2291,0.0,0.0,0.0,0.0,0.0,0.0,0.0,0.0,0.0,3.3,2.86,193.71,222.64,137.39,134.64,46.86,0.0,741.4
12.2391,0.0,0.0,0.0,0.0,0.0,0.0,0.0,0.0,0.0,4.95,2.86,193.71,217.14,153.12,142.34,48.4,0.0,762.52
12.2491,0.0,0.0,0.0,0.0,0.0,0.0,0.0,0.0,0.0,3.3,2.86,191.95,209.99,172.26,149.93,46.86,0.0,777.15
12.2591,0.0,0.0,0.0,0.0,0.0,0.0,0.0,0.0,0.0,4.95,0.0,181.61,202.73,184.36,154.55,46.86,0.0,775.06
12.2691,0.0,0.0,0.0,0.0,0.0,0.0,0.0,0.0,0.0,0.0,0.0,167.75,190.19,196.57,162.25,46.86,0.0,763.62
12.2791,0.0,0.0,0.0,0.0,0.0,0.0,0.0,0.0,0.0,3.3,2.86,151.8,177.54,212.19,166.87,45.43,0.0,759.99
12.2891,5.06,0.0,0.0,0.0,0.0,0.0,0.0,0.0,0.0,3.3,2.86,132.88,168.74,226.27,170.17,44.0,5.06,748.22
12.2991,10.23,0.0,0.0,0.0,0.0,0.0,0.0,0.0,0.0,0.0,0.0,115.5,160.6,237.16,175.01,42.46,10.23,730.73
12.3091,11.99,0.0,0.0,0.0,0.0,0.0,0.0,0.0,0.0,0.0,0.0,100.43,152.46,246.4,178.2,42.46,11.99,719.95
12.3191,25.74,0.0,0.0,0.0,0.0,0.0,0.0,0.0,0.0,3.3,0.0,85.58,144.43,251.79,181.5,42.46,25.74,709.06
12.3291,53.35,0.0,0.0,0.0,0.0,0.0,0.0,0.0,0.0,4.95,0.0,69.08,134.64,253.66,183.15,42.46,53.35,687.94
12.3391,84.37,0.0,0.0,2.31,0.0,0.0,0.0,0.0,0.0,0.0,2.86,55.77,124.96,255.53,183.15,41.03,86.68,663.3
12.3491,132.88,0.0,0.0,3.52,2.75,0.0,0.0,0.0,0.0,0.0,0.0,41.36,104.39,255.53,176.66,39.6,139.15,617.54
12.3591,176.77,37.18,6.82,4.73,2.75,2.53,0.0,0.0,0.0,3.3,2.86,25.41,74.91,248.16,163.79,36.63,230.78,555.06
12.3691,175.01,105.82,68.64,4.73,8.36,2.53,4.29,4.07,0.0,0.0,2.86,28.6,43.01,222.64,136.18,41.03,373.45,474.32
12.3791,166.1,112.42,110.66,14.19,12.54,3.85,4.29,5.5,0.0,3.3,0.0,23.87,39.71,173.91,83.27,55.77,429.55,379.83
12.3891,159.06,112.42,120.34,29.48,22.22,5.17,5.72,5.5,0.0,0.0,2.86,25.41,34.76,123.42,42.68,89.43,459.91,318.56
12.3991,148.61,112.42,121.99,47.3,41.8,6.49,7.15,8.25,0.0,4.95,0.0,19.03,28.05,53.35,23.43,115.61,494.01,244.42
12.4091,146.85,120.78,125.29,60.83,51.48,7.81,8.69,9.57,0.0,4.95,0.0,12.65,21.45,30.8,20.68,90.97,531.3,181.5
12.4191,146.85,124.08,128.59,69.41,60.17,6.49,10.12,11.0,0.0,4.95,0.0,11.11,16.5,18.92,17.93,52.8,556.71,122.21
12.4291,146.85,127.49,128.59,77.99,64.57,7.81,10.12,11.0,0.0,3.3,0.0,6.27,9.9,11.77,13.75,33.66,574.42,78.65
12.4391,146.85,129.14,128.59,85.14,68.97,9.13,8.69,11.0,0.0,0.0,0.0,3.08,4.95,10.67,6.82,17.6,587.51,43.12
12.4491,145.09,132.55,125.29,92.29,73.37,9.13,10.12,12.32,0.0,3.3,0.0,3.08,4.95,8.25,5.5,7.26,600.16,32.34
12.4591,141.57,132.55,121.99,98.01,76.34,9.13,10.12,12.32,0.0,0.0,0.0,0.0,3.3,7.04,2.75,0.0,602.03,13.09
12.4691,136.4,129.14,120.34,103.73,79.31,9.13,11.55,12.32,0.0,0.0,0.0,3.08,3.3,5.83,2.75,2.86,601.92,17.82
12.4791,129.36,122.43,113.85,108.02,82.17,10.45,11.55,12.32,0.0,0.0,0.0,3.08,0.0,5.83,4.07,4.4,590.15,17.38
12.4891,120.67,114.07,106.04,113.96,83.71,10.45,12.98,13.75,0.0,0.0,0.0,0.0,0.0,4.73,4.07,2.86,575.63,11.66
12.4991,113.63,107.47,96.69,118.58,88.11,9.13,11.55,13.75,0.0,0.0,0.0,0.0,3.3,3.52,4.07,2.86,558.91,13.75
12.5091,103.29,97.68,88.88,120.12,89.54,10.45,15.84,15.18,0.0,0.0,0.0,0.0,3.3,4.73,0.0,2.86,540.98,10.89
12.5191,94.71,86.13,77.99,129.36,93.94,10.45,14.41,15.18,0.0,0.0,0.0,0.0,0.0,2.31,2.75,2.86,522.17,7.92
12.5291,84.37,76.34,71.83,135.63,96.91,11.77,18.81,15.18,0.0,0.0,0.0,3.08,0.0,2.31,0.0,2.86,510.84,8.25
12.5391,75.68,66.55,62.48,143.33,98.34,13.09,21.67,15.18,0.0,0.0,0.0,0.0,0.0,3.52,0.0,2.86,496.32,6.38
12.5491,67.1,58.3,55.22,146.41,101.31,14.41,26.07,16.5,0.0,0.0,0.0,0.0,0.0,2.31,2.75,4.4,485.32,9.46
12.5591,58.52,50.16,51.04,154.22,105.71,17.05,30.36,19.25,0.0,0.0,0.0,0.0,0.0,0.0,2.75,2.86,486.31,5.61
12.5691,53.35,43.67,44.11,158.84,110.22,20.9,36.19,20.68,0.0,0.0,0.0,0.0,0.0,3.52,0.0,0.0,487.96,3.52
12.5791,44.77,35.64,38.61,161.92,113.63,26.18,43.45,22.0,0.0,0.0,0.0,0.0,0.0,3.52,0.0,2.86,486.2,6.38
12.5891,39.6,27.5,33.11,166.54,118.69,34.1,52.14,23.43,0.0,0.0,0.0,0.0,0.0,0.0,2.75,2.86,495.11,5.61
12.5991,34.43,22.66,27.61,169.73,125.51,41.91,62.37,24.75,0.0,0.0,0.0,0.0,0.0,0.0,2.75,2.86,508.97,5.61
12.6091,30.91,14.52,24.86,171.38,132.33,51.15,72.71,26.18,0.0,0.0,0.0,0.0,0.0,2.31,0.0,0.0,524.04,2.31
12.6191,25.74,9.68,19.25,174.57,139.15,60.72,84.7,27.5,0.0,0.0,0.0,0.0,0.0,2.31,0.0,2.86,541.31,5.17
12.6291,22.33,8.03,16.5,176.22,149.38,73.48,98.12,28.93,0.0,0.0,0.0,0.0,0.0,0.0,0.0,2.86,572.99,2.86
12.6391,18.92,6.38,15.18,177.87,157.96,83.38,111.54,30.36,0.0,0.0,0.0,0.0,0.0,2.31,0.0,2.86,601.59,5.17
12.6491,15.4,6.38,12.43,176.22,166.43,97.46,124.3,33.11,0.0,0.0,0.0,0.0,0.0,0.0,0.0,0.0,631.73,0.0
12.6591,11.99,4.84,11.0,181.06,173.36,108.79,142.01,34.43,0.0,0.0,0.0,0.0,0.0,0.0,0.0,2.86,667.48,2.86
12.6691,10.23,4.84,11.0,181.06,182.05,123.86,154.88,37.18,0.0,0.0,0.0,0.0,0.0,2.31,0.0,2.86,705.1,5.17
12.6791,6.82,6.38,6.82,184.36,185.57,142.23,167.75,35.86,0.0,0.0,0.0,0.0,0.0,0.0,0.0,2.86,735.79,2.86
12.6891,5.06,4.84,6.82,185.9,185.57,154.44,181.28,39.93,0.0,0.0,0.0,0.0,0.0,0.0,0.0,2.86,763.84,2.86
12.6991,0.0,4.84,4.07,182.71,182.05,171.71,195.36,39.93,0.0,0.0,0.0,0.0,0.0,0.0,0.0,0.0,780.67,0.0
12.7091,0.0,0.0,4.07,176.22,173.36,188.32,209.33,41.36,0.0,0.0,0.0,0.0,0.0,0.0,0.0,0.0,792.66,0.0
12.7191,0.0,0.0,4.07,165.0,168.19,203.17,221.65,44.11,0.0,0.0,0.0,0.0,0.0,0.0,0.0,2.86,806.19,2.86
12.7291,0.0,0.0,4.07,152.68,159.61,218.13,233.53,44.11,0.0,0.0,0.0,0.0,0.0,0.0,0.0,0.0,812.13,0.0
12.7391,0.0,3.19,4.07,135.63,149.38,231.44,243.76,46.86,0.0,0.0,0.0,0.0,0.0,0.0,0.0,2.86,814.33,2.86
12.7491,0.0,3.19,2.75,120.12,139.15,241.34,248.93,48.29,2.42,0.0,0.0,0.0,0.0,0.0,0.0,0.0,803.77,2.42
12.7591,0.0,3.19,2.75,103.73,128.92,249.59,257.4,49.61,4.84,0.0,0.0,0.0,0.0,0.0,0.0,0.0,795.19,4.84
12.7691,0.0,0.0,2.75,90.86,118.69,254.65,260.81,52.36,6.16,0.0,0.0,0.0,0.0,0.0,0.0,0.0,780.12,6.16
12.7791,0.0,3.19,0.0,77.99,107.25,259.6,260.81,53.79,12.32,0.0,0.0,0.0,0.0,0.0,0.0,0.0,762.63,12.32
12.7891,0.0,3.19,2.75,60.83,91.08,261.25,262.46,57.97,25.85,0.0,0.0,0.0,0.0,0.0,0.0,0.0,739.53,25.85
12.7991,0.0,3.19,0.0,46.09,76.34,264.55,257.4,59.4,46.86,0.0,0.0,0.0,0.0,0.0,0.0,0.0,706.97,46.86
12.8091,0.0,3.19,2.75,25.96,55.77,261.25,245.52,63.91,84.7,0.0,2.86,0.0,0.0,0.0,0.0,0.0,658.35,87.56
12.8191,0.0,0.0,2.75,16.5,33.44,241.34,219.89,74.36,139.81,9.9,4.29,0.0,0.0,0.0,0.0,0.0,588.28,154.0
12.8291,0.0,3.19,0.0,14.19,26.4,189.97,153.23,90.75,152.57,138.16,55.77,6.27,3.3,3.52,0.0,0.0,477.73,359.59
12.8391,0.0,3.19,0.0,12.98,25.08,134.53,86.13,122.43,151.14,167.75,120.67,9.46,4.95,2.31,4.07,2.86,384.34,463.21
12.8491,0.0,4.84,0.0,10.56,19.47,77.66,37.62,167.2,146.96,172.81,135.96,19.03,9.9,5.83,5.5,7.26,317.35,503.25
12.8591,0.0,3.19,0.0,7.04,16.72,30.14,27.5,136.29,132.77,172.81,137.5,44.55,19.8,7.04,9.57,10.23,220.88,534.27
12.8691,0.0,3.19,0.0,4.73,11.11,23.54,21.67,71.28,115.83,167.75,137.5,64.68,41.36,9.46,11.0,11.66,135.52,559.24
12.8791,0.0,3.19,0.0,3.52,8.36,15.73,15.84,42.68,110.22,169.4,140.58,81.07,52.91,10.67,13.75,14.63,89.32,593.23
12.8891,0.0,0.0,0.0,0.0,5.5,9.13,10.12,23.43,106.15,169.4,143.66,94.49,65.67,10.67,12.32,14.63,48.18,616.99
12.8991,0.0,0.0,0.0,3.52,5.5,7.81,8.69,8.25,100.76,167.75,143.66,100.43,74.91,11.77,11.0,14.63,33.77,624.91
12.9091,0.0,0.0,0.0,3.52,4.18,5.17,5.72,0.0,95.48,166.1,142.12,107.91,84.26,11.77,15.18,19.03,18.59,641.85
12.9191,0.0,0.0,0.0,0.0,4.18,5.17,5.72,0.0,90.09,162.8,135.96,117.15,88.88,12.98,15.18,17.6,15.07,640.64
12.9291,0.0,0.0,0.0,2.31,2.75,2.53,4.29,0.0,83.38,154.55,129.91,126.61,95.04,14.19,16.5,17.6,11.88,637.78
12.9391,0.0,0.0,0.0,0.0,0.0,3.85,2.86,2.75,75.35,144.65,119.13,132.88,98.23,12.98,15.18,19.03,9.46,617.43
12.9491,0.0,0.0,0.0,0.0,2.75,3.85,4.29,0.0,67.32,131.56,106.81,137.61,104.39,14.19,17.93,19.03,10.89,598.84
12.9591,0.0,0.0,0.0,0.0,2.75,2.53,4.29,0.0,59.29,116.71,92.84,142.34,107.47,16.61,19.25,20.46,9.57,574.97
12.9691,0.0,0.0,0.0,0.0,0.0,0.0,0.0,0.0,53.02,107.14,83.49,148.72,109.01,15.4,17.93,20.46,0.0,555.17
12.9791,0.0,0.0,0.0,0.0,0.0,0.0,2.86,0.0,46.86,93.28,72.71,153.45,109.01,16.61,19.25,22.0,2.86,533.17
12.9891,0.0,0.0,0.0,0.0,0.0,2.53,2.86,0.0,40.7,80.96,63.36,159.72,112.09,16.61,20.68,23.43,5.39,517.55
12.9991,0.0,0.0,0.0,0.0,0.0,2.53,0.0,0.0,34.43,70.18,54.34,162.91,116.82,17.71,19.25,23.43,2.53,499.07
13.0091,0.0,0.0,0.0,0.0,0.0,0.0,2.86,0.0,29.59,57.75,47.19,171.27,121.66,17.71,19.25,23.43,2.86,487.85
13.0191,0.0,0.0,0.0,0.0,0.0,0.0,0.0,0.0,25.85,47.85,40.04,179.85,126.61,18.92,22.0,24.86,0.0,485.98
13.0291,0.0,0.0,0.0,0.0,0.0,0.0,0.0,0.0,19.69,37.95,32.89,190.19,133.1,20.13,24.75,27.83,0.0,486.53
13.0391,0.0,0.0,0.0,0.0,0.0,0.0,0.0,0.0,17.16,29.7,27.17,197.12,137.94,22.44,26.18,27.83,0.0,485.54
13.0491,0.0,0.0,0.0,0.0,0.0,0.0,0.0,0.0,13.53,23.1,22.88,209.22,142.78,26.07,33.11,29.26,0.0,499.95
13.0591,0.0,0.0,0.0,0.0,0.0,0.0,0.0,0.0,12.32,16.5,17.16,216.15,150.92,34.32,38.61,32.23,0.0,518.21
13.0691,0.0,0.0,0.0,0.0,0.0,0.0,0.0,0.0,11.0,13.2,12.87,217.91,157.41,41.47,48.29,30.8,0.0,532.95
13.0791,0.0,0.0,0.0,0.0,0.0,0.0,0.0,0.0,8.58,11.55,8.58,223.08,163.9,50.93,57.97,35.2,0.0,559.79
13.0891,0.0,0.0,0.0,0.0,0.0,0.0,0.0,2.75,7.37,8.25,7.15,228.25,172.15,66.22,68.31,38.06,2.75,595.76
13.0991,0.0,0.0,0.0,0.0,0.0,0.0,0.0,0.0,4.84,8.25,5.72,231.77,177.54,82.83,83.27,39.6,0.0,633.82
13.1091,0.0,0.0,0.0,0.0,0.0,0.0,0.0,2.75,3.63,6.6,5.72,228.25,186.56,99.44,95.26,38.06,2.75,663.52
13.1191,0.0,0.0,0.0,0.0,0.0,0.0,0.0,0.0,0.0,4.95,4.29,231.77,190.19,118.25,105.71,42.46,0.0,697.62
13.1291,0.0,0.0,0.0,0.0,0.0,0.0,0.0,2.75,0.0,3.3,0.0,230.01,193.71,135.63,119.35,45.43,2.75,727.43
13.1391,0.0,0.0,0.0,0.0,0.0,0.0,0.0,2.75,0.0,3.3,2.86,226.49,193.71,158.29,130.02,46.86,2.75,761.53
13.1491,0.0,0.0,0.0,0.0,0.0,0.0,0.0,2.75,0.0,4.95,2.86,221.32,193.71,175.67,137.72,45.43,2.75,781.66
13.1591,0.0,0.0,0.0,0.0,0.0,0.0,0.0,2.75,0.0,3.3,2.86,210.98,182.93,191.29,146.96,46.86,2.75,785.18
13.1691,0.0,0.0,0.0,0.0,0.0,0.0,0.0,0.0,0.0,3.3,0.0,198.88,175.78,206.91,153.01,48.4,0.0,786.28
13.1791,0.0,0.0,0.0,0.0,0.0,0.0,0.0,2.75,0.0,4.95,0.0,183.37,170.39,220.88,159.17,45.43,2.75,784.19
13.1891,0.0,0.0,0.0,0.0,0.0,0.0,0.0,0.0,0.0,4.95,0.0,167.75,162.25,235.4,166.87,45.43,0.0,782.65
13.1991,0.0,0.0,0.0,0.0,0.0,0.0,0.0,2.75,0.0,4.95,2.86,150.26,154.11,250.03,173.36,46.86,2.75,782.43
13.2091,0.0,0.0,0.0,0.0,0.0,0.0,0.0,0.0,0.0,3.3,0.0,134.42,149.27,261.03,178.2,46.86,0.0,773.08
13.2191,6.82,0.0,0.0,0.0,0.0,0.0,0.0,0.0,0.0,0.0,0.0,120.23,141.13,275.66,184.69,46.86,6.82,768.57
13.2291,11.99,0.0,0.0,0.0,0.0,0.0,0.0,0.0,0.0,4.95,0.0,103.4,137.94,281.27,187.99,45.43,11.99,760.98
13.2391,24.09,0.0,0.0,0.0,0.0,0.0,0.0,0.0,0.0,3.3,0.0,91.52,129.8,286.88,191.18,44.0,24.09,746.68
13.2491,48.18,0.0,0.0,0.0,0.0,0.0,0.0,0.0,0.0,4.95,0.0,78.1,124.96,286.88,192.83,44.0,48.18,731.72
13.2591,80.85,0.0,0.0,2.31,2.75,0.0,0.0,0.0,0.0,0.0,0.0,66.11,110.55,290.73,186.34,42.46,85.91,696.19
13.2691,129.36,0.0,0.0,3.52,2.75,0.0,0.0,0.0,0.0,0.0,0.0,50.93,90.42,288.75,183.15,44.0,135.63,657.25
13.2791,184.03,8.03,6.82,3.52,4.18,2.53,0.0,0.0,0.0,0.0,0.0,34.98,62.59,281.27,168.52,39.6,209.11,586.96
13.2891,189.42,96.03,74.91,4.73,8.36,3.85,4.29,2.75,0.0,0.0,0.0,31.79,43.01,244.53,128.59,46.86,384.34,494.78
13.2991,182.16,107.47,121.99,9.46,12.54,5.17,4.29,4.07,0.0,3.3,0.0,28.6,38.06,180.95,69.85,58.74,447.15,379.5
13.3091,175.01,109.12,133.43,16.5,25.08,5.17,5.72,5.5,0.0,3.3,0.0,25.41,34.76,128.7,33.11,90.97,475.53,316.25
13.3191,160.82,107.47,135.08,34.21,47.3,6.49,4.29,8.25,0.0,4.95,0.0,22.22,28.05,54.56,24.75,101.64,503.91,236.17
13.3291,157.3,112.42,133.43,47.3,60.17,7.81,8.69,9.57,0.0,3.3,0.0,19.03,19.8,33.22,22.0,75.57,536.69,172.92
13.3391,157.3,117.37,135.08,56.76,67.54,7.81,7.15,9.57,0.0,0.0,0.0,12.65,16.5,22.44,17.93,45.43,558.58,114.95
13.3491,157.3,120.78,133.43,62.26,70.4,6.49,8.69,11.0,0.0,3.3,0.0,7.92,9.9,14.19,13.75,30.8,570.35,79.86
13.3591,155.54,122.43,133.43,67.98,76.34,7.81,10.12,12.32,0.0,0.0,0.0,4.73,4.95,10.67,11.0,17.6,585.97,48.95
13.3691,153.89,124.08,130.24,75.13,79.31,7.81,10.12,11.0,0.0,0.0,0.0,4.73,4.95,8.25,5.5,7.26,591.58,30.69
13.3791,148.61,122.43,126.94,80.85,80.74,7.81,10.12,12.32,0.0,0.0,0.0,0.0,3.3,7.04,2.75,4.4,589.82,17.49
13.3891,143.33,120.78,123.64,85.14,85.14,9.13,10.12,12.32,0.0,0.0,0.0,4.73,3.3,7.04,2.75,4.4,589.6,22.22
13.3991,136.4,115.72,117.04,88.0,85.14,7.81,11.55,12.32,0.0,0.0,0.0,4.73,3.3,5.83,4.07,2.86,573.98,20.79
13.4091,129.36,110.77,110.66,90.86,88.11,7.81,10.12,12.32,0.0,0.0,0.0,3.08,0.0,3.52,0.0,0.0,560.01,6.6
13.4191,120.67,102.52,106.04,95.15,91.08,9.13,12.98,12.32,0.0,0.0,0.0,0.0,0.0,3.52,4.07,2.86,549.89,10.45
13.4291,111.87,94.38,98.23,100.87,92.51,7.81,12.98,12.32,0.0,0.0,0.0,0.0,3.3,3.52,4.07,2.86,530.97,13.75
13.4391,103.29,86.13,88.88,105.16,93.94,10.45,12.98,12.32,0.0,0.0,0.0,0.0,0.0,4.73,4.07,0.0,513.15,8.8
13.4491,94.71,77.99,79.53,112.42,95.48,10.45,15.84,13.75,0.0,0.0,0.0,0.0,3.3,3.52,0.0,2.86,500.17,9.68
13.4591,86.02,69.74,71.83,117.04,98.34,11.77,17.38,15.18,0.0,0.0,0.0,0.0,0.0,3.52,2.75,2.86,487.3,9.13
13.4691,75.68,61.6,64.02,126.28,101.31,10.45,20.24,16.5,0.0,0.0,0.0,0.0,0.0,2.31,2.75,2.86,476.08,7.92
13.4791,68.86,55.11,56.54,134.09,105.71,14.41,24.53,16.5,0.0,0.0,0.0,0.0,0.0,3.52,2.75,0.0,475.75,6.27
13.4891,60.17,46.97,51.04,143.33,110.22,17.05,28.93,17.93,0.0,0.0,0.0,0.0,0.0,3.52,0.0,2.86,475.64,6.38
13.4991,53.35,40.48,45.54,151.14,115.28,20.9,33.22,20.68,0.0,0.0,0.0,0.0,0.0,3.52,0.0,4.4,480.59,7.92
13.5091,48.18,33.99,37.29,160.38,117.04,27.5,39.05,22.0,0.0,0.0,0.0,0.0,0.0,2.31,2.75,2.86,485.43,7.92
13.5191,43.01,27.5,31.68,168.19,120.45,36.74,46.31,22.0,0.0,0.0,0.0,0.0,0.0,2.31,2.75,2.86,495.88,7.92
13.5291,37.84,22.66,24.86,176.22,125.51,45.87,53.57,23.43,0.0,0.0,0.0,0.0,0.0,3.52,0.0,0.0,509.96,3.52
13.5391,32.67,16.17,22.0,181.06,128.92,55.11,63.8,26.18,0.0,0.0,0.0,0.0,0.0,2.31,0.0,0.0,525.91,2.31
13.5491,29.26,9.68,17.93,185.9,134.09,67.76,72.71,27.5,0.0,0.0,0.0,0.0,0.0,2.31,2.75,0.0,544.83,5.06
13.5591,24.09,8.03,11.0,192.39,142.56,79.09,83.16,27.5,0.0,0.0,0.0,0.0,0.0,2.31,0.0,2.86,567.82,5.17
13.5691,20.57,6.38,11.0,200.53,145.97,90.42,92.18,28.93,0.0,0.0,0.0,0.0,0.0,3.52,0.0,0.0,595.98,3.52
13.579,15.4,6.38,11.0,205.37,149.38,103.07,101.09,33.11,0.0,0.0,0.0,0.0,0.0,2.31,0.0,0.0,624.8,2.31
13.589,13.75,6.38,9.57,210.21,154.55,114.62,111.54,34.43,0.0,0.0,0.0,0.0,0.0,2.31,0.0,2.86,655.05,5.17
13.599,11.99,6.38,9.57,213.51,156.2,131.45,121.11,35.86,0.0,0.0,0.0,0.0,0.0,0.0,0.0,0.0,686.07,0.0
13.609,8.58,3.19,6.82,216.7,161.37,148.39,133.98,35.86,0.0,0.0,0.0,0.0,0.0,0.0,0.0,0.0,714.89,0.0
13.619,3.41,3.19,6.82,218.35,161.37,162.14,146.85,38.61,0.0,0.0,0.0,0.0,0.0,2.31,0.0,0.0,740.74,2.31
13.629,0.0,3.19,4.07,218.35,159.61,178.31,158.07,38.61,0.0,0.0,0.0,0.0,0.0,0.0,0.0,0.0,760.21,0.0
13.639,0.0,3.19,2.75,216.7,156.2,196.57,170.94,39.93,0.0,0.0,0.0,0.0,0.0,0.0,0.0,0.0,786.28,0.0
13.649,0.0,3.19,4.07,211.86,151.14,211.53,181.28,41.36,2.42,0.0,0.0,0.0,0.0,0.0,0.0,0.0,804.43,2.42
13.659,0.0,0.0,2.75,203.72,144.32,223.08,193.6,42.68,2.42,0.0,0.0,0.0,0.0,0.0,0.0,2.86,810.15,5.28
13.669,0.0,0.0,2.75,190.85,135.74,239.69,207.57,44.11,2.42,0.0,0.0,0.0,0.0,0.0,0.0,0.0,820.71,2.42
13.679,0.0,3.19,2.75,174.57,128.92,249.59,214.61,44.11,2.42,0.0,0.0,0.0,0.0,0.0,0.0,0.0,817.74,2.42
13.689,0.0,0.0,2.75,154.22,120.45,261.25,223.41,45.54,3.63,0.0,0.0,0.0,0.0,0.0,0.0,0.0,807.62,3.63
13.699,0.0,3.19,2.75,130.9,110.22,271.15,230.12,49.61,6.16,0.0,0.0,0.0,0.0,0.0,0.0,0.0,797.94,6.16
13.709,0.0,3.19,0.0,112.42,101.31,276.1,233.53,49.61,9.79,0.0,0.0,0.0,0.0,0.0,0.0,0.0,776.16,9.79
13.719,0.0,3.19,2.75,95.15,85.14,279.51,233.53,52.36,25.85,0.0,0.0,0.0,0.0,0.0,0.0,0.0,751.63,25.85
13.729,0.0,3.19,2.75,75.13,71.94,284.79,231.88,57.97,49.28,0.0,0.0,0.0,0.0,0.0,0.0,0.0,727.65,49.28
13.739,0.0,3.19,0.0,54.34,52.91,288.31,225.06,62.37,87.34,4.95,2.86,0.0,0.0,0.0,0.0,0.0,686.18,95.15
13.749,0.0,3.19,4.07,30.69,33.44,281.27,204.05,68.31,134.2,9.9,4.29,0.0,0.0,0.0,0.0,0.0,625.02,148.39
13.759,0.0,3.19,2.75,20.02,27.83,244.64,148.39,83.27,146.96,126.61,30.03,4.73,0.0,2.31,0.0,0.0,530.09,310.64
13.769,0.0,3.19,4.07,16.5,23.65,175.01,92.18,105.6,138.49,157.85,95.92,4.73,6.6,3.52,0.0,4.4,420.2,411.51
13.779,0.0,3.19,0.0,15.29,22.22,122.32,41.91,147.18,137.06,166.1,123.75,11.11,4.95,3.52,2.75,0.0,352.11,449.24
13.789,0.0,4.84,0.0,11.77,18.04,55.11,27.5,148.72,131.34,166.1,128.37,22.22,9.9,4.73,4.07,5.83,265.98,472.56
13.799,0.0,3.19,0.0,8.25,12.54,28.82,26.07,95.15,121.44,164.45,131.45,38.17,18.15,5.83,8.25,8.8,174.02,496.54
13.809,0.0,3.19,0.0,4.73,9.68,20.9,18.81,57.97,120.01,167.75,134.42,52.58,24.75,7.04,9.57,10.23,115.28,526.35
13.819,0.0,3.19,0.0,3.52,5.5,14.41,12.98,38.61,120.01,169.4,139.04,58.74,31.46,8.25,9.57,11.66,78.21,548.13
13.829,0.0,3.19,0.0,3.52,5.5,9.13,10.12,23.43,118.69,167.75,143.66,61.71,38.06,8.25,11.0,11.66,54.89,560.78
13.839,0.0,0.0,0.0,3.52,4.18,5.17,7.15,5.5,117.26,167.75,145.2,63.14,43.01,8.25,11.0,10.23,25.52,565.84
13.849,0.0,0.0,0.0,3.52,4.18,3.85,5.72,0.0,112.97,166.1,145.2,66.11,47.96,9.46,11.0,10.23,17.27,569.03
13.859,0.0,0.0,0.0,2.31,2.75,5.17,5.72,0.0,107.47,162.8,140.58,70.62,54.56,8.25,11.0,13.2,15.95,568.48
13.869,0.0,0.0,0.0,3.52,2.75,3.85,2.86,0.0,100.76,156.2,139.04,75.13,54.56,9.46,11.0,11.66,12.98,557.81
13.879,0.0,0.0,0.0,2.31,2.75,2.53,2.86,0.0,92.73,147.95,132.88,79.53,61.05,9.46,11.0,13.2,10.45,547.8
13.889,0.0,0.0,0.0,0.0,2.75,3.85,2.86,0.0,84.7,136.51,125.29,81.07,67.21,10.67,9.57,11.66,9.46,526.68
13.899,0.0,0.0,0.0,0.0,2.75,3.85,2.86,0.0,77.99,128.26,120.67,85.58,70.29,9.46,12.32,14.63,9.46,519.2
13.909,0.0,0.0,0.0,0.0,0.0,3.85,0.0,0.0,69.96,118.36,113.08,89.98,74.91,10.67,12.32,13.2,3.85,502.48
13.919,0.0,0.0,0.0,2.31,2.75,2.53,0.0,0.0,61.93,105.6,105.27,95.92,81.18,9.46,12.32,13.2,7.59,484.88
13.929,0.0,0.0,0.0,2.31,2.75,2.53,0.0,0.0,54.23,94.82,95.92,101.97,85.8,11.77,13.75,14.63,7.59,472.89
13.939,0.0,0.0,0.0,0.0,0.0,2.53,0.0,0.0,48.07,87.12,88.22,107.91,88.88,10.67,13.75,16.06,2.53,460.68
13.949,0.0,0.0,0.0,0.0,0.0,2.53,0.0,0.0,41.91,76.34,80.41,115.5,98.23,11.77,13.75,17.6,2.53,455.51
13.959,0.0,0.0,0.0,0.0,0.0,0.0,0.0,0.0,36.96,70.18,72.71,124.96,105.93,12.98,13.75,19.03,0.0,456.5
13.969,0.0,0.0,0.0,0.0,0.0,2.53,0.0,0.0,32.01,60.94,64.9,134.42,112.09,14.19,15.18,19.03,2.53,452.76
13.979,0.0,0.0,0.0,0.0,0.0,2.53,0.0,0.0,27.06,51.15,54.34,147.07,123.31,16.61,19.25,22.0,2.53,460.79
13.989,0.0,0.0,0.0,0.0,0.0,0.0,0.0,0.0,22.11,41.25,48.62,154.99,134.64,16.61,23.43,23.43,0.0,465.08
13.999,0.0,0.0,0.0,0.0,0.0,0.0,0.0,0.0,18.48,33.0,41.47,171.27,144.43,18.92,28.93,24.86,0.0,481.36
14.009,0.0,0.0,0.0,0.0,0.0,0.0,0.0,0.0,15.95,26.4,32.89,183.37,150.92,27.28,41.36,30.8,0.0,508.97
14.019,0.0,0.0,0.0,0.0,0.0,0.0,0.0,0.0,13.53,19.8,25.74,193.71,160.6,36.74,52.36,32.23,0.0,534.71
14.029,0.0,0.0,0.0,0.0,0.0,0.0,0.0,0.0,9.79,13.2,20.02,200.64,168.74,50.93,63.91,33.66,0.0,560.89
14.039,0.0,0.0,0.0,0.0,0.0,0.0,0.0,0.0,8.58,9.9,12.87,212.74,177.54,67.76,77.33,36.63,0.0,603.35
14.049,0.0,0.0,0.0,0.0,0.0,0.0,0.0,0.0,7.37,6.6,7.15,219.56,186.56,87.34,86.24,38.06,0.0,638.88
14.059,0.0,0.0,0.0,0.0,0.0,0.0,0.0,0.0,6.16,6.6,7.15,226.49,190.19,103.95,101.2,41.03,0.0,682.77
14.069,0.0,0.0,2.75,0.0,0.0,0.0,0.0,0.0,3.63,4.95,4.29,231.77,193.71,121.77,113.19,44.0,2.75,717.31
14.079,0.0,0.0,0.0,0.0,0.0,0.0,0.0,0.0,2.42,6.6,4.29,233.53,197.34,140.91,123.97,45.43,0.0,754.49
14.089,0.0,0.0,0.0,0.0,0.0,0.0,0.0,0.0,0.0,4.95,2.86,237.05,200.97,160.05,133.1,48.4,0.0,787.38
14.099,0.0,0.0,0.0,0.0,0.0,0.0,0.0,0.0,0.0,3.3,2.86,231.77,199.21,179.19,140.8,46.86,0.0,803.99
14.109,0.0,0.0,0.0,0.0,0.0,0.0,0.0,2.75,0.0,4.95,2.86,228.25,190.19,194.81,148.39,46.86,2.75,816.31
14.119,0.0,0.0,0.0,0.0,0.0,0.0,0.0,2.75,0.0,4.95,2.86,212.74,179.3,206.91,153.01,45.43,2.75,805.2
14.129,0.0,0.0,0.0,0.0,0.0,0.0,0.0,0.0,0.0,4.95,0.0,200.64,170.39,219.12,159.17,46.86,0.0,801.13
14.139,0.0,0.0,0.0,0.0,0.0,0.0,0.0,2.75,0.0,3.3,0.0,183.37,158.95,233.53,163.79,46.86,2.75,789.8
14.149,3.41,0.0,0.0,0.0,0.0,0.0,0.0,0.0,0.0,3.3,0.0,164.45,149.27,246.4,168.52,45.43,3.41,777.37
14.159,8.58,0.0,0.0,0.0,0.0,0.0,0.0,0.0,0.0,0.0,0.0,143.99,142.78,257.29,170.17,45.43,8.58,759.66
14.169,15.4,0.0,0.0,0.0,0.0,0.0,0.0,0.0,0.0,3.3,0.0,126.61,134.64,264.66,176.66,45.43,15.4,751.3
14.179,29.26,0.0,0.0,0.0,0.0,0.0,0.0,0.0,0.0,3.3,0.0,110.88,129.8,271.92,179.85,44.0,29.26,739.75
14.189,56.76,0.0,0.0,0.0,0.0,0.0,0.0,0.0,0.0,0.0,0.0,97.46,118.47,273.79,179.85,42.46,56.76,712.03
14.199,89.54,0.0,0.0,0.0,2.75,0.0,0.0,0.0,0.0,3.3,0.0,79.53,110.55,275.66,178.2,42.46,92.29,689.7
14.209,136.4,0.0,0.0,3.52,2.75,0.0,0.0,0.0,0.0,3.3,0.0,61.71,93.5,277.53,173.36,38.06,142.67,647.46
14.219,182.16,30.69,9.57,2.31,2.75,0.0,0.0,0.0,0.0,3.3,2.86,44.55,68.75,277.53,163.79,41.03,227.48,601.81
14.229,178.53,100.87,90.42,4.73,8.36,3.85,2.86,4.07,0.0,0.0,0.0,31.79,43.01,261.03,137.72,41.03,393.69,514.58
14.239,171.38,110.77,131.89,9.46,11.11,3.85,5.72,4.07,0.0,3.3,2.86,28.6,34.76,205.26,87.78,46.86,448.25,409.42
14.249,167.86,112.42,141.68,16.5,18.04,5.17,4.29,6.82,0.0,0.0,0.0,27.06,34.76,147.84,42.68,74.14,472.78,326.48
14.259,155.54,112.42,143.33,34.21,37.62,6.49,5.72,8.25,0.0,4.95,2.86,22.22,28.05,84.37,23.43,97.02,503.58,262.9
14.269,152.13,117.37,143.33,48.4,50.16,7.81,7.15,8.25,0.0,3.3,0.0,17.49,23.1,37.95,22.0,83.27,534.6,187.11
14.279,152.13,122.43,146.63,57.97,58.63,7.81,8.69,11.0,0.0,4.95,0.0,14.3,18.15,27.28,19.25,54.23,565.29,138.16
14.289,152.13,124.08,148.28,63.69,64.57,9.13,10.12,11.0,0.0,3.3,0.0,6.27,11.55,16.61,13.75,35.2,583.0,86.68
14.299,152.13,127.49,149.93,72.27,70.4,7.81,10.12,11.0,0.0,3.3,0.0,6.27,6.6,9.46,11.0,23.43,601.15,60.06
14.309,150.37,127.49,151.47,75.13,74.8,9.13,8.69,9.57,0.0,0.0,0.0,3.08,4.95,8.25,6.82,8.8,606.65,31.9
14.319,145.09,125.84,149.93,80.85,79.31,7.81,10.12,12.32,0.0,0.0,0.0,3.08,3.3,7.04,5.5,0.0,611.27,18.92
14.329,143.33,124.08,146.63,82.28,82.17,9.13,11.55,11.0,0.0,0.0,0.0,3.08,0.0,5.83,5.5,4.4,610.17,18.81
14.339,136.4,119.13,144.98,85.14,85.14,7.81,11.55,12.32,0.0,0.0,0.0,3.08,3.3,5.83,5.5,0.0,602.47,17.71
14.349,129.36,112.42,141.68,85.14,88.11,9.13,11.55,11.0,0.0,0.0,0.0,3.08,0.0,4.73,4.07,2.86,588.39,14.74
14.359,122.43,104.17,135.08,88.0,92.51,9.13,11.55,12.32,0.0,0.0,0.0,3.08,3.3,3.52,4.07,2.86,575.19,16.83
14.369,113.63,97.68,128.59,89.43,93.94,7.81,14.41,13.75,0.0,0.0,0.0,3.08,0.0,4.73,0.0,0.0,559.24,7.81
14.379,105.05,89.43,118.69,92.29,98.34,7.81,14.41,13.75,0.0,0.0,0.0,0.0,0.0,3.52,2.75,2.86,539.77,9.13
14.389,96.36,81.29,113.85,96.58,99.88,9.13,18.81,13.75,0.0,0.0,0.0,0.0,0.0,4.73,0.0,0.0,529.65,4.73
14.399,89.54,73.04,104.5,100.87,102.85,10.45,18.81,15.18,0.0,0.0,0.0,0.0,0.0,0.0,4.07,0.0,515.24,4.07
14.409,79.2,66.55,95.15,105.16,105.71,10.45,26.07,15.18,0.0,0.0,0.0,0.0,0.0,3.52,0.0,0.0,503.47,3.52
14.419,72.27,59.95,85.8,110.88,110.22,13.09,30.36,16.5,0.0,0.0,0.0,0.0,0.0,2.31,2.75,2.86,499.07,7.92
14.429,63.69,53.46,79.53,118.58,115.28,14.41,34.76,17.93,0.0,0.0,0.0,0.0,0.0,3.52,0.0,0.0,497.64,3.52
14.439,56.76,45.32,71.83,124.74,118.69,19.58,43.45,19.25,0.0,0.0,0.0,0.0,0.0,2.31,2.75,2.86,499.62,7.92
14.449,51.59,38.83,62.48,130.9,125.51,24.86,50.6,20.68,0.0,0.0,0.0,0.0,0.0,2.31,0.0,0.0,505.45,2.31
14.459,44.77,32.34,53.79,137.17,132.33,35.42,59.4,22.0,0.0,0.0,0.0,0.0,0.0,2.31,0.0,0.0,517.22,2.31
14.469,39.6,25.85,48.29,144.87,140.91,41.91,71.28,24.75,0.0,0.0,0.0,0.0,0.0,2.31,0.0,0.0,537.46,2.31
14.479,34.43,17.82,38.61,151.14,147.73,52.47,83.16,27.5,0.0,0.0,0.0,0.0,0.0,3.52,0.0,0.0,552.86,3.52
14.489,29.26,11.33,33.11,154.22,156.2,64.9,93.61,27.5,0.0,0.0,0.0,0.0,0.0,3.52,0.0,0.0,570.13,3.52
14.499,25.74,9.68,24.86,157.3,164.78,76.23,108.57,30.36,0.0,0.0,0.0,0.0,0.0,2.31,0.0,0.0,597.52,2.31
14.509,22.33,6.38,19.25,161.92,171.6,88.99,121.11,33.11,0.0,0.0,0.0,0.0,0.0,2.31,0.0,0.0,624.69,2.31
14.519,18.92,6.38,15.18,166.54,178.64,101.75,135.52,33.11,0.0,0.0,0.0,0.0,0.0,2.31,0.0,2.86,656.04,5.17
14.529,15.4,6.38,13.75,166.54,187.33,114.62,150.04,35.86,0.0,0.0,0.0,0.0,0.0,0.0,0.0,0.0,689.92,0.0
14.539,11.99,4.84,11.0,169.73,190.85,130.02,162.91,37.18,0.0,0.0,0.0,0.0,0.0,0.0,0.0,0.0,718.52,0.0
14.549,8.58,4.84,11.0,171.38,194.26,143.77,176.0,38.61,0.0,0.0,0.0,0.0,0.0,0.0,0.0,0.0,748.44,0.0
14.559,5.06,4.84,6.82,171.38,196.02,157.52,190.08,38.61,0.0,0.0,0.0,0.0,0.0,0.0,0.0,0.0,770.33,0.0
14.569,3.41,3.19,6.82,168.19,192.61,173.36,202.29,41.36,0.0,0.0,0.0,0.0,0.0,0.0,0.0,2.86,791.23,2.86
14.579,0.0,3.19,4.07,160.38,187.33,189.97,212.85,44.11,0.0,0.0,0.0,0.0,0.0,0.0,0.0,2.86,801.9,2.86
14.589,0.0,3.19,4.07,149.49,178.64,206.58,226.71,45.54,2.42,0.0,0.0,0.0,0.0,0.0,0.0,0.0,814.22,2.42
14.599,0.0,3.19,2.75,135.63,168.19,218.13,235.29,48.29,4.84,0.0,0.0,0.0,0.0,0.0,0.0,0.0,811.47,4.84
14.609,0.0,3.19,4.07,118.58,156.2,231.44,243.76,52.36,3.63,0.0,0.0,0.0,0.0,0.0,0.0,0.0,809.6,3.63
14.619,0.0,0.0,4.07,105.16,142.56,239.69,252.23,56.54,6.16,0.0,0.0,0.0,0.0,0.0,0.0,0.0,800.25,6.16
14.629,0.0,0.0,4.07,88.0,132.33,246.29,257.4,59.4,11.0,0.0,0.0,0.0,0.0,0.0,0.0,0.0,787.49,11.0
14.639,0.0,3.19,2.75,75.13,120.45,253.0,260.81,63.91,19.69,0.0,0.0,0.0,0.0,0.0,0.0,0.0,779.24,19.69
14.649,0.0,3.19,2.75,59.4,107.25,254.65,260.81,66.88,33.22,0.0,0.0,0.0,0.0,0.0,0.0,0.0,754.93,33.22
14.659,0.0,3.19,2.75,44.88,92.51,254.65,259.05,72.82,57.97,0.0,0.0,0.0,0.0,0.0,0.0,0.0,729.85,57.97
14.669,0.0,3.19,2.75,30.69,73.37,254.65,252.23,77.33,95.48,0.0,0.0,0.0,0.0,0.0,0.0,0.0,694.21,95.48
14.679,0.0,3.19,2.75,17.71,51.48,242.99,240.35,81.73,148.39,13.2,4.29,3.08,0.0,0.0,0.0,0.0,640.2,168.96
14.689,0.0,3.19,0.0,14.19,30.58,209.88,202.29,93.72,152.57,133.21,47.19,4.73,3.3,0.0,0.0,0.0,553.85,341.0
14.699,0.0,3.19,0.0,11.77,26.4,149.82,129.14,110.11,145.53,161.15,106.81,6.27,4.95,3.52,2.75,2.86,430.43,433.84
14.709,0.0,4.84,2.75,9.46,23.65,98.89,66.77,150.26,142.67,167.75,123.75,9.46,8.25,2.31,4.07,4.4,356.62,462.66
14.719,0.0,4.84,2.75,5.83,16.72,37.95,33.22,178.97,129.91,164.45,126.83,28.6,9.9,5.83,6.82,7.26,280.28,479.6
14.729,0.0,3.19,0.0,4.73,15.29,26.18,26.07,114.73,117.26,161.15,129.91,49.39,24.75,8.25,6.82,10.23,190.19,507.76
14.739,0.0,3.19,2.75,2.31,11.11,18.26,20.24,56.54,111.54,162.8,134.42,64.68,38.06,8.25,11.0,11.66,114.4,542.41
14.749,0.0,3.19,0.0,2.31,6.93,13.09,12.98,37.18,110.22,162.8,140.58,75.13,46.31,10.67,9.57,10.23,75.68,565.51
14.759,0.0,3.19,0.0,0.0,5.5,6.49,10.12,19.25,107.47,162.8,142.12,81.07,57.97,11.77,9.57,11.66,44.55,584.43
14.769,0.0,0.0,0.0,2.31,4.18,5.17,5.72,4.07,103.51,161.15,142.12,85.58,64.13,10.67,12.32,11.66,21.45,591.14
14.779,0.0,0.0,0.0,0.0,4.18,5.17,5.72,0.0,99.44,159.5,143.66,91.52,70.29,11.77,12.32,14.63,15.07,603.13
14.789,0.0,0.0,0.0,2.31,4.18,2.53,7.15,0.0,95.48,157.85,140.58,95.92,74.91,10.67,12.32,16.06,16.17,603.79
14.799,0.0,0.0,0.0,0.0,2.75,3.85,4.29,0.0,87.34,146.3,132.88,101.97,81.18,12.98,12.32,16.06,10.89,591.03
14.809,0.0,0.0,0.0,0.0,2.75,3.85,4.29,0.0,79.31,138.16,126.83,106.37,84.26,11.77,13.75,14.63,10.89,575.08
14.819,0.0,0.0,0.0,0.0,2.75,2.53,4.29,2.75,71.28,124.96,117.59,112.42,88.88,11.77,12.32,16.06,12.32,555.28
14.829,0.0,0.0,0.0,0.0,2.75,2.53,2.86,0.0,64.57,113.41,109.89,117.15,95.04,12.98,15.18,17.6,8.14,545.82
14.839,0.0,0.0,0.0,0.0,0.0,0.0,2.86,2.75,57.97,104.06,100.65,120.23,98.23,12.98,15.18,19.03,5.61,528.33
14.849,0.0,0.0,0.0,0.0,0.0,0.0,4.29,2.75,50.49,91.74,91.3,126.61,102.85,14.19,16.5,19.03,7.04,512.71
14.859,0.0,0.0,0.0,0.0,0.0,0.0,0.0,0.0,45.54,82.5,80.41,132.88,105.93,15.4,15.18,17.6,0.0,495.44
14.869,0.0,0.0,0.0,0.0,0.0,2.53,0.0,0.0,39.38,71.72,72.71,137.61,110.55,16.61,15.18,19.03,2.53,482.79
14.879,0.0,0.0,0.0,0.0,0.0,0.0,2.86,0.0,34.43,62.48,67.98,143.99,115.28,15.4,19.25,19.03,2.86,477.84
14.889,0.0,0.0,0.0,0.0,0.0,0.0,0.0,0.0,29.59,54.45,58.74,150.26,120.12,17.71,17.93,22.0,0.0,470.8
14.899,0.0,0.0,0.0,0.0,0.0,0.0,0.0,0.0,25.85,46.2,52.91,156.53,126.61,18.92,22.0,23.43,0.0,472.45
14.909,0.0,0.0,0.0,0.0,0.0,0.0,0.0,0.0,23.43,39.6,47.19,164.45,133.1,18.92,26.18,23.43,0.0,476.3
14.919,0.0,0.0,0.0,0.0,0.0,0.0,0.0,0.0,18.48,33.0,41.47,174.68,141.13,21.34,30.36,26.4,0.0,486.86
14.929,0.0,0.0,0.0,0.0,0.0,0.0,0.0,0.0,15.95,23.1,34.32,186.78,149.27,26.07,35.86,29.26,0.0,500.61
14.939,0.0,0.0,0.0,0.0,0.0,0.0,0.0,0.0,13.53,19.8,28.6,191.95,157.41,32.01,42.68,30.8,0.0,516.78
14.949,0.0,0.0,0.0,0.0,0.0,0.0,0.0,0.0,11.0,14.85,22.88,202.29,163.9,39.05,53.79,32.23,0.0,539.99
14.959,0.0,0.0,0.0,0.0,0.0,0.0,0.0,0.0,9.79,11.55,15.73,209.22,168.74,50.93,60.94,33.66,0.0,560.56
14.969,0.0,0.0,0.0,0.0,0.0,0.0,0.0,0.0,8.58,8.25,8.58,217.91,173.91,63.25,74.36,38.06,0.0,592.9
14.979,0.0,0.0,0.0,0.0,0.0,0.0,0.0,0.0,7.37,8.25,8.58,221.32,184.8,78.32,86.24,38.06,0.0,632.94
14.989,0.0,0.0,0.0,0.0,0.0,0.0,0.0,0.0,4.84,8.25,5.72,228.25,188.32,97.9,98.23,39.6,0.0,671.11
14.999,0.0,0.0,0.0,0.0,0.0,0.0,0.0,0.0,2.42,4.95,4.29,228.25,199.21,114.73,110.22,44.0,0.0,708.07
15.0089,0.0,0.0,0.0,0.0,0.0,0.0,0.0,0.0,0.0,6.6,4.29,231.77,200.97,135.63,119.35,42.46,0.0,741.07
15.0189,0.0,0.0,0.0,0.0,0.0,0.0,0.0,0.0,0.0,6.6,4.29,233.53,200.97,154.77,130.02,45.43,0.0,775.61
15.0289,0.0,0.0,0.0,0.0,0.0,0.0,0.0,0.0,0.0,4.95,4.29,231.77,202.73,172.26,136.18,46.86,0.0,799.04
15.0389,0.0,0.0,0.0,0.0,0.0,0.0,0.0,0.0,0.0,3.3,2.86,230.01,193.71,189.64,146.96,46.86,0.0,813.34
15.0489,0.0,0.0,0.0,0.0,0.0,0.0,0.0,0.0,0.0,4.95,0.0,219.56,184.8,203.5,148.39,44.0,0.0,805.2
15.0589,0.0,0.0,2.75,0.0,0.0,0.0,0.0,0.0,0.0,0.0,0.0,207.46,175.78,217.36,156.09,46.86,2.75,803.55
15.0689,0.0,0.0,0.0,0.0,0.0,0.0,0.0,0.0,0.0,0.0,0.0,191.95,163.9,233.53,162.25,45.43,0.0,797.06
15.0789,0.0,0.0,0.0,0.0,0.0,0.0,0.0,0.0,0.0,0.0,0.0,171.27,154.11,246.4,166.87,46.86,0.0,785.51
15.0889,6.82,0.0,0.0,0.0,0.0,0.0,0.0,0.0,0.0,0.0,0.0,153.45,145.97,255.53,170.17,44.0,6.82,769.12
15.0989,11.99,0.0,0.0,0.0,0.0,0.0,0.0,0.0,0.0,0.0,0.0,136.07,142.78,266.42,175.01,45.43,11.99,765.71
15.1089,20.57,0.0,0.0,0.0,0.0,0.0,0.0,0.0,0.0,4.95,2.86,117.15,134.64,273.79,176.66,44.0,20.57,754.05
15.1189,39.6,0.0,0.0,0.0,0.0,0.0,0.0,0.0,0.0,0.0,0.0,104.94,124.96,277.53,176.66,44.0,39.6,728.09
15.1289,65.34,0.0,0.0,0.0,2.75,0.0,0.0,0.0,0.0,3.3,0.0,87.01,115.28,283.14,176.66,42.46,68.09,707.85
15.1389,105.05,0.0,0.0,0.0,0.0,0.0,0.0,0.0,0.0,3.3,0.0,73.59,99.77,286.88,170.17,42.46,105.05,676.17
15.1489,153.89,6.38,4.07,2.31,4.18,2.53,0.0,0.0,0.0,3.3,0.0,52.58,76.45,286.88,162.25,41.03,173.36,622.49
15.1589,159.06,86.13,60.94,5.83,9.68,3.85,2.86,2.75,0.0,3.3,0.0,33.44,49.61,271.92,146.96,39.6,331.1,544.83
15.1689,152.13,104.17,113.85,17.71,19.47,5.17,5.72,6.82,0.0,3.3,0.0,30.25,39.71,220.88,95.26,44.0,425.04,433.4
15.1789,152.13,109.12,133.43,28.38,33.44,3.85,7.15,6.82,0.0,3.3,0.0,27.06,34.76,158.29,49.61,63.36,474.32,336.38
15.1889,143.33,110.77,136.73,42.57,55.77,6.49,8.69,6.82,0.0,0.0,0.0,25.41,29.81,99.44,24.75,95.48,511.17,274.89
15.1989,139.92,114.07,135.08,53.13,64.57,6.49,10.12,9.57,0.0,3.3,0.0,17.49,24.75,40.26,20.68,87.89,532.95,194.37
15.2089,141.57,119.13,138.38,62.26,70.4,6.49,8.69,9.57,0.0,3.3,0.0,15.84,19.8,27.28,19.25,63.36,556.49,148.83
15.2189,145.09,124.08,136.73,66.55,71.94,7.81,10.12,11.0,0.0,3.3,0.0,11.11,9.9,16.61,15.18,35.2,573.32,91.3
15.2289,146.85,125.84,136.73,70.84,71.94,7.81,11.55,11.0,0.0,0.0,0.0,7.92,4.95,10.67,11.0,23.43,582.56,57.97
15.2389,146.85,127.49,133.43,76.56,71.94,7.81,11.55,12.32,0.0,3.3,0.0,4.73,0.0,9.46,6.82,11.66,587.95,35.97
15.2489,143.33,127.49,131.89,82.28,74.8,9.13,10.12,11.0,0.0,0.0,0.0,3.08,3.3,8.25,5.5,4.4,590.04,24.53
15.2589,138.16,125.84,126.94,83.71,76.34,9.13,11.55,12.32,0.0,0.0,0.0,4.73,3.3,7.04,2.75,0.0,583.99,17.82
15.2689,132.88,120.78,123.64,88.0,80.74,7.81,11.55,12.32,0.0,0.0,0.0,3.08,3.3,5.83,2.75,2.86,577.72,17.82
15.2789,125.84,117.37,118.69,93.72,83.71,10.45,12.98,12.32,0.0,0.0,0.0,3.08,3.3,4.73,4.07,4.4,575.08,19.58
15.2889,118.91,107.47,113.85,96.58,83.71,10.45,14.41,13.75,0.0,0.0,0.0,0.0,0.0,4.73,4.07,2.86,559.13,11.66
15.2989,110.22,102.52,109.12,99.44,89.54,9.13,15.84,13.75,0.0,0.0,0.0,0.0,0.0,4.73,4.07,2.86,549.56,11.66
15.3089,103.29,94.38,102.85,105.16,92.51,10.45,17.38,15.18,0.0,0.0,0.0,3.08,0.0,4.73,0.0,0.0,541.2,7.81
15.3189,94.71,86.13,95.15,109.45,93.94,10.45,18.81,16.5,0.0,0.0,0.0,0.0,0.0,3.52,0.0,2.86,525.14,6.38
15.3289,86.02,74.69,88.88,113.96,98.34,14.41,24.53,15.18,0.0,0.0,0.0,0.0,0.0,0.0,2.75,4.4,516.01,7.15
15.3389,75.68,68.2,79.53,121.66,104.28,15.73,30.36,17.93,0.0,0.0,0.0,0.0,0.0,3.52,2.75,2.86,513.37,9.13
15.3489,67.1,59.95,71.83,127.82,107.25,18.26,34.76,17.93,0.0,0.0,0.0,0.0,0.0,3.52,0.0,2.86,504.9,6.38
15.3589,60.17,53.46,65.56,135.63,110.22,23.54,41.91,19.25,0.0,0.0,0.0,0.0,0.0,2.31,0.0,0.0,509.74,2.31
15.3689,53.35,46.97,57.97,141.79,115.28,30.14,49.17,22.0,0.0,0.0,0.0,0.0,0.0,2.31,0.0,2.86,516.67,5.17
15.3789,46.42,40.48,51.04,147.95,117.04,37.95,53.57,23.43,0.0,0.0,0.0,0.0,0.0,2.31,0.0,2.86,517.88,5.17
15.3889,41.25,35.64,42.79,151.14,123.86,44.55,60.83,24.75,0.0,0.0,0.0,0.0,0.0,2.31,2.75,0.0,524.81,5.06
15.3989,36.08,29.15,35.86,157.3,127.27,51.15,69.74,26.18,0.0,0.0,0.0,0.0,0.0,2.31,0.0,2.86,532.73,5.17
15.4089,32.67,22.66,28.93,163.46,134.09,60.72,77.22,27.5,0.0,0.0,0.0,0.0,0.0,2.31,0.0,2.86,547.25,5.17
15.4189,27.5,16.17,26.18,168.19,139.15,67.76,83.16,28.93,0.0,0.0,0.0,0.0,0.0,0.0,0.0,0.0,557.04,0.0
15.4289,25.74,12.87,20.68,173.03,142.56,80.52,92.18,30.36,0.0,0.0,0.0,0.0,0.0,0.0,2.75,0.0,577.94,2.75
15.4389,24.09,9.68,16.5,176.22,145.97,88.99,104.06,31.68,0.0,0.0,0.0,0.0,0.0,2.31,0.0,0.0,597.19,2.31
15.4489,20.57,8.03,13.75,184.36,154.55,100.32,114.62,31.68,0.0,0.0,0.0,0.0,0.0,2.31,0.0,0.0,627.88,2.31
15.4589,17.16,6.38,13.75,187.55,157.96,113.08,124.3,33.11,0.0,0.0,0.0,0.0,0.0,2.31,0.0,0.0,653.29,2.31
15.4689,13.75,4.84,11.0,189.2,161.37,128.48,137.17,35.86,0.0,0.0,0.0,0.0,0.0,2.31,0.0,0.0,681.67,2.31
15.4789,11.99,4.84,9.57,194.04,163.02,142.23,150.04,35.86,0.0,0.0,0.0,0.0,0.0,0.0,0.0,0.0,711.59,0.0
15.4889,6.82,4.84,9.57,195.69,163.02,157.52,161.26,38.61,0.0,0.0,0.0,0.0,0.0,0.0,0.0,0.0,737.33,0.0
15.4989,3.41,4.84,6.82,195.69,163.02,171.71,172.59,37.18,0.0,0.0,0.0,0.0,0.0,0.0,0.0,0.0,755.26,0.0
15.5089,0.0,3.19,4.07,195.69,156.2,186.67,183.04,39.93,0.0,0.0,0.0,0.0,0.0,0.0,0.0,0.0,768.79,0.0
15.5189,0.0,3.19,2.75,187.55,151.14,199.87,195.36,39.93,0.0,0.0,0.0,0.0,0.0,0.0,0.0,0.0,779.79,0.0
15.5289,0.0,3.19,4.07,181.06,144.32,214.83,207.57,41.36,0.0,0.0,0.0,0.0,0.0,0.0,0.0,0.0,796.4,0.0
15.5389,0.0,0.0,4.07,168.19,135.74,226.49,216.37,41.36,2.42,0.0,0.0,0.0,0.0,0.0,0.0,0.0,792.22,2.42
15.5489,0.0,3.19,4.07,152.68,127.27,234.74,225.06,44.11,3.63,0.0,0.0,0.0,0.0,0.0,0.0,0.0,791.12,3.63
15.5589,0.0,3.19,2.75,132.55,118.69,244.64,231.88,45.54,4.84,0.0,0.0,0.0,0.0,0.0,0.0,0.0,779.24,4.84
15.5689,0.0,3.19,4.07,113.96,107.25,254.65,236.94,45.54,6.16,0.0,0.0,0.0,0.0,0.0,0.0,0.0,765.6,6.16
15.5789,0.0,3.19,2.75,98.01,99.88,259.6,242.11,48.29,12.32,0.0,0.0,0.0,0.0,0.0,0.0,0.0,753.83,12.32
15.5889,0.0,3.19,4.07,83.71,86.57,264.55,240.35,51.04,30.8,0.0,0.0,0.0,0.0,0.0,0.0,0.0,733.48,30.8
15.5989,0.0,3.19,4.07,66.55,73.37,271.15,240.35,55.11,56.65,0.0,0.0,0.0,0.0,0.0,0.0,0.0,713.79,56.65
15.6089,0.0,3.19,2.75,47.3,55.77,271.15,230.12,60.94,96.8,3.3,2.86,3.08,0.0,0.0,0.0,0.0,671.22,106.04
15.6189,0.0,3.19,0.0,24.75,34.76,267.85,214.61,66.88,146.96,34.65,7.15,3.08,0.0,0.0,0.0,0.0,612.04,191.84
15.6289,0.0,3.19,2.75,17.71,27.83,228.14,158.07,81.73,148.39,141.35,52.91,6.27,0.0,0.0,0.0,0.0,519.42,348.92
15.6389,0.0,3.19,4.07,14.19,23.65,162.14,96.58,102.63,139.81,164.45,109.89,4.73,4.95,2.31,0.0,2.86,406.45,429.0
15.6489,0.0,0.0,2.75,11.77,20.9,110.22,44.88,147.18,139.81,171.05,126.83,15.84,8.25,4.73,2.75,4.4,337.7,473.66
15.6589,0.0,4.84,2.75,8.25,16.72,43.23,28.93,153.34,129.91,169.4,129.91,38.17,11.55,4.73,5.5,7.26,258.06,496.43
15.6689,0.0,4.84,2.75,4.73,11.11,26.18,24.53,101.2,117.26,166.1,129.91,58.74,21.45,5.83,9.57,8.8,175.34,517.66
15.6789,0.0,3.19,0.0,3.52,9.68,19.58,17.38,56.54,112.97,167.75,134.42,72.16,31.46,8.25,9.57,10.23,109.89,546.81
15.6889,0.0,3.19,0.0,2.31,4.18,11.77,14.41,35.86,110.22,169.4,137.5,79.53,43.01,9.46,9.57,13.2,71.72,571.89
15.6989,0.0,3.19,0.0,2.31,5.5,7.81,8.69,19.25,106.15,166.1,139.04,87.01,51.26,9.46,9.57,13.2,46.75,581.79
15.7089,0.0,0.0,0.0,2.31,2.75,6.49,7.15,4.07,102.08,162.8,140.58,91.52,57.97,10.67,11.0,11.66,22.77,588.28
15.7189,0.0,0.0,0.0,0.0,2.75,3.85,7.15,2.75,98.12,161.15,137.5,99.0,64.13,10.67,12.32,14.63,16.5,597.52
15.7289,0.0,0.0,0.0,0.0,2.75,5.17,4.29,2.75,92.73,157.85,134.42,103.4,67.21,10.67,12.32,13.2,14.96,591.8
15.7389,0.0,0.0,0.0,2.31,0.0,3.85,4.29,2.75,86.02,151.25,126.83,107.91,71.83,10.67,12.32,16.06,13.2,582.89
15.7489,0.0,0.0,0.0,0.0,2.75,2.53,4.29,2.75,80.74,143.0,116.05,107.91,74.91,10.67,13.75,16.06,12.32,563.09
15.7589,0.0,0.0,0.0,0.0,0.0,3.85,4.29,0.0,71.28,129.91,103.73,117.15,79.64,11.77,11.0,16.06,8.14,540.54
15.7689,0.0,0.0,0.0,0.0,0.0,2.53,4.29,0.0,64.57,123.31,95.92,120.23,84.26,10.67,13.75,16.06,6.82,528.77
15.7789,0.0,0.0,0.0,0.0,0.0,3.85,0.0,0.0,59.29,111.76,86.68,121.88,85.8,12.98,13.75,16.06,3.85,508.2
15.7889,0.0,0.0,0.0,0.0,0.0,0.0,2.86,0.0,51.7,100.98,77.33,129.69,90.42,14.19,12.32,16.06,2.86,492.69
15.7989,0.0,0.0,0.0,0.0,0.0,0.0,0.0,0.0,45.54,85.58,67.98,137.61,95.04,14.19,16.5,17.6,0.0,480.04
15.8089,0.0,0.0,0.0,0.0,0.0,0.0,0.0,0.0,39.38,76.34,63.36,143.99,99.77,14.19,15.18,19.03,0.0,471.24
15.8189,0.0,0.0,0.0,0.0,0.0,0.0,0.0,0.0,34.43,67.1,55.77,148.72,105.93,14.19,17.93,20.46,0.0,464.53
15.8289,0.0,0.0,0.0,0.0,0.0,0.0,0.0,0.0,28.27,56.1,51.48,158.18,113.63,15.4,16.5,19.03,0.0,458.59
15.8389,0.0,0.0,0.0,0.0,0.0,2.53,0.0,0.0,23.43,46.2,47.19,166.1,120.12,17.71,20.68,19.03,2.53,460.46
15.8489,0.0,0.0,0.0,0.0,0.0,0.0,0.0,0.0,19.69,37.95,42.9,176.44,129.8,17.71,23.43,22.0,0.0,469.92
15.8589,0.0,0.0,0.0,0.0,0.0,0.0,0.0,0.0,15.95,29.7,35.75,186.78,142.78,21.34,24.75,24.86,0.0,481.91
15.8689,0.0,0.0,0.0,0.0,0.0,0.0,0.0,0.0,13.53,23.1,28.6,197.12,152.46,24.86,34.43,29.26,0.0,503.36
15.8789,0.0,0.0,0.0,0.0,0.0,0.0,0.0,0.0,12.32,18.15,24.31,205.81,158.95,32.01,44.11,30.8,0.0,526.46
15.8889,0.0,0.0,0.0,0.0,0.0,0.0,0.0,0.0,9.79,13.2,17.16,210.98,170.39,41.47,53.79,32.23,0.0,549.01
15.8989,0.0,0.0,0.0,0.0,0.0,0.0,0.0,2.75,8.58,11.55,12.87,216.15,179.3,53.35,66.88,35.2,2.75,583.88
15.9089,0.0,0.0,0.0,0.0,0.0,0.0,0.0,0.0,6.16,8.25,10.01,226.49,188.32,69.3,81.84,38.06,0.0,628.43
15.9189,0.0,0.0,0.0,0.0,0.0,0.0,0.0,0.0,4.84,6.6,7.15,230.01,200.97,84.37,93.72,36.63,0.0,664.29
15.9289,0.0,0.0,0.0,0.0,0.0,0.0,0.0,0.0,3.63,4.95,2.86,231.77,206.36,103.95,108.68,41.03,0.0,703.23
15.9389,0.0,0.0,0.0,0.0,0.0,0.0,0.0,2.75,2.42,4.95,4.29,228.25,213.62,123.42,119.35,42.46,2.75,738.76
15.9489,0.0,0.0,0.0,0.0,0.0,0.0,0.0,2.75,0.0,4.95,4.29,230.01,215.38,140.91,130.02,42.46,2.75,768.02
15.9589,0.0,0.0,0.0,0.0,0.0,0.0,0.0,0.0,0.0,4.95,2.86,226.49,211.75,161.81,140.8,44.0,0.0,792.66
15.9689,0.0,0.0,0.0,0.0,0.0,0.0,0.0,0.0,0.0,3.3,2.86,221.32,209.99,177.43,146.96,42.46,0.0,804.32
15.9789,0.0,0.0,0.0,0.0,0.0,0.0,0.0,0.0,0.0,3.3,2.86,209.22,200.97,191.29,154.55,44.0,0.0,806.19
15.9889,0.0,0.0,0.0,0.0,0.0,0.0,0.0,0.0,0.0,3.3,2.86,195.47,188.32,205.26,159.17,45.43,0.0,799.81
15.9989,0.0,0.0,0.0,0.0,0.0,0.0,0.0,0.0,0.0,3.3,0.0,176.44,179.3,219.12,168.52,45.43,0.0,792.11
16.0089,3.41,0.0,0.0,0.0,0.0,0.0,0.0,2.75,0.0,3.3,0.0,159.72,167.09,235.4,170.17,45.43,6.16,781.11
16.0189,8.58,0.0,0.0,0.0,0.0,0.0,0.0,0.0,0.0,0.0,2.86,140.8,157.41,246.4,178.2,46.86,8.58,772.53
16.0289,11.99,0.0,0.0,0.0,0.0,0.0,0.0,0.0,0.0,3.3,0.0,123.42,149.27,253.66,183.15,44.0,11.99,756.8
16.0389,20.57,0.0,0.0,0.0,0.0,0.0,0.0,0.0,0.0,0.0,0.0,107.91,142.78,262.79,183.15,44.0,20.57,740.63
16.0489,37.84,0.0,0.0,0.0,0.0,0.0,0.0,0.0,0.0,3.3,0.0,88.55,134.64,268.29,187.99,39.6,37.84,722.37
16.0589,61.93,0.0,0.0,0.0,0.0,0.0,0.0,0.0,0.0,0.0,0.0,75.13,126.61,271.92,186.34,41.03,61.93,701.03
16.0689,92.95,0.0,0.0,2.31,2.75,0.0,0.0,0.0,0.0,3.3,0.0,60.17,110.55,271.92,187.99,41.03,98.01,674.96
16.0789,145.09,0.0,0.0,2.31,4.18,0.0,0.0,0.0,0.0,0.0,0.0,44.55,91.96,270.16,181.5,38.06,151.58,626.23
16.0889,178.53,59.95,26.18,4.73,6.93,3.85,0.0,0.0,0.0,3.3,2.86,28.6,61.05,262.79,170.17,42.46,280.17,571.23
16.0989,175.01,97.68,95.15,7.04,12.54,3.85,4.29,5.5,0.0,0.0,0.0,27.06,43.01,228.03,130.02,44.0,401.06,472.12
16.1089,169.62,104.17,125.29,18.92,22.22,5.17,7.15,6.82,0.0,4.95,2.86,23.87,38.06,172.26,71.39,55.77,459.36,369.16
16.1189,164.34,107.47,130.24,31.9,41.8,5.17,5.72,8.25,0.0,3.3,2.86,23.87,33.11,118.25,35.86,90.97,494.89,308.22
16.1289,155.54,107.47,131.89,49.61,57.2,7.81,8.69,9.57,0.0,3.3,0.0,20.68,26.4,55.77,24.75,107.8,527.78,238.7
16.1389,152.13,114.07,131.89,62.26,67.54,7.81,10.12,11.0,0.0,3.3,0.0,17.49,21.45,32.01,22.0,84.81,556.82,181.06
16.1489,150.37,115.72,133.43,72.27,73.37,6.49,10.12,12.32,0.0,0.0,0.0,9.46,14.85,21.34,19.25,54.23,574.09,119.13
16.1589,148.61,119.13,133.43,79.42,79.31,7.81,10.12,11.0,0.0,0.0,0.0,7.92,9.9,12.98,12.32,33.66,588.83,76.78
16.1689,146.85,119.13,131.89,83.71,83.71,9.13,11.55,13.75,0.0,0.0,0.0,4.73,6.6,9.46,11.0,20.46,599.72,52.25
16.1789,143.33,119.13,133.43,89.43,88.11,9.13,12.98,13.75,0.0,0.0,0.0,4.73,3.3,8.25,5.5,8.8,609.29,30.58
16.1889,139.92,117.37,130.24,95.15,92.51,9.13,12.98,13.75,0.0,0.0,0.0,3.08,3.3,8.25,4.07,4.4,611.05,23.1
16.1989,136.4,112.42,128.59,98.01,96.91,10.45,15.84,15.18,0.0,0.0,0.0,0.0,3.3,7.04,4.07,4.4,613.8,18.81
16.2089,129.36,107.47,123.64,102.3,101.31,9.13,18.81,13.75,0.0,0.0,0.0,3.08,3.3,5.83,2.75,4.4,605.77,19.36
16.2189,118.91,99.22,118.69,105.16,102.85,11.77,21.67,15.18,0.0,0.0,0.0,0.0,0.0,3.52,4.07,4.4,593.45,11.99
16.2289,111.87,92.73,110.66,109.45,105.71,11.77,23.1,16.5,0.0,0.0,0.0,0.0,3.3,5.83,2.75,4.4,581.79,16.28
16.2389,103.29,84.48,104.5,112.42,110.22,13.09,28.93,17.93,0.0,0.0,0.0,3.08,0.0,4.73,4.07,2.86,574.86,14.74
16.2489,94.71,76.34,93.61,120.12,113.63,14.41,31.79,19.25,0.0,0.0,0.0,0.0,0.0,4.73,0.0,4.4,563.86,9.13
16.2589,86.02,69.74,84.26,126.28,118.69,19.58,39.05,19.25,0.0,0.0,0.0,3.08,0.0,3.52,4.07,2.86,562.87,13.53
16.2689,77.44,61.6,74.91,132.55,118.69,23.54,44.88,22.0,0.0,0.0,0.0,0.0,0.0,3.52,4.07,2.86,555.61,10.45
16.2789,67.1,53.46,67.1,140.25,125.51,30.14,52.14,23.43,0.0,0.0,0.0,0.0,0.0,2.31,0.0,2.86,559.13,5.17
16.2889,60.17,46.97,57.97,147.95,130.68,39.27,56.43,24.75,0.0,0.0,0.0,0.0,0.0,2.31,2.75,2.86,564.19,7.92
16.2989,51.59,40.48,46.86,154.22,134.09,45.87,65.34,24.75,0.0,0.0,0.0,0.0,0.0,3.52,2.75,2.86,563.2,9.13
16.3089,46.42,33.99,42.79,158.84,137.5,52.47,72.71,26.18,0.0,0.0,0.0,0.0,0.0,2.31,2.75,2.86,570.9,7.92
16.3189,41.25,27.5,33.11,165.0,139.15,62.15,80.19,27.5,0.0,0.0,0.0,0.0,0.0,2.31,0.0,2.86,575.85,5.17
16.3289,36.08,21.01,28.93,169.73,145.97,70.62,86.13,28.93,0.0,0.0,0.0,0.0,0.0,2.31,2.75,2.86,587.4,7.92
16.3389,32.67,16.17,23.43,171.38,149.38,76.23,92.18,30.36,0.0,0.0,0.0,0.0,0.0,2.31,2.75,0.0,591.8,5.06
16.3489,29.26,9.68,17.93,174.57,152.79,84.7,102.63,31.68,0.0,0.0,0.0,0.0,0.0,3.52,0.0,2.86,603.24,6.38
16.3589,24.09,8.03,15.18,181.06,159.61,94.6,110.0,33.11,0.0,0.0,0.0,0.0,0.0,2.31,2.75,0.0,625.68,5.06
16.3689,20.57,6.38,12.43,184.36,164.78,104.5,119.46,31.68,0.0,0.0,0.0,0.0,0.0,3.52,0.0,2.86,644.16,6.38
16.3789,17.16,6.38,13.75,187.55,164.78,114.62,129.14,34.43,0.0,0.0,0.0,0.0,0.0,2.31,2.75,2.86,667.81,7.92
16.3889,13.75,6.38,12.43,189.2,169.84,130.02,137.17,34.43,0.0,0.0,0.0,0.0,0.0,0.0,0.0,0.0,693.22,0.0
16.3989,11.99,6.38,9.57,194.04,171.6,142.23,148.39,35.86,0.0,0.0,0.0,0.0,0.0,0.0,2.75,0.0,720.06,2.75
16.4089,8.58,4.84,8.25,195.69,169.84,154.44,156.42,38.61,0.0,0.0,0.0,0.0,0.0,0.0,0.0,2.86,736.67,2.86
16.4189,3.41,3.19,6.82,195.69,169.84,168.41,167.75,39.93,0.0,0.0,0.0,0.0,0.0,0.0,0.0,0.0,755.04,0.0
16.4288,0.0,3.19,5.5,195.69,164.78,183.26,176.0,39.93,0.0,0.0,0.0,0.0,0.0,0.0,0.0,0.0,768.35,0.0
16.4388,0.0,3.19,4.07,192.39,157.96,196.57,186.56,41.36,0.0,0.0,0.0,0.0,0.0,0.0,0.0,0.0,782.1,0.0
16.4488,0.0,3.19,5.5,184.36,151.14,208.23,197.12,42.68,0.0,0.0,0.0,0.0,0.0,2.31,0.0,0.0,792.22,2.31
16.4588,0.0,3.19,4.07,173.03,145.97,223.08,205.81,44.11,2.42,0.0,0.0,0.0,0.0,0.0,0.0,0.0,799.26,2.42
16.4688,0.0,0.0,4.07,158.84,137.5,234.74,214.61,44.11,2.42,0.0,0.0,0.0,0.0,0.0,0.0,0.0,793.87,2.42
16.4788,0.0,3.19,4.07,144.87,130.68,244.64,223.41,46.86,3.63,0.0,0.0,0.0,0.0,0.0,0.0,0.0,797.72,3.63
16.4888,0.0,3.19,4.07,127.82,122.1,251.35,230.12,46.86,3.63,0.0,0.0,0.0,0.0,0.0,0.0,0.0,785.51,3.63
16.4988,0.0,3.19,2.75,110.88,110.22,257.95,235.29,51.04,4.84,0.0,0.0,0.0,0.0,0.0,0.0,2.86,771.32,7.7
16.5088,0.0,0.0,0.0,96.58,102.85,266.2,236.94,51.04,7.37,0.0,0.0,0.0,0.0,0.0,0.0,0.0,753.61,7.37
16.5188,0.0,3.19,2.75,83.71,93.94,267.85,240.35,55.11,14.74,0.0,0.0,0.0,0.0,0.0,0.0,0.0,746.9,14.74
16.5288,0.0,3.19,0.0,67.98,79.31,272.8,240.35,56.54,29.59,0.0,0.0,0.0,0.0,0.0,0.0,0.0,720.17,29.59
16.5388,0.0,3.19,2.75,53.13,67.54,274.45,235.29,59.4,51.7,0.0,0.0,0.0,0.0,0.0,0.0,0.0,695.75,51.7
16.5488,0.0,3.19,0.0,34.21,48.73,274.45,223.41,65.34,91.41,4.95,2.86,0.0,0.0,0.0,0.0,0.0,649.33,99.22
16.5588,0.0,3.19,2.75,20.02,29.26,261.25,198.77,71.28,141.24,13.2,5.72,3.08,0.0,2.31,0.0,0.0,586.52,165.55
16.5688,0.0,3.19,2.75,17.71,26.4,211.53,142.01,83.27,145.53,139.7,48.62,4.73,3.3,3.52,0.0,0.0,486.86,345.4
16.5788,0.0,3.19,2.75,14.19,23.65,149.82,84.7,110.11,139.81,162.8,109.89,6.27,6.6,3.52,2.75,0.0,388.41,431.64
16.5888,0.0,3.19,2.75,11.77,20.9,103.07,40.48,151.8,141.24,172.81,132.88,12.65,9.9,4.73,4.07,5.83,333.96,484.11
16.5988,0.0,3.19,0.0,8.25,16.72,39.27,28.93,142.56,131.34,171.05,134.42,36.63,11.55,7.04,5.5,5.83,238.92,503.36
16.6088,0.0,3.19,0.0,5.83,12.54,24.86,23.1,87.78,118.69,169.4,139.04,54.12,21.45,8.25,9.57,11.66,157.3,532.18
16.6188,0.0,4.84,0.0,3.52,9.68,18.26,18.81,52.36,112.97,171.05,139.04,69.08,34.76,9.46,8.25,11.66,107.47,556.27
16.6288,0.0,3.19,0.0,2.31,6.93,11.77,12.98,31.68,108.79,171.05,143.66,79.53,44.66,9.46,11.0,11.66,68.86,579.81
16.6388,0.0,3.19,0.0,3.52,5.5,7.81,8.69,19.25,104.83,169.4,143.66,87.01,51.26,10.67,9.57,13.2,47.96,589.6
16.6488,0.0,0.0,0.0,2.31,4.18,6.49,5.72,4.07,99.44,164.45,142.12,92.95,59.51,10.67,12.32,13.2,22.77,594.66
16.6588,0.0,0.0,0.0,2.31,2.75,3.85,5.72,2.75,96.8,166.1,139.04,94.49,62.59,10.67,13.75,13.2,17.38,596.64
16.6688,0.0,0.0,0.0,2.31,2.75,5.17,4.29,0.0,92.73,162.8,134.42,101.97,67.21,10.67,13.75,14.63,14.52,598.18
16.6788,0.0,0.0,0.0,0.0,2.75,3.85,4.29,0.0,86.02,154.55,126.83,106.37,68.75,11.77,12.32,16.06,10.89,582.67
16.6888,0.0,0.0,0.0,2.31,0.0,3.85,4.29,2.75,80.74,147.95,117.59,107.91,70.29,11.77,11.0,16.06,13.2,563.31
16.6988,0.0,0.0,0.0,0.0,0.0,3.85,4.29,0.0,74.03,139.7,108.35,110.88,71.83,12.98,12.32,13.2,8.14,543.29
16.7088,0.0,0.0,0.0,0.0,0.0,2.53,2.86,2.75,68.64,131.56,99.0,112.42,73.37,12.98,12.32,16.06,8.14,526.35
16.7188,0.0,0.0,0.0,0.0,0.0,3.85,0.0,0.0,63.25,121.66,89.76,117.15,73.37,11.77,13.75,16.06,3.85,506.77
16.7288,0.0,0.0,0.0,0.0,0.0,2.53,2.86,0.0,56.65,110.22,80.41,121.88,76.45,14.19,12.32,14.63,5.39,486.75
16.7388,0.0,0.0,0.0,0.0,0.0,2.53,2.86,0.0,51.7,99.44,69.52,123.42,76.45,12.98,16.5,19.03,5.39,469.04
16.7488,0.0,0.0,0.0,0.0,0.0,2.53,0.0,0.0,45.54,91.74,64.9,129.69,82.72,12.98,16.5,19.03,2.53,463.1
16.7588,0.0,0.0,0.0,0.0,0.0,2.53,0.0,0.0,40.7,79.42,60.28,136.07,82.72,14.19,16.5,19.03,2.53,448.91
16.7688,0.0,0.0,0.0,0.0,0.0,0.0,2.86,0.0,35.75,70.18,54.34,139.15,90.42,16.61,15.18,20.46,2.86,442.09
16.7788,0.0,0.0,0.0,0.0,0.0,0.0,0.0,0.0,30.8,62.48,52.91,147.07,91.96,15.4,17.93,17.6,0.0,436.15
16.7888,0.0,0.0,0.0,0.0,0.0,0.0,0.0,0.0,27.06,57.75,47.19,151.8,98.23,16.61,19.25,22.0,0.0,439.89
16.7988,0.0,0.0,0.0,0.0,0.0,0.0,0.0,0.0,22.11,49.5,45.76,161.26,109.01,17.71,19.25,23.43,0.0,448.03
16.8088,0.0,0.0,0.0,0.0,0.0,0.0,0.0,0.0,19.69,41.25,40.04,174.68,115.28,17.71,22.0,23.43,0.0,454.08
16.8188,0.0,0.0,0.0,0.0,0.0,0.0,0.0,0.0,15.95,34.65,37.18,186.78,126.61,20.13,24.75,24.86,0.0,470.91
16.8288,0.0,0.0,0.0,0.0,0.0,0.0,0.0,0.0,13.53,26.4,31.46,198.88,139.59,23.65,26.18,26.4,0.0,486.09
16.8388,0.0,0.0,0.0,0.0,0.0,0.0,0.0,0.0,12.32,23.1,27.17,212.74,150.92,28.38,35.86,30.8,0.0,521.29
16.8488,0.0,0.0,0.0,0.0,0.0,0.0,0.0,0.0,9.79,16.5,22.88,226.49,160.6,40.26,44.11,30.8,0.0,551.43
16.8588,0.0,0.0,0.0,0.0,0.0,0.0,0.0,2.75,8.58,11.55,17.16,235.29,170.39,52.14,55.11,35.2,2.75,585.42
16.8688,0.0,0.0,0.0,0.0,0.0,0.0,0.0,0.0,7.37,8.25,8.58,245.85,179.3,66.22,68.31,35.2,0.0,619.08
16.8788,0.0,0.0,0.0,0.0,0.0,0.0,0.0,2.75,7.37,9.9,8.58,251.02,186.56,84.37,78.76,39.6,2.75,666.16
16.8888,0.0,0.0,0.0,0.0,0.0,0.0,0.0,0.0,6.16,8.25,4.29,259.82,191.95,100.98,90.75,38.06,0.0,700.26
16.8988,0.0,0.0,0.0,0.0,0.0,0.0,0.0,0.0,2.42,6.6,5.72,265.1,195.58,118.25,99.66,44.0,0.0,737.33
16.9088,0.0,0.0,0.0,0.0,0.0,0.0,0.0,2.75,0.0,4.95,4.29,270.38,200.97,140.91,107.14,46.86,2.75,775.5
16.9188,0.0,0.0,0.0,0.0,0.0,0.0,0.0,0.0,0.0,6.6,2.86,275.66,199.21,156.53,119.35,48.4,0.0,808.61
16.9288,0.0,0.0,0.0,0.0,0.0,0.0,0.0,0.0,0.0,3.3,2.86,275.66,197.34,175.67,127.05,46.86,0.0,828.74
16.9388,0.0,0.0,0.0,0.0,0.0,0.0,0.0,2.75,0.0,4.95,0.0,273.9,190.19,193.05,131.56,48.4,2.75,842.05
16.9488,0.0,0.0,0.0,0.0,0.0,0.0,0.0,0.0,0.0,3.3,0.0,266.86,177.54,206.91,136.18,45.43,0.0,836.22
16.9588,0.0,0.0,0.0,0.0,0.0,0.0,0.0,2.75,0.0,4.95,2.86,249.37,165.44,220.88,143.88,45.43,2.75,832.81
16.9688,3.41,0.0,0.0,0.0,0.0,0.0,0.0,0.0,0.0,4.95,2.86,233.53,152.46,233.53,146.96,45.43,3.41,819.72
16.9788,6.82,0.0,0.0,0.0,0.0,0.0,0.0,0.0,0.0,3.3,0.0,209.22,142.78,246.4,153.01,44.0,6.82,798.71
16.9888,10.23,0.0,0.0,0.0,0.0,0.0,0.0,0.0,0.0,3.3,0.0,185.02,134.64,257.29,156.09,46.86,10.23,783.2
16.9988,17.16,0.0,0.0,0.0,0.0,0.0,0.0,0.0,0.0,3.3,0.0,161.26,124.96,270.16,157.63,45.43,17.16,762.74
17.0088,30.91,0.0,0.0,0.0,0.0,0.0,0.0,0.0,0.0,3.3,0.0,140.8,118.47,271.92,159.17,42.46,30.91,736.12
17.0188,58.52,0.0,0.0,0.0,0.0,0.0,0.0,0.0,0.0,0.0,2.86,123.42,105.93,281.27,162.25,42.46,58.52,718.19
17.0288,89.54,0.0,0.0,2.31,0.0,0.0,0.0,0.0,0.0,0.0,2.86,101.97,96.69,286.88,159.17,42.46,91.85,690.03
17.0388,132.88,0.0,0.0,0.0,4.18,0.0,0.0,0.0,0.0,0.0,0.0,81.07,78.1,288.75,151.47,41.03,137.06,640.42
17.0488,169.62,43.67,6.82,3.52,4.18,0.0,0.0,0.0,0.0,3.3,0.0,60.17,52.91,294.47,139.26,41.03,227.81,591.14
17.0588,164.34,94.38,71.83,5.83,9.68,2.53,2.86,4.07,0.0,0.0,2.86,34.98,38.06,279.4,111.65,39.6,355.52,506.55
17.0688,159.06,105.82,106.04,16.5,12.54,5.17,5.72,5.5,0.0,0.0,2.86,31.79,36.41,217.36,62.37,44.0,416.35,394.79
17.0788,159.06,110.77,117.04,28.38,27.83,5.17,5.72,6.82,0.0,4.95,0.0,25.41,29.81,158.29,33.11,66.44,460.79,318.01
17.0888,153.89,112.42,118.69,43.67,44.55,5.17,7.15,8.25,0.0,4.95,0.0,25.41,28.05,90.42,22.0,81.73,493.79,252.56
17.0988,152.13,117.37,123.64,54.34,52.91,5.17,7.15,9.57,0.0,3.3,0.0,20.68,23.1,40.26,22.0,71.06,522.28,180.4
17.1088,153.89,122.43,123.64,62.26,58.63,6.49,8.69,11.0,0.0,4.95,0.0,17.49,14.85,28.38,19.25,44.0,547.03,128.92
17.1188,152.13,122.43,125.29,66.55,63.03,6.49,8.69,9.57,0.0,3.3,0.0,11.11,11.55,17.71,15.18,29.26,554.18,88.11
17.1288,153.89,125.84,125.29,70.84,66.0,7.81,8.69,11.0,0.0,0.0,0.0,6.27,6.6,11.77,11.0,23.43,569.36,59.07
17.1388,150.37,127.49,125.29,77.99,70.4,6.49,7.15,9.57,0.0,3.3,0.0,6.27,4.95,9.46,6.82,11.66,574.75,42.46
17.1488,148.61,125.84,125.29,80.85,73.37,6.49,8.69,11.0,0.0,0.0,0.0,4.73,4.95,8.25,5.5,2.86,580.14,26.29
17.1588,143.33,124.08,123.64,85.14,76.34,7.81,7.15,12.32,0.0,3.3,0.0,0.0,0.0,7.04,5.5,4.4,579.81,20.24
17.1688,139.92,120.78,121.99,88.0,79.31,6.49,8.69,13.75,0.0,0.0,0.0,4.73,4.95,5.83,4.07,2.86,578.93,22.44
17.1788,132.88,114.07,120.34,88.0,85.14,9.13,10.12,12.32,0.0,0.0,0.0,4.73,0.0,4.73,2.75,2.86,572.0,15.07
17.1888,125.84,107.47,118.69,89.43,88.11,9.13,11.55,12.32,0.0,0.0,0.0,4.73,0.0,4.73,2.75,4.4,562.54,16.61
17.1988,120.67,102.52,110.66,90.86,89.54,7.81,11.55,13.75,0.0,0.0,0.0,3.08,0.0,5.83,0.0,2.86,547.36,11.77
17.2088,113.63,96.03,109.12,95.15,93.94,9.13,12.98,13.75,0.0,0.0,0.0,0.0,0.0,3.52,4.07,2.86,543.73,10.45
17.2188,105.05,87.78,102.85,98.01,96.91,9.13,15.84,13.75,0.0,0.0,0.0,3.08,3.3,4.73,2.75,0.0,529.32,13.86
17.2288,96.36,81.29,93.61,102.3,101.31,9.13,18.81,15.18,0.0,0.0,0.0,3.08,0.0,3.52,2.75,0.0,517.99,9.35
17.2388,87.78,74.69,85.8,108.02,104.28,9.13,23.1,15.18,0.0,0.0,0.0,0.0,0.0,3.52,0.0,0.0,507.98,3.52
17.2488,79.2,68.2,79.53,113.96,108.68,10.45,27.5,15.18,0.0,0.0,0.0,0.0,0.0,2.31,2.75,0.0,502.7,5.06
17.2588,72.27,61.6,71.83,121.66,113.63,14.41,31.79,17.93,0.0,0.0,0.0,0.0,0.0,0.0,0.0,0.0,505.12,0.0
17.2688,65.34,55.11,64.02,127.82,117.04,15.73,39.05,17.93,0.0,0.0,0.0,0.0,0.0,3.52,2.75,0.0,502.04,6.27
17.2788,58.52,48.62,57.97,135.63,122.1,22.22,43.45,17.93,0.0,0.0,0.0,0.0,0.0,2.31,2.75,2.86,506.44,7.92
17.2888,51.59,43.67,49.72,140.25,128.92,28.82,52.14,20.68,0.0,0.0,0.0,0.0,0.0,2.31,2.75,2.86,515.79,7.92
17.2988,44.77,37.18,46.86,147.95,132.33,36.74,59.4,22.0,0.0,0.0,0.0,0.0,0.0,2.31,2.75,0.0,527.23,5.06
17.3088,39.6,30.69,40.04,149.49,140.91,44.55,69.74,22.0,0.0,0.0,0.0,0.0,0.0,3.52,0.0,0.0,537.02,3.52
17.3188,36.08,25.85,34.43,157.3,147.73,51.15,78.76,24.75,0.0,0.0,0.0,0.0,0.0,3.52,0.0,0.0,556.05,3.52
17.3288,32.67,19.36,28.93,160.38,154.55,60.72,89.21,27.5,0.0,0.0,0.0,0.0,0.0,0.0,0.0,0.0,573.32,0.0
17.3388,29.26,12.87,24.86,166.54,163.02,72.05,98.12,26.18,0.0,0.0,0.0,0.0,0.0,2.31,0.0,0.0,592.9,2.31
17.3488,25.74,9.68,19.25,171.38,168.19,81.95,111.54,30.36,0.0,0.0,0.0,0.0,0.0,0.0,2.75,0.0,618.09,2.75
17.3588,24.09,8.03,15.18,176.22,176.88,93.17,122.65,30.36,0.0,0.0,0.0,0.0,0.0,2.31,0.0,0.0,646.58,2.31
17.3688,18.92,8.03,11.0,177.87,180.4,104.5,132.33,33.11,0.0,0.0,0.0,0.0,0.0,3.52,0.0,0.0,666.16,3.52
17.3788,15.4,6.38,13.75,184.36,185.57,117.7,146.85,34.43,0.0,0.0,0.0,0.0,0.0,0.0,0.0,0.0,704.44,0.0
17.3888,13.75,6.38,9.57,187.55,190.85,131.45,158.07,35.86,0.0,0.0,0.0,0.0,0.0,2.31,0.0,0.0,733.48,2.31
17.3988,10.23,6.38,8.25,190.85,192.61,145.31,169.29,35.86,0.0,0.0,0.0,0.0,0.0,2.31,0.0,0.0,758.78,2.31
17.4088,6.82,3.19,9.57,194.04,194.26,159.06,181.28,37.18,0.0,0.0,0.0,0.0,0.0,2.31,0.0,0.0,785.4,2.31
17.4188,3.41,3.19,6.82,195.69,192.61,171.71,191.84,39.93,0.0,0.0,0.0,0.0,0.0,0.0,0.0,0.0,805.2,0.0
17.4288,0.0,3.19,5.5,194.04,187.33,186.67,202.29,41.36,0.0,0.0,0.0,0.0,0.0,0.0,0.0,0.0,820.38,0.0
17.4388,0.0,0.0,2.75,185.9,176.88,201.52,212.85,41.36,3.63,0.0,0.0,0.0,0.0,0.0,0.0,0.0,821.26,3.63
17.4488,0.0,3.19,2.75,177.87,168.19,213.18,223.41,41.36,3.63,0.0,0.0,0.0,0.0,0.0,0.0,0.0,829.95,3.63
17.4588,0.0,3.19,2.75,163.46,156.2,228.14,231.88,42.68,3.63,0.0,0.0,0.0,0.0,0.0,0.0,0.0,828.3,3.63
17.4688,0.0,3.19,2.75,146.41,145.97,236.39,238.7,44.11,4.84,0.0,0.0,0.0,0.0,0.0,0.0,0.0,817.52,4.84
17.4788,0.0,0.0,4.07,127.82,130.68,247.94,243.76,44.11,7.37,0.0,0.0,0.0,0.0,0.0,0.0,0.0,798.38,7.37
17.4888,0.0,0.0,4.07,108.02,115.28,254.65,248.93,46.86,13.53,0.0,0.0,0.0,0.0,0.0,0.0,2.86,777.81,16.39
17.4988,0.0,3.19,2.75,92.29,105.71,261.25,250.58,46.86,29.59,0.0,0.0,0.0,0.0,0.0,0.0,0.0,762.63,29.59
17.5088,0.0,3.19,2.75,75.13,91.08,266.2,247.17,49.61,49.28,0.0,0.0,0.0,0.0,0.0,0.0,0.0,735.13,49.28
17.5188,0.0,0.0,2.75,55.55,71.94,266.2,245.52,51.04,82.06,0.0,0.0,0.0,0.0,0.0,0.0,0.0,693.0,82.06
17.5288,0.0,3.19,0.0,37.84,55.77,267.85,233.53,55.11,125.73,14.85,5.72,3.08,0.0,0.0,0.0,0.0,653.29,149.38
17.5388,0.0,0.0,2.75,18.92,32.01,253.0,211.09,60.94,131.34,118.36,24.31,6.27,3.3,2.31,0.0,0.0,578.71,285.89
17.5488,0.0,3.19,4.07,15.29,27.83,204.82,148.39,75.79,122.87,146.3,78.87,7.92,6.6,3.52,0.0,0.0,479.38,366.08
17.5588,0.0,3.19,2.75,14.19,23.65,142.23,89.21,101.2,122.87,154.55,100.65,17.49,9.9,4.73,4.07,5.83,376.42,420.09
17.5688,0.0,4.84,2.75,11.77,20.9,91.85,39.05,148.72,121.44,161.15,108.35,36.63,11.55,5.83,6.82,7.26,319.88,459.03
17.5788,0.0,3.19,0.0,8.25,16.72,32.78,28.93,139.37,111.54,154.55,109.89,52.58,19.8,7.04,8.25,8.8,229.24,472.45
17.5888,0.0,4.84,2.75,5.83,11.11,23.54,21.67,83.27,108.79,157.85,116.05,64.68,28.05,8.25,9.57,11.66,153.01,504.9
17.5988,0.0,4.84,0.0,3.52,9.68,17.05,17.38,45.54,107.47,162.8,120.67,70.62,38.06,9.46,8.25,11.66,98.01,528.99
17.6088,0.0,3.19,0.0,3.52,5.5,11.77,12.98,28.93,104.83,159.5,125.29,79.53,44.66,9.46,11.0,13.2,65.89,547.47
17.6188,0.0,3.19,0.0,2.31,5.5,6.49,8.69,13.75,102.08,159.5,129.91,82.5,49.61,9.46,9.57,13.2,39.93,555.83
17.6288,0.0,0.0,0.0,2.31,4.18,5.17,7.15,2.75,98.12,156.2,131.45,88.55,54.56,9.46,11.0,13.2,21.56,562.54
17.6388,0.0,0.0,0.0,3.52,2.75,3.85,4.29,2.75,95.48,152.9,132.88,92.95,62.59,11.77,9.57,14.63,17.16,572.77
17.6488,0.0,0.0,0.0,2.31,2.75,5.17,5.72,0.0,90.09,151.25,129.91,94.49,67.21,11.77,11.0,14.63,15.95,570.35
17.6588,0.0,0.0,0.0,0.0,2.75,5.17,4.29,2.75,83.38,139.7,129.91,99.0,71.83,10.67,12.32,14.63,14.96,561.44
17.6688,0.0,0.0,0.0,0.0,4.18,2.53,4.29,2.75,76.67,131.56,123.75,101.97,78.1,11.77,11.0,14.63,13.75,549.45
17.6788,0.0,0.0,0.0,2.31,2.75,2.53,4.29,0.0,69.96,124.96,120.67,101.97,81.18,10.67,13.75,16.06,11.88,539.22
17.6888,0.0,0.0,0.0,0.0,0.0,2.53,0.0,2.75,63.25,113.41,113.08,107.91,84.26,12.98,12.32,14.63,5.28,521.84
17.6988,0.0,0.0,0.0,0.0,2.75,2.53,0.0,2.75,57.97,105.6,106.81,109.34,91.96,10.67,15.18,17.6,8.03,515.13
17.7088,0.0,0.0,0.0,0.0,2.75,2.53,2.86,0.0,51.7,94.82,99.0,115.5,96.69,11.77,12.32,17.6,8.14,499.4
17.7188,0.0,0.0,0.0,0.0,0.0,2.53,2.86,0.0,45.54,84.04,89.76,121.88,102.85,14.19,15.18,19.03,5.39,492.47
17.7288,0.0,0.0,0.0,0.0,0.0,2.53,2.86,2.75,39.38,76.34,83.49,124.96,110.55,14.19,17.93,19.03,8.14,485.87
17.7388,0.0,0.0,0.0,0.0,0.0,0.0,2.86,0.0,34.43,67.1,75.79,131.34,118.47,16.61,16.5,22.0,2.86,482.24
17.7488,0.0,0.0,0.0,0.0,0.0,2.53,2.86,0.0,29.59,60.94,71.06,137.61,124.96,14.19,20.68,22.0,5.39,481.03
17.7588,0.0,0.0,0.0,0.0,0.0,0.0,0.0,0.0,24.64,51.15,64.9,145.53,133.1,16.61,23.43,23.43,0.0,482.79
17.7688,0.0,0.0,0.0,0.0,0.0,2.53,0.0,0.0,22.11,46.2,57.2,153.45,141.13,17.71,26.18,22.0,2.53,485.98
17.7788,0.0,0.0,0.0,0.0,0.0,0.0,0.0,0.0,18.48,36.3,50.05,164.45,152.46,18.92,33.11,26.4,0.0,500.17
17.7888,0.0,0.0,0.0,0.0,0.0,0.0,0.0,0.0,15.95,29.7,44.33,174.68,157.41,24.86,41.36,29.26,0.0,517.55
17.7988,0.0,0.0,0.0,0.0,0.0,0.0,0.0,0.0,13.53,23.1,37.18,183.37,167.09,30.8,49.61,32.23,0.0,536.91
17.8088,0.0,0.0,0.0,0.0,0.0,0.0,0.0,2.75,11.0,16.5,28.6,193.71,175.78,41.47,59.4,30.8,2.75,557.26
17.8188,0.0,0.0,0.0,0.0,0.0,0.0,0.0,0.0,9.79,14.85,24.31,197.12,181.17,52.14,71.39,35.2,0.0,585.97
17.8288,0.0,0.0,0.0,0.0,0.0,0.0,0.0,0.0,7.37,11.55,14.3,207.46,186.56,66.22,80.3,36.63,0.0,610.39
17.8388,0.0,0.0,0.0,0.0,0.0,0.0,0.0,0.0,6.16,8.25,10.01,212.74,195.58,79.86,87.78,39.6,0.0,639.98
17.8488,0.0,0.0,0.0,0.0,0.0,0.0,0.0,0.0,4.84,6.6,7.15,219.56,200.97,96.47,98.23,41.03,0.0,674.85
17.8587,0.0,0.0,0.0,0.0,0.0,0.0,0.0,0.0,3.63,4.95,7.15,223.08,208.12,108.46,107.14,42.46,0.0,704.99
17.8687,0.0,0.0,0.0,0.0,0.0,0.0,0.0,0.0,2.42,4.95,5.72,226.49,209.99,125.18,116.27,45.43,0.0,736.45
17.8787,0.0,0.0,0.0,0.0,0.0,0.0,0.0,0.0,0.0,3.3,2.86,231.77,209.99,146.08,125.51,45.43,0.0,764.94
17.8887,0.0,0.0,0.0,0.0,0.0,0.0,0.0,0.0,0.0,3.3,2.86,233.53,206.36,163.57,133.1,46.86,0.0,789.58
17.8987,0.0,0.0,0.0,0.0,0.0,0.0,0.0,0.0,0.0,4.95,2.86,233.53,200.97,179.19,136.18,46.86,0.0,804.54
17.9087,3.41,0.0,0.0,0.0,0.0,0.0,0.0,0.0,0.0,3.3,2.86,231.77,191.95,193.05,143.88,48.4,3.41,815.21
17.9187,5.06,0.0,0.0,0.0,0.0,0.0,0.0,0.0,0.0,4.95,2.86,221.32,181.17,206.91,145.42,44.0,5.06,806.63
17.9287,5.06,0.0,0.0,0.0,0.0,0.0,0.0,0.0,0.0,4.95,2.86,207.46,168.74,219.12,149.93,46.86,5.06,799.92
17.9387,6.82,0.0,0.0,0.0,0.0,0.0,0.0,0.0,0.0,4.95,0.0,195.47,158.95,229.9,154.55,45.43,6.82,789.25
17.9487,8.58,0.0,0.0,0.0,0.0,0.0,0.0,0.0,0.0,3.3,2.86,178.09,147.62,248.16,154.55,45.43,8.58,780.01
17.9587,11.99,0.0,0.0,0.0,0.0,0.0,0.0,0.0,0.0,4.95,0.0,158.18,139.59,257.29,160.71,44.0,11.99,764.72
17.9687,18.92,0.0,0.0,0.0,0.0,0.0,0.0,0.0,0.0,3.3,0.0,140.8,129.8,268.29,163.79,44.0,18.92,749.98
17.9787,32.67,0.0,0.0,0.0,0.0,0.0,0.0,0.0,0.0,4.95,0.0,126.61,120.12,273.79,165.33,45.43,32.67,736.23
17.9887,55.11,0.0,0.0,0.0,0.0,0.0,0.0,0.0,0.0,4.95,0.0,110.88,113.63,279.4,165.33,42.46,55.11,716.65
17.9987,79.2,0.0,0.0,0.0,2.75,0.0,0.0,0.0,0.0,0.0,2.86,94.49,105.93,283.14,160.71,39.6,81.95,686.73
18.0087,113.63,0.0,0.0,0.0,2.75,0.0,0.0,0.0,0.0,3.3,0.0,76.56,91.96,281.27,160.71,41.03,116.38,654.83
18.0187,155.54,6.38,6.82,3.52,4.18,0.0,0.0,0.0,0.0,0.0,0.0,61.71,74.91,283.14,149.93,39.6,176.44,609.29
18.0287,160.82,68.2,40.04,4.73,11.11,3.85,4.29,4.07,0.0,3.3,2.86,36.63,52.91,275.66,140.8,35.2,297.11,547.36
18.0387,157.3,84.48,81.07,21.23,13.86,3.85,5.72,6.82,0.0,3.3,0.0,27.06,39.71,240.9,108.68,41.03,374.33,460.68
18.0487,157.3,89.43,96.69,31.9,25.08,5.17,5.72,6.82,0.0,0.0,2.86,27.06,33.11,179.19,60.94,46.86,418.11,350.02
18.0587,150.37,92.73,101.31,46.09,43.12,7.81,7.15,8.25,0.0,3.3,0.0,25.41,31.46,123.42,30.36,75.57,456.83,289.52
18.0687,148.61,96.03,107.58,55.55,54.34,7.81,8.69,9.57,0.0,3.3,0.0,20.68,28.05,58.74,23.43,92.51,488.18,226.71
18.0787,150.37,102.52,110.66,66.55,61.6,9.13,8.69,11.0,0.0,4.95,0.0,17.49,19.8,32.01,19.25,77.11,520.52,170.61
18.0887,150.37,105.82,112.2,76.56,70.4,7.81,10.12,12.32,0.0,4.95,0.0,11.11,16.5,23.65,15.18,48.4,545.6,119.79
18.0987,148.61,109.12,112.2,83.71,71.94,9.13,11.55,11.0,0.0,3.3,0.0,7.92,11.55,12.98,13.75,32.23,557.26,81.73
18.1087,150.37,110.77,113.85,88.0,76.34,9.13,10.12,12.32,0.0,3.3,0.0,3.08,6.6,10.67,8.25,20.46,570.9,52.36
18.1187,148.61,110.77,112.2,95.15,80.74,9.13,10.12,12.32,0.0,0.0,0.0,3.08,4.95,9.46,8.25,11.66,579.04,37.4
18.1287,145.09,112.42,110.66,99.44,82.17,10.45,11.55,13.75,0.0,3.3,0.0,4.73,0.0,7.04,5.5,2.86,585.53,23.43
18.1387,139.92,110.77,106.04,106.59,85.14,10.45,12.98,13.75,0.0,0.0,0.0,3.08,3.3,7.04,4.07,4.4,585.64,21.89
18.1487,134.64,107.47,99.77,112.42,88.11,9.13,12.98,15.18,0.0,0.0,0.0,3.08,3.3,5.83,2.75,4.4,579.7,19.36
18.1587,127.6,102.52,95.15,118.58,91.08,9.13,14.41,15.18,0.0,0.0,0.0,3.08,3.3,5.83,4.07,4.4,573.65,20.68
18.1687,118.91,99.22,88.88,126.28,93.94,11.77,14.41,15.18,0.0,0.0,0.0,3.08,0.0,5.83,4.07,4.4,568.59,17.38
18.1787,111.87,92.73,81.07,134.09,95.48,11.77,17.38,16.5,0.0,0.0,0.0,0.0,3.3,3.52,0.0,2.86,560.89,9.68
18.1887,103.29,86.13,74.91,143.33,96.91,13.09,17.38,16.5,0.0,0.0,0.0,3.08,3.3,3.52,0.0,2.86,551.54,12.76
18.1987,94.71,79.64,67.1,149.49,99.88,14.41,20.24,16.5,0.0,0.0,0.0,3.08,0.0,4.73,0.0,4.4,541.97,12.21
18.2087,86.02,71.39,57.97,157.3,101.31,15.73,23.1,19.25,0.0,0.0,0.0,0.0,0.0,3.52,0.0,2.86,532.07,6.38
18.2187,79.2,63.25,51.04,165.0,102.85,19.58,24.53,17.93,0.0,0.0,0.0,0.0,0.0,3.52,2.75,2.86,523.38,9.13
18.2287,72.27,56.65,46.86,173.03,105.71,26.18,30.36,19.25,0.0,0.0,0.0,0.0,0.0,3.52,4.07,2.86,530.31,10.45
18.2387,63.69,50.16,41.36,177.87,107.25,31.46,31.79,20.68,0.0,0.0,0.0,0.0,0.0,3.52,2.75,2.86,524.26,9.13
18.2487,56.76,43.67,35.86,182.71,111.87,36.74,37.62,20.68,0.0,0.0,0.0,0.0,0.0,2.31,0.0,2.86,525.91,5.17
18.2587,51.59,37.18,30.36,184.36,111.87,40.59,41.91,24.75,0.0,0.0,0.0,0.0,0.0,2.31,2.75,2.86,522.61,7.92
18.2687,44.77,30.69,27.61,190.85,117.04,48.51,47.74,24.75,0.0,0.0,0.0,0.0,0.0,0.0,2.75,2.86,531.96,5.61
18.2787,41.25,24.31,20.68,190.85,118.69,55.11,53.57,26.18,0.0,0.0,0.0,0.0,0.0,3.52,0.0,2.86,530.64,6.38
18.2887,37.84,19.36,19.25,194.04,125.51,63.58,57.86,26.18,0.0,0.0,0.0,0.0,0.0,2.31,2.75,0.0,543.62,5.06
18.2987,34.43,14.52,17.93,195.69,128.92,72.05,68.31,28.93,0.0,0.0,0.0,0.0,0.0,2.31,0.0,0.0,560.78,2.31
18.3087,30.91,9.68,16.5,195.69,137.5,79.09,75.79,30.36,0.0,0.0,0.0,0.0,0.0,2.31,0.0,0.0,575.52,2.31
18.3187,27.5,8.03,12.43,195.69,144.32,86.13,84.7,30.36,0.0,0.0,0.0,0.0,0.0,0.0,0.0,0.0,589.16,0.0
18.3287,25.74,4.84,12.43,198.88,147.73,96.03,93.61,31.68,0.0,0.0,0.0,0.0,0.0,2.31,0.0,0.0,610.94,2.31
18.3387,20.57,6.38,11.0,200.53,152.79,104.5,102.63,31.68,0.0,0.0,0.0,0.0,0.0,2.31,0.0,2.86,630.08,5.17
18.3487,18.92,4.84,9.57,203.72,159.61,116.16,113.08,34.43,0.0,0.0,0.0,0.0,0.0,3.52,0.0,0.0,660.33,3.52
18.3587,15.4,4.84,8.25,205.37,164.78,128.48,124.3,33.11,0.0,0.0,0.0,0.0,0.0,0.0,0.0,2.86,684.53,2.86
18.3687,11.99,4.84,9.57,208.56,166.43,140.69,133.98,35.86,0.0,0.0,0.0,0.0,0.0,2.31,0.0,2.86,711.92,5.17
18.3787,8.58,0.0,9.57,211.86,171.6,152.9,145.2,37.18,0.0,0.0,0.0,0.0,0.0,0.0,0.0,0.0,736.89,0.0
18.3887,6.82,4.84,6.82,213.51,171.6,166.76,153.23,38.61,0.0,0.0,0.0,0.0,0.0,0.0,0.0,0.0,762.19,0.0
18.3987,3.41,0.0,5.5,215.05,171.6,179.96,166.1,41.36,0.0,0.0,0.0,0.0,0.0,0.0,0.0,2.86,782.98,2.86
18.4087,0.0,3.19,4.07,213.51,166.43,189.97,174.24,41.36,0.0,0.0,0.0,0.0,0.0,0.0,0.0,2.86,792.77,2.86
18.4187,0.0,3.19,4.07,211.86,161.37,203.17,184.8,42.68,0.0,0.0,0.0,0.0,0.0,0.0,0.0,0.0,811.14,0.0
18.4287,0.0,0.0,4.07,203.72,154.55,219.78,193.6,44.11,2.42,0.0,0.0,0.0,0.0,0.0,0.0,0.0,819.83,2.42
18.4387,0.0,3.19,2.75,194.04,149.38,229.79,204.05,44.11,3.63,0.0,0.0,0.0,0.0,0.0,0.0,0.0,827.31,3.63
18.4487,0.0,0.0,2.75,179.52,139.15,239.69,214.61,46.86,3.63,0.0,0.0,0.0,0.0,2.31,0.0,0.0,822.58,5.94
18.4587,0.0,3.19,2.75,161.92,128.92,251.35,221.65,46.86,7.37,0.0,0.0,0.0,0.0,0.0,0.0,0.0,816.64,7.37
18.4687,0.0,3.19,2.75,141.79,118.69,259.6,226.71,49.61,14.74,0.0,0.0,0.0,0.0,0.0,0.0,0.0,802.34,14.74
18.4787,0.0,0.0,2.75,123.2,107.25,264.55,231.88,51.04,27.06,0.0,0.0,0.0,0.0,0.0,0.0,0.0,780.67,27.06
18.4887,0.0,3.19,2.75,105.16,95.48,272.8,233.53,53.79,43.12,0.0,0.0,0.0,0.0,0.0,0.0,0.0,766.7,43.12
18.4987,0.0,3.19,0.0,89.43,83.71,274.45,231.88,55.11,66.0,4.95,0.0,0.0,0.0,0.0,0.0,0.0,737.77,70.95
18.5087,0.0,3.19,2.75,70.84,68.97,276.1,226.71,57.97,104.83,11.55,4.29,0.0,0.0,0.0,0.0,0.0,706.53,120.67
18.5187,0.0,3.19,0.0,50.82,52.91,277.86,219.89,62.37,107.47,93.28,22.88,4.73,0.0,2.31,0.0,2.86,667.04,233.53
18.5287,0.0,3.19,2.75,31.9,34.76,269.5,200.53,63.91,100.76,116.71,71.06,7.92,8.25,4.73,5.5,4.4,606.54,319.33
18.5387,0.0,3.19,0.0,20.02,25.08,238.04,151.58,74.36,98.12,126.61,91.3,20.68,13.2,5.83,8.25,8.8,512.27,372.79
18.5487,0.0,4.84,0.0,15.29,23.65,168.41,92.18,95.15,96.8,129.91,95.92,39.82,21.45,8.25,9.57,10.23,399.52,411.95
18.5587,0.0,3.19,2.75,14.19,20.9,114.62,46.31,136.29,86.02,121.66,97.46,55.77,41.36,9.46,11.0,13.2,338.25,435.93
18.5687,0.0,4.84,0.0,10.56,16.72,51.15,28.93,148.72,83.38,124.96,99.0,67.65,57.97,10.67,11.0,14.63,260.92,469.26
18.5787,0.0,3.19,0.0,7.04,13.86,26.18,23.1,102.63,83.38,128.26,103.73,76.56,70.29,10.67,12.32,14.63,176.0,499.84
18.5887,0.0,3.19,0.0,5.83,9.68,19.58,17.38,55.11,82.06,129.91,111.43,82.5,78.1,12.98,11.0,16.06,110.77,524.04
18.5987,0.0,3.19,0.0,3.52,6.93,13.09,11.55,34.43,80.74,128.26,114.51,85.58,84.26,11.77,15.18,16.06,72.71,536.36
18.6087,0.0,3.19,0.0,3.52,4.18,9.13,10.12,19.25,77.99,128.26,119.13,89.98,91.96,12.98,12.32,16.06,49.39,548.68
18.6187,0.0,0.0,0.0,2.31,5.5,6.49,5.72,9.57,77.99,126.61,122.21,89.98,96.69,11.77,15.18,17.6,29.59,558.03
18.6287,0.0,0.0,0.0,2.31,4.18,5.17,4.29,0.0,75.35,126.61,125.29,91.52,99.77,12.98,16.5,16.06,15.95,564.08
18.6387,0.0,0.0,0.0,2.31,2.75,5.17,5.72,0.0,72.6,123.31,125.29,97.46,101.31,12.98,16.5,17.6,15.95,567.05
18.6487,0.0,0.0,0.0,0.0,0.0,5.17,5.72,2.75,68.64,118.36,122.21,97.46,104.39,12.98,16.5,19.03,13.64,559.57
18.6587,0.0,0.0,0.0,2.31,0.0,3.85,2.86,2.75,63.25,113.41,117.59,100.43,107.47,15.4,15.18,17.6,11.77,550.33
18.6687,0.0,0.0,0.0,0.0,0.0,2.53,2.86,0.0,59.29,107.14,111.43,104.94,110.55,12.98,19.25,19.03,5.39,544.61
18.6787,0.0,0.0,0.0,2.31,0.0,2.53,2.86,0.0,54.23,99.44,105.27,109.34,112.09,15.4,19.25,19.03,7.7,534.05
18.6887,0.0,0.0,0.0,2.31,2.75,2.53,2.86,0.0,49.28,90.2,95.92,110.88,116.82,15.4,20.68,20.46,10.45,519.64
18.6987,0.0,0.0,0.0,2.31,0.0,3.85,2.86,2.75,44.33,82.5,91.3,117.15,120.12,16.61,19.25,20.46,11.77,511.72
18.7087,0.0,0.0,0.0,2.31,0.0,2.53,2.86,0.0,40.7,77.88,88.22,121.88,121.66,16.61,20.68,22.0,7.7,509.63
18.7187,0.0,0.0,0.0,0.0,0.0,2.53,2.86,0.0,35.75,68.64,80.41,128.15,126.61,16.61,23.43,20.46,5.39,500.06
18.7287,0.0,0.0,0.0,0.0,0.0,0.0,0.0,0.0,32.01,64.02,75.79,132.88,131.45,17.71,26.18,23.43,0.0,503.47
18.7387,0.0,0.0,0.0,0.0,0.0,0.0,0.0,0.0,28.27,57.75,67.98,136.07,136.29,17.71,28.93,23.43,0.0,496.43
18.7487,0.0,0.0,0.0,0.0,0.0,2.53,0.0,0.0,24.64,51.15,63.36,142.34,142.78,18.92,34.43,24.86,2.53,502.48
18.7587,0.0,0.0,0.0,0.0,0.0,2.53,0.0,0.0,20.9,41.25,55.77,153.45,147.62,18.92,39.93,26.4,2.53,504.24
18.7687,0.0,0.0,0.0,0.0,0.0,0.0,0.0,0.0,19.69,34.65,51.48,156.53,152.46,23.65,45.54,29.26,0.0,513.26
18.7787,0.0,0.0,0.0,0.0,0.0,0.0,0.0,0.0,15.95,28.05,45.76,164.45,157.41,24.86,52.36,30.8,0.0,519.64
18.7887,0.0,0.0,0.0,0.0,0.0,0.0,0.0,0.0,14.74,26.4,41.47,166.1,163.9,30.8,59.4,30.8,0.0,533.61
18.7987,0.0,0.0,0.0,0.0,0.0,0.0,0.0,0.0,12.32,21.45,35.75,174.68,167.09,36.74,66.88,33.66,0.0,548.57
18.8087,0.0,0.0,0.0,0.0,0.0,0.0,0.0,0.0,11.0,16.5,30.03,178.09,173.91,43.89,75.79,35.2,0.0,564.41
18.8187,0.0,0.0,0.0,0.0,0.0,0.0,0.0,0.0,9.79,14.85,22.88,185.02,179.3,52.14,80.3,35.2,0.0,579.48
18.8287,0.0,0.0,0.0,0.0,0.0,0.0,0.0,0.0,7.37,8.25,18.59,193.71,184.8,60.28,90.75,38.06,0.0,601.81
18.8387,0.0,0.0,0.0,0.0,0.0,0.0,0.0,0.0,6.16,6.6,12.87,200.64,190.19,76.78,95.26,36.63,0.0,625.13
18.8487,0.0,0.0,0.0,0.0,0.0,0.0,0.0,0.0,4.84,6.6,8.58,204.05,197.34,88.88,108.68,41.03,0.0,660.0
18.8587,0.0,0.0,0.0,0.0,0.0,0.0,0.0,0.0,4.84,4.95,7.15,209.22,199.21,100.98,114.73,44.0,0.0,685.08
18.8687,0.0,0.0,0.0,0.0,0.0,0.0,0.0,0.0,3.63,4.95,5.72,212.74,204.6,114.73,125.51,44.0,0.0,715.88
18.8787,0.0,0.0,0.0,0.0,0.0,0.0,0.0,0.0,2.42,4.95,5.72,214.39,209.99,128.7,136.18,48.4,0.0,750.75
18.8887,0.0,0.0,0.0,0.0,0.0,0.0,0.0,0.0,0.0,4.95,4.29,216.15,211.75,144.32,145.42,48.4,0.0,775.28
18.8987,0.0,0.0,0.0,0.0,0.0,0.0,0.0,0.0,0.0,3.3,4.29,217.91,209.99,160.05,149.93,49.83,0.0,795.3
18.9087,0.0,0.0,0.0,0.0,0.0,0.0,0.0,0.0,0.0,4.95,2.86,217.91,202.73,175.67,157.63,51.26,0.0,813.01
18.9187,0.0,0.0,0.0,0.0,0.0,0.0,0.0,0.0,0.0,0.0,0.0,214.39,197.34,187.88,160.71,49.83,0.0,810.15
18.9287,0.0,0.0,0.0,0.0,0.0,0.0,0.0,0.0,0.0,0.0,0.0,205.81,184.8,198.22,163.79,48.4,0.0,801.02
18.9387,3.41,0.0,0.0,0.0,0.0,0.0,0.0,0.0,0.0,0.0,0.0,193.71,170.39,212.19,165.33,46.86,3.41,788.48
18.9487,5.06,0.0,0.0,0.0,0.0,0.0,0.0,0.0,0.0,3.3,2.86,181.61,155.76,222.64,171.71,46.86,5.06,784.74
18.9587,8.58,0.0,0.0,0.0,0.0,0.0,0.0,0.0,0.0,0.0,2.86,164.45,147.62,231.77,173.36,46.86,8.58,766.92
18.9687,15.4,0.0,0.0,0.0,0.0,0.0,0.0,0.0,0.0,3.3,0.0,143.99,137.94,242.66,176.66,46.86,15.4,751.41
18.9787,24.09,0.0,0.0,0.0,0.0,0.0,0.0,0.0,0.0,4.95,0.0,126.61,128.15,251.79,176.66,45.43,24.09,733.59
18.9887,43.01,0.0,0.0,0.0,0.0,0.0,0.0,0.0,0.0,3.3,2.86,107.91,121.66,259.16,179.85,45.43,43.01,720.17
18.9987,74.03,0.0,0.0,2.31,2.75,0.0,0.0,0.0,0.0,3.3,0.0,89.98,112.09,266.42,178.2,44.0,79.09,693.99
19.0087,120.67,0.0,0.0,3.52,4.18,0.0,0.0,0.0,0.0,0.0,2.86,72.16,101.31,268.29,178.2,42.46,128.37,665.28
19.0187,160.82,24.31,5.5,3.52,8.36,2.53,2.86,2.75,0.0,3.3,2.86,52.58,87.34,268.29,175.01,39.6,210.65,628.98
19.0287,164.34,68.2,56.54,10.56,9.68,2.53,5.72,4.07,0.0,3.3,0.0,36.63,65.67,261.03,163.79,41.03,321.64,571.45
19.0387,159.06,77.99,96.69,28.38,20.9,3.85,5.72,6.82,0.0,0.0,0.0,28.6,39.71,239.03,143.88,41.03,399.41,492.25
19.0487,153.89,81.29,106.04,41.36,41.8,6.49,7.15,8.25,0.0,3.3,0.0,27.06,36.41,186.12,90.75,44.0,446.27,387.64
19.0587,145.09,81.29,107.58,56.76,57.2,5.17,7.15,8.25,0.0,4.95,0.0,23.87,33.11,133.87,45.54,67.98,468.49,309.32
19.0687,138.16,81.29,106.04,72.27,70.4,6.49,8.69,9.57,0.0,4.95,0.0,22.22,28.05,79.86,24.75,100.1,492.91,259.93
19.0787,136.4,86.13,104.5,83.71,79.31,7.81,8.69,11.0,0.0,0.0,0.0,19.03,21.45,34.32,22.0,93.94,517.55,190.74
19.0887,136.4,89.43,101.31,92.29,86.57,7.81,10.12,12.32,0.0,3.3,0.0,14.3,18.15,24.86,17.93,66.44,536.25,144.98
19.0987,134.64,91.08,102.85,102.3,91.08,10.45,11.55,13.75,0.0,3.3,0.0,11.11,11.55,16.61,16.5,39.6,557.7,98.67
19.1087,131.12,91.08,99.77,108.02,98.34,10.45,14.41,13.75,0.0,3.3,0.0,4.73,8.25,10.67,12.32,29.26,566.94,68.53
19.1187,127.6,89.43,96.69,118.58,102.85,11.77,17.38,13.75,0.0,3.3,0.0,3.08,6.6,9.46,11.0,20.46,578.05,53.9
19.1287,122.43,86.13,96.69,124.74,107.25,11.77,21.67,15.18,0.0,0.0,0.0,4.73,6.6,8.25,6.82,10.23,585.86,36.63
19.1387,118.91,84.48,91.96,132.55,110.22,13.09,27.5,16.5,0.0,0.0,0.0,4.73,4.95,7.04,6.82,0.0,595.21,23.54
19.1487,113.63,81.29,85.8,135.63,115.28,13.09,31.79,16.5,0.0,0.0,0.0,3.08,4.95,4.73,5.5,4.4,593.01,22.66
19.1587,108.46,74.69,82.72,140.25,120.45,15.73,33.22,16.5,0.0,0.0,0.0,3.08,3.3,5.83,4.07,4.4,592.02,20.68
19.1687,101.53,68.2,77.99,146.41,122.1,18.26,39.05,15.18,0.0,0.0,0.0,0.0,3.3,7.04,2.75,4.4,588.72,17.49
19.1787,94.71,63.25,67.1,149.49,123.86,22.22,41.91,17.93,0.0,0.0,0.0,0.0,3.3,4.73,4.07,4.4,580.47,16.5
19.1887,86.02,56.65,62.48,155.76,125.51,26.18,46.31,17.93,0.0,0.0,0.0,0.0,3.3,4.73,4.07,4.4,576.84,16.5
19.1987,79.2,50.16,57.97,160.38,127.27,28.82,49.17,20.68,0.0,0.0,0.0,0.0,3.3,4.73,0.0,4.4,573.65,12.43
19.2087,74.03,42.13,52.47,163.46,130.68,32.78,53.57,22.0,0.0,0.0,0.0,0.0,0.0,2.31,4.07,4.4,571.12,10.78
19.2187,67.1,37.18,46.86,165.0,132.33,39.27,57.86,22.0,0.0,0.0,0.0,0.0,0.0,2.31,4.07,2.86,567.6,9.24
19.2287,60.17,32.34,42.79,169.73,132.33,43.23,60.83,24.75,0.0,0.0,0.0,0.0,0.0,3.52,2.75,2.86,566.17,9.13
19.2387,55.11,27.5,40.04,171.38,134.09,48.51,65.34,24.75,0.0,0.0,0.0,0.0,0.0,2.31,0.0,2.86,566.72,5.17
19.2487,51.59,21.01,34.43,176.22,135.74,52.47,68.31,24.75,0.0,0.0,0.0,0.0,0.0,2.31,2.75,0.0,564.52,5.06
19.2587,46.42,19.36,33.11,177.87,140.91,56.43,72.71,26.18,0.0,0.0,0.0,0.0,0.0,2.31,2.75,2.86,572.99,7.92
19.2687,41.25,17.82,27.61,177.87,140.91,62.15,75.79,26.18,0.0,0.0,0.0,0.0,0.0,3.52,0.0,0.0,569.58,3.52
19.2787,37.84,14.52,24.86,184.36,142.56,66.33,81.73,28.93,0.0,0.0,0.0,0.0,0.0,2.31,2.75,2.86,581.13,7.92
19.2886,34.43,11.33,23.43,184.36,147.73,73.48,87.67,27.5,0.0,0.0,0.0,0.0,0.0,2.31,2.75,0.0,589.93,5.06
19.2986,30.91,8.03,17.93,187.55,149.38,79.09,93.61,28.93,0.0,0.0,0.0,0.0,0.0,2.31,0.0,2.86,595.43,5.17
19.3086,29.26,8.03,15.18,189.2,154.55,86.13,96.58,30.36,0.0,0.0,0.0,0.0,0.0,2.31,0.0,0.0,609.29,2.31
19.3186,25.74,6.38,13.75,192.39,157.96,90.42,105.6,30.36,0.0,0.0,0.0,0.0,0.0,0.0,2.75,0.0,622.6,2.75
19.3286,22.33,4.84,11.0,194.04,159.61,96.03,110.0,30.36,0.0,0.0,0.0,0.0,0.0,0.0,2.75,0.0,628.21,2.75
19.3386,20.57,4.84,9.57,198.88,163.02,104.5,114.62,31.68,0.0,0.0,0.0,0.0,0.0,0.0,2.75,0.0,647.68,2.75
19.3486,18.92,4.84,9.57,200.53,166.43,111.65,124.3,33.11,0.0,0.0,0.0,0.0,0.0,2.31,0.0,0.0,669.35,2.31
19.3586,17.16,3.19,9.57,200.53,169.84,116.16,130.68,34.43,0.0,0.0,0.0,0.0,0.0,2.31,0.0,0.0,681.56,2.31
19.3686,13.75,4.84,8.25,203.72,171.6,123.86,137.17,35.86,0.0,0.0,0.0,0.0,0.0,0.0,0.0,0.0,699.05,0.0
19.3786,11.99,4.84,8.25,203.72,175.12,134.53,145.2,35.86,0.0,0.0,0.0,0.0,0.0,0.0,0.0,0.0,719.51,0.0
19.3886,10.23,4.84,8.25,203.72,176.88,142.23,154.88,37.18,0.0,0.0,0.0,0.0,0.0,0.0,0.0,0.0,738.21,0.0
19.3986,5.06,0.0,8.25,203.72,175.12,149.82,162.91,38.61,0.0,0.0,0.0,0.0,0.0,0.0,0.0,0.0,743.49,0.0
19.4086,5.06,3.19,6.82,203.72,176.88,159.06,167.75,38.61,0.0,0.0,0.0,0.0,0.0,0.0,0.0,0.0,761.09,0.0
19.4186,3.41,3.19,5.5,203.72,178.64,163.68,177.76,38.61,0.0,0.0,0.0,0.0,0.0,0.0,0.0,0.0,774.51,0.0
19.4286,0.0,3.19,4.07,202.18,173.36,171.71,183.04,41.36,0.0,0.0,0.0,0.0,0.0,0.0,0.0,0.0,778.91,0.0
19.4386,0.0,3.19,4.07,197.23,168.19,179.96,191.84,39.93,0.0,0.0,0.0,0.0,0.0,0.0,0.0,0.0,784.41,0.0
19.4486,0.0,0.0,2.75,189.2,159.61,186.67,195.36,39.93,0.0,0.0,0.0,0.0,0.0,0.0,0.0,0.0,773.52,0.0
19.4586,0.0,3.19,2.75,177.87,152.79,193.27,202.29,41.36,0.0,0.0,0.0,0.0,0.0,0.0,0.0,0.0,773.52,0.0
19.4686,0.0,0.0,2.75,165.0,144.32,203.17,211.09,41.36,0.0,0.0,0.0,0.0,0.0,0.0,0.0,0.0,767.69,0.0
19.4786,0.0,0.0,2.75,149.49,134.09,211.53,218.13,42.68,0.0,0.0,0.0,0.0,0.0,0.0,0.0,0.0,758.67,0.0
19.4886,0.0,0.0,2.75,132.55,125.51,223.08,226.71,44.11,0.0,0.0,0.0,0.0,0.0,0.0,0.0,0.0,754.71,0.0
19.4986,0.0,0.0,2.75,112.42,115.28,229.79,230.12,44.11,0.0,0.0,0.0,0.0,0.0,0.0,0.0,0.0,734.47,0.0
19.5086,0.0,3.19,2.75,96.58,105.71,238.04,235.29,46.86,3.63,0.0,0.0,0.0,0.0,0.0,0.0,0.0,728.42,3.63
19.5186,0.0,0.0,0.0,83.71,96.91,241.34,238.7,48.29,6.16,0.0,0.0,0.0,0.0,0.0,0.0,0.0,708.95,6.16
19.5286,0.0,3.19,2.75,69.41,86.57,246.29,240.35,52.36,7.37,0.0,0.0,0.0,0.0,0.0,0.0,0.0,700.92,7.37
19.5386,0.0,0.0,0.0,55.55,76.34,247.94,242.11,56.54,12.32,0.0,0.0,0.0,0.0,0.0,0.0,0.0,678.48,12.32
19.5486,0.0,3.19,0.0,42.57,64.57,246.29,240.35,60.94,34.43,0.0,0.0,0.0,0.0,0.0,0.0,0.0,657.91,34.43
19.5586,0.0,3.19,0.0,31.9,55.77,242.99,236.94,62.37,66.0,0.0,0.0,0.0,0.0,0.0,0.0,0.0,633.16,66.0
19.5686,0.0,3.19,0.0,20.02,41.8,233.09,228.47,66.88,106.15,0.0,0.0,0.0,0.0,2.31,0.0,0.0,593.45,108.46
19.5786,0.0,3.19,0.0,16.5,26.4,214.83,209.33,71.28,141.24,84.04,18.59,0.0,0.0,2.31,0.0,0.0,541.53,246.18
19.5886,0.0,3.19,0.0,14.19,22.22,181.61,164.45,81.73,144.1,159.5,94.38,6.27,6.6,3.52,5.5,4.4,467.39,424.27
19.5986,0.0,0.0,0.0,11.77,19.47,137.61,110.0,95.15,146.96,182.93,137.5,34.98,13.2,7.04,8.25,10.23,374.0,541.09
19.6086,0.0,3.19,0.0,10.56,19.47,97.46,60.83,127.05,134.2,184.58,143.66,66.11,28.05,8.25,11.0,13.2,318.56,589.05
19.6186,0.0,0.0,0.0,7.04,16.72,49.83,27.5,159.5,110.22,172.81,134.42,97.46,52.91,12.98,11.0,16.06,260.59,607.86
19.6286,0.0,3.19,2.75,4.73,11.11,22.22,18.81,133.21,92.73,159.5,117.59,129.69,68.75,14.19,15.18,19.03,196.02,616.66
19.6386,0.0,3.19,0.0,4.73,9.68,15.73,17.38,75.79,79.31,147.95,103.73,153.45,81.18,17.71,20.68,23.43,126.5,627.44
19.6486,0.0,0.0,0.0,4.73,8.36,13.09,11.55,31.68,69.96,138.16,97.46,171.27,90.42,18.92,22.0,24.86,69.41,633.05
19.6586,0.0,0.0,0.0,3.52,5.5,7.81,10.12,19.25,63.25,129.91,89.76,183.37,99.77,21.34,20.68,24.86,46.2,632.94
19.6686,0.0,0.0,0.0,4.73,5.5,7.81,8.69,5.5,55.44,116.71,81.95,197.12,107.47,21.34,26.18,29.26,32.23,635.47
19.6786,0.0,0.0,0.0,4.73,4.18,6.49,7.15,2.75,50.49,107.14,77.33,209.22,115.28,23.65,28.93,30.8,25.3,642.84
19.6886,0.0,0.0,0.0,3.52,5.5,6.49,7.15,4.07,45.54,96.36,67.98,219.56,120.12,27.28,33.11,33.66,26.73,643.61
19.6986,0.0,0.0,0.0,3.52,4.18,5.17,7.15,2.75,41.91,90.2,61.82,224.84,124.96,33.22,34.43,32.23,22.77,643.61
19.7086,0.0,0.0,0.0,2.31,2.75,5.17,5.72,2.75,36.96,82.5,57.2,230.01,128.15,36.74,39.93,35.2,18.7,646.69
19.7186,0.0,0.0,0.0,3.52,4.18,2.53,5.72,2.75,33.22,74.8,51.48,231.77,129.8,41.47,44.11,32.23,18.7,638.88
19.7286,0.0,0.0,0.0,2.31,2.75,3.85,4.29,2.75,29.59,65.56,47.19,237.05,129.8,46.2,46.86,36.63,15.95,638.88
19.7386,0.0,0.0,0.0,2.31,0.0,3.85,4.29,2.75,27.06,59.4,42.9,237.05,131.45,49.83,46.86,35.2,13.2,629.75
19.7486,0.0,0.0,0.0,2.31,2.75,3.85,4.29,2.75,24.64,52.8,38.61,240.57,129.8,54.56,51.04,38.06,15.95,630.08
19.7586,0.0,0.0,0.0,0.0,2.75,2.53,4.29,2.75,22.11,44.55,34.32,240.57,129.8,60.28,55.11,38.06,12.32,624.8
19.7686,0.0,0.0,0.0,0.0,2.75,2.53,2.86,2.75,19.69,37.95,31.46,242.33,133.1,66.22,56.54,38.06,10.89,625.35
19.7786,0.0,0.0,0.0,0.0,2.75,2.53,2.86,2.75,18.48,33.0,27.17,244.09,134.64,73.81,56.54,38.06,10.89,625.79
19.7886,0.0,0.0,0.0,0.0,2.75,2.53,2.86,2.75,17.16,29.7,24.31,244.09,136.29,75.35,62.37,38.06,10.89,627.33
19.7986,0.0,0.0,0.0,0.0,2.75,2.53,0.0,2.75,15.95,26.4,20.02,244.09,137.94,79.86,65.34,39.6,8.03,629.2
19.8086,0.0,0.0,0.0,0.0,0.0,0.0,2.86,2.75,14.74,23.1,20.02,244.09,136.29,84.37,66.88,36.63,5.61,626.12
19.8186,0.0,0.0,0.0,0.0,0.0,2.53,2.86,0.0,13.53,19.8,18.59,245.85,136.29,87.34,69.85,39.6,5.39,630.85
19.8286,0.0,0.0,0.0,0.0,0.0,2.53,2.86,2.75,12.32,18.15,17.16,242.33,137.94,91.96,69.85,39.6,8.14,629.31
19.8386,0.0,0.0,0.0,0.0,2.75,2.53,2.86,0.0,11.0,16.5,15.73,245.85,141.13,93.39,72.82,39.6,8.14,636.02
19.8486,0.0,0.0,0.0,0.0,0.0,2.53,2.86,2.75,9.79,14.85,14.3,247.61,141.13,96.47,75.79,39.6,8.14,639.54
19.8586,0.0,0.0,0.0,0.0,0.0,0.0,2.86,2.75,8.58,11.55,12.87,249.37,142.78,102.52,77.33,41.03,5.61,646.03
19.8686,0.0,0.0,0.0,0.0,0.0,0.0,0.0,2.75,8.58,13.2,12.87,247.61,144.43,105.49,80.3,42.46,2.75,654.94
19.8786,0.0,0.0,0.0,0.0,0.0,0.0,0.0,2.75,8.58,11.55,11.44,251.02,144.43,108.46,81.84,42.46,2.75,659.78
19.8886,0.0,0.0,0.0,0.0,0.0,0.0,2.86,2.75,7.37,8.25,8.58,254.54,147.62,113.08,81.84,41.03,5.61,662.31
19.8986,0.0,0.0,0.0,0.0,0.0,0.0,0.0,2.75,7.37,8.25,8.58,254.54,149.27,120.01,84.81,42.46,2.75,675.29
19.9086,0.0,0.0,0.0,0.0,0.0,2.53,2.86,0.0,7.37,9.9,8.58,254.54,149.27,125.18,90.75,44.0,5.39,689.59
19.9186,0.0,0.0,0.0,0.0,2.75,2.53,2.86,2.75,6.16,8.25,7.15,259.82,154.11,128.7,93.72,44.0,10.89,701.91
19.9286,0.0,0.0,2.75,0.0,0.0,2.53,2.86,4.07,6.16,8.25,5.72,261.58,155.76,135.63,92.29,44.0,12.21,709.39
19.9386,0.0,0.0,2.75,3.52,2.75,0.0,0.0,4.07,6.16,8.25,5.72,263.34,157.41,140.91,96.69,46.86,13.09,725.34
19.9486,10.23,0.0,2.75,3.52,4.18,2.53,2.86,0.0,6.16,8.25,5.72,265.1,157.41,147.84,99.66,48.4,26.07,738.54
19.9586,13.75,0.0,2.75,3.52,4.18,2.53,0.0,2.75,4.84,6.6,5.72,266.86,160.6,154.77,102.74,48.4,29.48,750.53
19.9686,15.4,3.19,4.07,3.52,5.5,2.53,2.86,0.0,2.42,4.95,4.29,268.62,158.95,158.29,107.14,46.86,37.07,751.52
19.9786,13.75,3.19,2.75,2.31,4.18,2.53,4.29,0.0,0.0,3.3,2.86,268.62,158.95,166.98,110.22,48.4,33.0,759.33
19.9886,13.75,3.19,4.07,5.83,5.5,2.53,2.86,2.75,0.0,3.3,2.86,270.38,157.41,172.26,113.19,49.83,40.48,769.23
19.9986,11.99,3.19,6.82,5.83,5.5,2.53,2.86,2.75,0.0,3.3,0.0,268.62,154.11,180.95,116.27,45.43,41.47,768.68
20.0086,11.99,3.19,8.25,10.56,6.93,0.0,2.86,2.75,0.0,3.3,0.0,259.82,150.92,189.64,122.43,44.0,46.53,770.11
20.0186,6.82,3.19,6.82,28.38,38.94,5.17,4.29,5.5,0.0,0.0,0.0,252.78,142.78,191.29,128.59,46.86,99.11,762.3
20.0286,6.82,3.19,6.82,30.69,41.8,5.17,7.15,5.5,0.0,3.3,0.0,245.85,133.1,196.57,123.97,42.46,107.14,745.25
20.0386,10.23,3.19,8.25,38.94,51.48,5.17,8.69,6.82,0.0,3.3,2.86,230.01,124.96,194.81,127.05,42.46,132.77,725.45
20.0486,11.99,4.84,6.82,47.3,63.03,6.49,8.69,9.57,0.0,0.0,0.0,217.91,110.55,199.98,127.05,39.6,158.73,695.09
20.0586,15.4,3.19,8.25,59.4,64.57,6.49,10.12,9.57,0.0,0.0,0.0,202.29,102.85,201.74,128.59,41.03,176.99,676.5
20.0686,24.09,3.19,8.25,67.98,63.03,7.81,10.12,11.0,0.0,3.3,0.0,185.02,93.5,205.26,127.05,39.6,195.47,653.73
20.0786,29.26,6.38,6.82,79.42,66.0,9.13,11.55,12.32,0.0,0.0,0.0,166.1,82.72,205.26,125.51,39.6,220.88,619.19
20.0886,37.84,12.87,8.25,89.43,71.94,10.45,11.55,12.32,0.0,0.0,0.0,142.34,70.29,206.91,127.05,38.06,254.65,584.65
20.0986,44.77,19.36,9.57,93.72,77.77,9.13,14.41,13.75,0.0,0.0,0.0,124.96,62.59,206.91,123.97,38.06,282.48,556.49
20.1086,48.18,24.31,9.57,98.01,85.14,10.45,15.84,15.18,0.0,3.3,0.0,106.37,49.61,208.67,117.81,36.63,306.68,522.39
20.1186,51.59,29.15,13.75,100.87,91.08,11.77,17.38,15.18,0.0,0.0,0.0,89.98,38.06,208.67,111.65,35.2,330.77,483.56
20.1286,55.11,30.69,13.75,106.59,96.91,13.09,26.07,15.18,0.0,0.0,0.0,72.16,24.75,203.5,101.2,32.23,357.39,433.84
20.1386,60.17,37.18,17.93,110.88,101.31,14.41,31.79,17.93,0.0,0.0,0.0,50.93,18.15,196.57,84.81,24.86,391.6,375.32
20.1486,63.69,43.67,23.43,112.42,107.25,17.05,37.62,17.93,0.0,0.0,0.0,25.41,14.85,182.6,59.4,24.86,423.06,307.12
20.1586,67.1,48.62,27.61,113.96,111.87,17.05,41.91,19.25,0.0,0.0,0.0,17.49,14.85,146.08,38.61,27.83,447.37,244.86
20.1686,70.51,51.81,33.11,115.5,117.04,20.9,47.74,19.25,0.0,0.0,0.0,17.49,14.85,100.98,24.75,42.46,475.86,200.53
20.1786,72.27,53.46,37.29,115.5,120.45,22.22,55.0,20.68,0.0,0.0,0.0,14.3,11.55,64.79,16.5,61.82,496.87,168.96
20.1886,75.68,55.11,41.36,118.58,127.27,24.86,57.86,22.0,0.0,0.0,0.0,12.65,8.25,33.22,11.0,72.6,522.72,137.72
20.1986,79.2,58.3,46.86,120.12,130.68,26.18,63.8,22.0,0.0,0.0,0.0,9.46,8.25,16.61,8.25,54.23,547.14,96.8
20.2086,80.85,61.6,48.29,123.2,132.33,28.82,65.34,23.43,0.0,0.0,0.0,6.27,6.6,12.98,6.82,26.4,563.86,59.07
20.2186,80.85,63.25,51.04,129.36,135.74,31.46,69.74,22.0,0.0,0.0,0.0,6.27,3.3,11.77,5.5,10.23,583.44,37.07
20.2286,82.61,64.9,51.04,130.9,135.74,31.46,69.74,22.0,0.0,0.0,0.0,7.92,0.0,9.46,5.5,2.86,588.39,25.74
20.2386,82.61,66.55,52.47,135.63,135.74,34.1,71.28,23.43,0.0,0.0,0.0,4.73,4.95,8.25,2.75,4.4,601.81,25.08
20.2486,82.61,66.55,52.47,140.25,134.09,34.1,71.28,23.43,0.0,0.0,0.0,6.27,3.3,8.25,5.5,5.83,604.78,29.15
20.2586,82.61,68.2,49.72,143.33,134.09,36.74,66.77,23.43,0.0,0.0,0.0,6.27,3.3,8.25,2.75,5.83,604.89,26.4
20.2686,82.61,68.2,49.72,146.41,130.68,36.74,69.74,24.75,0.0,0.0,0.0,6.27,3.3,7.04,4.07,2.86,608.85,23.54
20.2786,82.61,69.74,48.29,146.41,128.92,36.74,68.31,24.75,0.0,0.0,0.0,6.27,3.3,5.83,4.07,2.86,605.77,22.33
20.2886,84.37,71.39,49.72,147.95,128.92,36.74,65.34,24.75,0.0,0.0,0.0,6.27,0.0,5.83,5.5,4.4,609.18,22.0
20.2986,84.37,73.04,49.72,147.95,123.86,35.42,62.37,24.75,0.0,0.0,0.0,4.73,0.0,5.83,5.5,4.4,601.48,20.46
20.3086,86.02,73.04,51.04,147.95,120.45,31.46,57.86,23.43,0.0,0.0,0.0,4.73,0.0,5.83,5.5,4.4,591.25,20.46
20.3186,86.02,73.04,52.47,144.87,117.04,31.46,55.0,23.43,0.0,0.0,0.0,4.73,3.3,4.73,4.07,2.86,583.33,19.69
20.3286,87.78,74.69,53.79,141.79,113.63,27.5,50.6,22.0,0.0,0.0,0.0,4.73,4.95,4.73,5.5,4.4,571.78,24.31
20.3386,89.54,74.69,53.79,137.17,107.25,23.54,44.88,22.0,0.0,0.0,0.0,4.73,4.95,5.83,5.5,4.4,552.86,25.41
20.3486,92.95,77.99,55.22,132.55,102.85,20.9,40.48,20.68,0.0,0.0,0.0,4.73,0.0,5.83,9.57,4.4,543.62,24.53
20.3586,96.36,79.64,59.4,126.28,99.88,18.26,33.22,20.68,0.0,0.0,0.0,3.08,4.95,4.73,38.61,5.83,533.72,57.2
20.3686,98.12,81.29,64.02,120.12,93.94,17.05,30.36,19.25,0.0,0.0,0.0,4.73,41.36,5.83,30.36,7.26,524.15,89.54
20.3786,101.53,84.48,65.56,112.42,91.08,14.41,24.53,17.93,0.0,0.0,0.0,38.17,46.31,10.67,19.25,11.66,511.94,126.06
20.3886,103.29,84.48,68.64,106.59,85.14,14.41,21.67,17.93,0.0,0.0,0.0,58.74,54.56,14.19,22.0,13.2,502.15,162.69
20.3986,105.05,86.13,68.64,100.87,79.31,13.09,20.24,16.5,0.0,0.0,0.0,66.11,57.97,15.4,24.75,14.63,489.83,178.86
20.4086,105.05,84.48,68.64,96.58,73.37,10.45,17.38,15.18,0.0,0.0,0.0,82.5,54.56,16.61,22.0,14.63,471.13,190.3
20.4186,105.05,84.48,67.1,89.43,66.0,11.77,17.38,15.18,0.0,0.0,0.0,100.43,54.56,17.71,19.25,14.63,456.39,206.58
20.4286,105.05,82.94,68.64,83.71,60.17,9.13,17.38,15.18,0.0,0.0,0.0,117.15,52.91,16.61,16.5,17.6,442.2,220.77
20.4386,105.05,82.94,67.1,80.85,52.91,10.45,15.84,13.75,0.0,0.0,0.0,136.07,59.51,16.61,15.18,16.06,428.89,243.43
20.4486,105.05,81.29,64.02,73.7,48.73,9.13,14.41,13.75,0.0,0.0,0.0,153.45,65.67,16.61,15.18,19.03,410.08,269.94
20.4586,103.29,79.64,64.02,70.84,40.37,7.81,14.41,12.32,0.0,0.0,0.0,169.51,71.83,18.92,16.5,17.6,392.7,294.36
20.4686,103.29,77.99,60.94,65.12,34.76,7.81,11.55,11.0,0.0,0.0,0.0,183.37,84.26,21.34,20.68,23.43,372.46,333.08
20.4786,101.53,76.34,60.94,57.97,27.83,7.81,12.98,11.0,0.0,0.0,0.0,183.37,98.23,22.44,20.68,26.4,356.4,351.12
20.4886,101.53,74.69,56.54,52.03,20.9,5.17,11.55,9.57,0.0,0.0,0.0,181.61,110.55,24.86,24.75,26.4,331.98,368.17
20.4986,101.53,73.04,52.47,46.09,18.04,5.17,11.55,8.25,0.0,0.0,0.0,185.02,118.47,26.07,24.75,26.4,316.14,380.71
20.5086,98.12,73.04,46.86,36.63,16.72,5.17,10.12,8.25,0.0,3.3,0.0,185.02,124.96,26.07,24.75,27.83,294.91,391.93
20.5186,98.12,68.2,42.79,28.38,16.72,3.85,7.15,6.82,0.0,0.0,0.0,188.54,128.15,26.07,26.18,29.26,272.03,398.2
20.5286,96.36,66.55,38.61,21.23,15.29,2.53,7.15,5.5,3.63,4.95,2.86,190.19,126.61,27.28,26.18,29.26,253.22,410.96
20.5386,92.95,61.6,33.11,15.29,13.86,2.53,7.15,4.07,9.79,4.95,4.29,191.95,121.66,27.28,26.18,26.4,230.56,412.5
20.5486,92.95,58.3,28.93,12.98,13.86,0.0,7.15,4.07,12.32,6.6,4.29,191.95,118.47,26.07,27.5,30.8,218.24,418.0
20.5586,89.54,53.46,24.86,10.56,12.54,0.0,5.72,4.07,14.74,6.6,4.29,198.88,113.63,24.86,27.5,30.8,200.75,421.3
20.5686,87.78,48.62,20.68,10.56,12.54,2.53,5.72,2.75,15.95,9.9,4.29,202.29,107.47,28.38,24.75,30.8,191.18,423.83
20.5786,82.61,42.13,16.5,8.25,12.54,2.53,5.72,2.75,18.48,21.45,4.29,204.05,99.77,26.07,27.5,32.23,173.03,433.84
20.5886,74.03,32.34,15.18,8.25,12.54,0.0,4.29,4.07,20.9,28.05,5.72,204.05,99.77,27.28,24.75,32.23,150.7,442.75
20.5986,70.51,25.85,12.43,8.25,9.68,2.53,2.86,2.75,23.43,37.95,7.15,204.05,98.23,24.86,26.18,30.8,134.86,452.65
20.6086,63.69,19.36,11.0,5.83,9.68,0.0,5.72,2.75,25.85,49.5,8.58,204.05,99.77,26.07,23.43,30.8,118.03,468.05
20.6186,56.76,11.33,12.43,5.83,11.11,0.0,4.29,2.75,29.59,60.94,10.01,204.05,98.23,27.28,24.75,30.8,104.5,485.65
20.6286,51.59,9.68,11.0,5.83,9.68,0.0,0.0,2.75,32.01,68.64,14.3,202.29,99.77,24.86,27.5,32.23,90.53,501.6
20.6386,44.77,6.38,11.0,5.83,8.36,0.0,2.86,0.0,35.75,79.42,18.59,202.29,101.31,24.86,26.18,32.23,79.2,520.63
20.6486,39.6,4.84,8.25,4.73,6.93,0.0,2.86,2.75,38.17,84.04,22.88,198.88,102.85,26.07,24.75,30.8,69.96,528.44
20.6586,32.67,4.84,6.82,4.73,5.5,0.0,0.0,0.0,40.7,88.66,27.17,197.12,104.39,26.07,24.75,27.83,54.56,536.69
20.6686,27.5,3.19,4.07,3.52,6.93,0.0,0.0,0.0,41.91,91.74,31.46,195.47,105.93,26.07,26.18,30.8,45.21,549.56
20.6786,20.57,3.19,0.0,4.73,5.5,0.0,0.0,0.0,44.33,94.82,35.75,191.95,107.47,26.07,27.5,32.23,33.99,560.12
20.6886,17.16,3.19,0.0,4.73,5.5,0.0,0.0,0.0,44.33,93.28,38.61,188.54,110.55,26.07,26.18,27.83,30.58,555.39
20.6986,13.75,0.0,2.75,3.52,5.5,0.0,0.0,0.0,45.54,93.28,41.47,186.78,110.55,24.86,26.18,30.8,25.52,559.46
20.7086,10.23,0.0,0.0,3.52,4.18,0.0,0.0,0.0,45.54,93.28,42.9,183.37,115.28,24.86,26.18,32.23,17.93,563.64
20.7185,6.82,0.0,0.0,3.52,2.75,0.0,0.0,0.0,45.54,94.82,45.76,176.44,115.28,26.07,27.5,27.83,13.09,559.24
20.7285,6.82,0.0,0.0,3.52,4.18,0.0,0.0,2.75,45.54,93.28,45.76,176.44,120.12,26.07,24.75,30.8,17.27,562.76
20.7385,5.06,0.0,0.0,0.0,4.18,0.0,0.0,0.0,46.86,94.82,44.33,174.68,120.12,26.07,24.75,27.83,9.24,559.46
20.7485,3.41,0.0,0.0,3.52,4.18,0.0,0.0,0.0,46.86,93.28,45.76,169.51,123.31,23.65,27.5,29.26,11.11,559.13
20.7585,0.0,0.0,0.0,2.31,4.18,0.0,0.0,0.0,45.54,90.2,45.76,167.75,126.61,24.86,26.18,30.8,6.49,557.7
20.7685,0.0,0.0,0.0,2.31,2.75,0.0,0.0,0.0,45.54,88.66,45.76,166.1,128.15,24.86,27.5,30.8,5.06,557.37
20.7785,0.0,0.0,0.0,2.31,4.18,0.0,0.0,0.0,45.54,88.66,47.19,166.1,128.15,26.07,28.93,30.8,6.49,561.44
20.7885,0.0,0.0,0.0,0.0,2.75,0.0,0.0,0.0,45.54,88.66,47.19,162.91,133.1,26.07,27.5,29.26,2.75,560.23
20.7985,0.0,0.0,0.0,0.0,4.18,0.0,0.0,0.0,44.33,87.12,47.19,164.45,136.29,26.07,27.5,27.83,4.18,560.78
20.8085,0.0,0.0,0.0,0.0,2.75,0.0,0.0,0.0,44.33,88.66,45.76,164.45,139.59,26.07,30.36,30.8,2.75,570.02
20.8185,0.0,0.0,0.0,0.0,4.18,0.0,0.0,0.0,41.91,85.58,44.33,166.1,142.78,24.86,31.68,30.8,4.18,568.04
20.8285,0.0,0.0,0.0,0.0,4.18,0.0,0.0,0.0,40.7,84.04,42.9,167.75,147.62,27.28,34.43,30.8,4.18,575.52
20.8385,0.0,0.0,0.0,0.0,0.0,0.0,0.0,0.0,38.17,77.88,41.47,172.92,150.92,27.28,37.18,32.23,0.0,578.05
20.8485,0.0,0.0,0.0,2.31,0.0,0.0,0.0,0.0,35.75,77.88,38.61,178.09,157.41,28.38,41.36,32.23,2.31,589.71
20.8585,0.0,0.0,0.0,2.31,0.0,0.0,0.0,0.0,33.22,71.72,35.75,183.37,160.6,32.01,46.86,33.66,2.31,597.19
20.8685,0.0,0.0,0.0,2.31,4.18,0.0,0.0,0.0,29.59,65.56,32.89,191.95,165.44,36.74,51.04,33.66,6.49,606.87
20.8785,0.0,0.0,0.0,2.31,4.18,0.0,0.0,0.0,27.06,59.4,27.17,198.88,172.15,42.68,56.54,35.2,6.49,619.08
20.8885,3.41,0.0,0.0,0.0,4.18,0.0,0.0,0.0,23.43,46.2,22.88,204.05,173.91,49.83,65.34,36.63,7.59,622.27
20.8985,5.06,0.0,0.0,2.31,4.18,0.0,0.0,0.0,19.69,41.25,18.59,209.22,177.54,55.77,69.85,36.63,11.55,628.54
20.9085,8.58,0.0,0.0,0.0,4.18,0.0,0.0,0.0,17.16,33.0,14.3,216.15,179.3,66.22,77.33,38.06,12.76,641.52
20.9185,13.75,0.0,2.75,2.31,4.18,0.0,0.0,0.0,14.74,24.75,11.44,219.56,182.93,73.81,86.24,39.6,22.99,653.07
20.9285,18.92,0.0,4.07,2.31,5.5,0.0,0.0,0.0,13.53,16.5,8.58,223.08,184.8,85.91,89.21,41.03,30.8,662.64
20.9385,24.09,0.0,9.57,3.52,29.26,0.0,2.86,2.75,9.79,8.25,7.15,226.49,182.93,96.47,93.72,42.46,72.05,667.26
20.9485,36.08,0.0,11.0,4.73,43.12,2.53,0.0,5.5,8.58,8.25,7.15,226.49,182.93,102.52,101.2,42.46,102.96,679.58
20.9585,48.18,3.19,11.0,8.25,50.16,2.53,5.72,5.5,4.84,4.95,5.72,228.25,181.17,113.08,107.14,42.46,134.53,687.61
20.9685,53.35,3.19,13.75,12.98,58.63,2.53,4.29,5.5,3.63,4.95,2.86,219.56,179.3,125.18,111.65,42.46,154.22,689.59
20.9785,53.35,6.38,17.93,20.02,67.54,3.85,5.72,6.82,0.0,0.0,2.86,216.15,170.39,135.63,117.81,44.0,181.61,686.84
20.9885,51.59,6.38,22.0,24.75,76.34,3.85,5.72,6.82,0.0,3.3,0.0,200.64,154.11,147.84,120.89,42.46,197.45,669.24
20.9985,51.59,8.03,24.86,28.38,83.71,2.53,7.15,8.25,0.0,0.0,0.0,176.44,139.59,154.77,122.43,38.06,214.5,631.29
21.0085,53.35,9.68,26.18,34.21,88.11,3.85,11.55,8.25,0.0,0.0,0.0,148.72,121.66,161.81,127.05,36.63,235.18,595.87
21.0185,53.35,9.68,31.68,37.84,91.08,3.85,17.38,9.57,0.0,0.0,0.0,115.5,102.85,172.26,125.51,35.2,254.43,551.32
21.0285,56.76,14.52,34.43,42.57,95.48,3.85,27.5,11.0,0.0,0.0,0.0,87.01,87.34,173.91,128.59,35.2,286.11,512.05
21.0385,56.76,16.17,41.36,49.61,96.91,6.49,33.22,12.32,0.0,0.0,0.0,61.71,71.83,180.95,130.02,33.66,312.84,478.17
21.0485,60.17,19.36,44.11,54.34,102.85,6.49,39.05,11.0,0.0,0.0,0.0,34.98,56.21,175.67,131.56,33.66,337.37,432.08
21.0585,61.93,24.31,46.86,56.76,105.71,7.81,44.88,13.75,0.0,0.0,0.0,14.3,38.06,156.53,134.64,26.4,362.01,369.93
21.0685,63.69,25.85,53.79,62.26,107.25,10.45,49.17,13.75,0.0,0.0,0.0,11.11,16.5,116.49,128.59,26.4,386.21,299.09
21.0785,67.1,29.15,57.97,65.12,108.68,13.09,52.14,13.75,0.0,3.3,0.0,9.46,13.2,75.35,111.65,30.8,407.0,243.76
21.0885,70.51,32.34,64.02,66.55,111.87,15.73,56.43,15.18,0.0,0.0,0.0,7.92,14.85,42.68,93.72,46.86,432.63,206.03
21.0985,74.03,37.18,70.18,69.41,115.28,18.26,59.4,16.5,0.0,0.0,0.0,6.27,13.2,20.13,74.36,67.98,460.24,181.94
21.1085,75.68,40.48,74.91,73.7,117.04,20.9,62.37,17.93,0.0,0.0,0.0,4.73,9.9,15.4,55.11,71.06,483.01,156.2
21.1185,79.2,43.67,77.99,76.56,118.69,22.22,66.77,17.93,0.0,0.0,0.0,4.73,9.9,11.77,35.86,58.74,503.03,121.0
21.1285,80.85,48.62,85.8,79.42,120.45,23.54,68.31,17.93,0.0,0.0,0.0,3.08,6.6,8.25,27.5,44.0,524.92,89.43
21.1385,82.61,51.81,87.34,80.85,122.1,26.18,68.31,17.93,0.0,0.0,0.0,3.08,6.6,7.04,23.43,23.43,537.13,63.58
21.1485,86.02,55.11,90.42,83.71,125.51,28.82,71.28,19.25,0.0,0.0,0.0,0.0,4.95,7.04,15.18,17.6,560.12,44.77
21.1585,87.78,58.3,90.42,88.0,125.51,28.82,71.28,20.68,0.0,0.0,0.0,0.0,4.95,7.04,8.25,13.2,570.79,33.44
21.1685,87.78,56.65,93.61,92.29,127.27,30.14,69.74,19.25,0.0,0.0,0.0,3.08,4.95,5.83,6.82,10.23,576.73,30.91
21.1785,87.78,61.6,91.96,95.15,125.51,31.46,69.74,20.68,0.0,0.0,0.0,0.0,4.95,4.73,4.07,8.8,583.88,22.55
21.1885,89.54,63.25,90.42,99.44,125.51,31.46,69.74,20.68,0.0,0.0,0.0,3.08,4.95,4.73,4.07,8.8,590.04,25.63
21.1985,89.54,63.25,88.88,102.3,122.1,31.46,65.34,20.68,0.0,0.0,0.0,0.0,3.3,5.83,2.75,5.83,583.55,17.71
21.2085,89.54,64.9,87.34,105.16,120.45,31.46,62.37,19.25,0.0,0.0,0.0,3.08,3.3,4.73,4.07,7.26,580.47,22.44
21.2185,91.19,66.55,84.26,106.59,117.04,30.14,56.43,19.25,0.0,0.0,0.0,0.0,3.3,3.52,5.5,7.26,571.45,19.58
21.2285,91.19,68.2,81.07,110.88,111.87,28.82,52.14,19.25,0.0,0.0,0.0,0.0,0.0,3.52,5.5,5.83,563.42,14.85
21.2385,91.19,69.74,79.53,112.42,108.68,27.5,49.17,17.93,0.0,0.0,0.0,0.0,4.95,3.52,5.5,5.83,556.16,19.8
21.2485,92.95,71.39,76.45,117.04,104.28,24.86,40.48,19.25,0.0,0.0,0.0,0.0,3.3,3.52,5.5,7.26,546.7,19.58
21.2585,92.95,71.39,73.37,118.58,99.88,22.22,37.62,17.93,0.0,0.0,0.0,0.0,4.95,0.0,5.5,7.26,533.94,17.71
21.2685,91.19,71.39,71.83,121.66,98.34,20.9,33.22,17.93,0.0,0.0,0.0,0.0,3.3,3.52,2.75,5.83,526.46,15.4
21.2785,91.19,71.39,70.18,123.2,93.94,18.26,27.5,16.5,0.0,0.0,0.0,0.0,0.0,2.31,4.07,5.83,512.16,12.21
21.2885,91.19,73.04,70.18,126.28,92.51,18.26,26.07,16.5,0.0,0.0,0.0,0.0,0.0,2.31,2.75,4.4,514.03,9.46
21.2985,87.78,71.39,67.1,130.9,88.11,18.26,23.1,16.5,0.0,0.0,0.0,0.0,0.0,2.31,4.07,5.83,503.14,12.21
21.3085,87.78,71.39,65.56,134.09,86.57,17.05,23.1,16.5,0.0,0.0,0.0,0.0,0.0,0.0,2.75,4.4,502.04,7.15
21.3185,84.37,71.39,65.56,137.17,86.57,17.05,20.24,16.5,0.0,0.0,0.0,0.0,0.0,2.31,0.0,5.83,498.85,8.14
21.3285,82.61,69.74,62.48,141.79,86.57,18.26,18.81,15.18,0.0,0.0,0.0,0.0,0.0,2.31,0.0,4.4,495.44,6.71
21.3385,79.2,69.74,60.94,144.87,86.57,19.58,20.24,16.5,0.0,0.0,0.0,0.0,0.0,0.0,4.07,4.4,497.64,8.47
21.3485,75.68,68.2,59.4,151.14,86.57,18.26,18.81,17.93,0.0,0.0,0.0,0.0,0.0,0.0,2.75,2.86,495.99,5.61
21.3585,72.27,66.55,57.97,157.3,91.08,22.22,20.24,17.93,0.0,0.0,0.0,0.0,0.0,0.0,2.75,4.4,505.56,7.15
21.3685,67.1,64.9,56.54,161.92,89.54,22.22,21.67,16.5,0.0,0.0,0.0,0.0,0.0,0.0,0.0,2.86,500.39,2.86
21.3785,61.93,63.25,53.79,169.73,93.94,24.86,24.53,17.93,0.0,0.0,0.0,0.0,0.0,2.31,4.07,4.4,509.96,10.78
21.3885,58.52,61.6,52.47,176.22,95.48,30.14,24.53,19.25,0.0,0.0,0.0,0.0,0.0,0.0,2.75,4.4,518.21,7.15
21.3985,53.35,58.3,48.29,182.71,101.31,32.78,28.93,19.25,0.0,0.0,0.0,0.0,0.0,2.31,0.0,4.4,524.92,6.71
21.4085,49.94,53.46,46.86,190.85,104.28,39.27,34.76,19.25,0.0,0.0,0.0,0.0,0.0,0.0,2.75,4.4,538.67,7.15
21.4185,46.42,50.16,42.79,198.88,108.68,43.23,36.19,22.0,0.0,0.0,0.0,0.0,0.0,0.0,2.75,5.83,548.35,8.58
21.4285,41.25,43.67,38.61,205.37,110.22,48.51,39.05,23.43,0.0,0.0,0.0,0.0,0.0,0.0,2.75,4.4,550.11,7.15
21.4385,37.84,40.48,33.11,213.51,115.28,52.47,43.45,23.43,0.0,0.0,0.0,0.0,0.0,0.0,0.0,0.0,559.57,0.0
21.4485,34.43,33.99,26.18,219.89,125.51,57.86,46.31,24.75,0.0,0.0,0.0,0.0,0.0,0.0,4.07,4.4,568.92,8.47
21.4585,29.26,29.15,22.0,227.92,128.92,63.58,50.6,26.18,0.0,0.0,0.0,0.0,3.3,0.0,2.75,4.4,577.61,10.45
21.4685,24.09,22.66,17.93,234.3,134.09,74.8,59.4,27.5,0.0,0.0,0.0,0.0,0.0,0.0,0.0,4.4,594.77,4.4
21.4785,20.57,14.52,15.18,242.11,139.15,79.09,65.34,27.5,0.0,0.0,0.0,0.0,0.0,0.0,0.0,4.4,603.46,4.4
21.4885,15.4,11.33,12.43,250.03,144.32,90.42,71.28,28.93,0.0,0.0,0.0,0.0,3.3,0.0,2.75,2.86,624.14,8.91
21.4985,11.99,9.68,9.57,256.41,145.97,98.89,81.73,31.68,3.63,0.0,0.0,0.0,0.0,0.0,2.75,2.86,645.92,9.24
21.5085,10.23,8.03,9.57,262.68,151.14,110.22,87.67,30.36,7.37,0.0,0.0,0.0,0.0,0.0,2.75,4.4,669.9,14.52
21.5185,6.82,8.03,8.25,267.41,149.38,120.78,95.15,33.11,8.58,0.0,0.0,0.0,0.0,0.0,2.75,0.0,688.93,11.33
21.5285,5.06,4.84,6.82,273.68,147.73,131.45,101.09,34.43,11.0,0.0,0.0,0.0,0.0,0.0,0.0,2.86,705.1,13.86
21.5385,3.41,3.19,4.07,276.87,144.32,142.23,108.57,34.43,17.16,3.3,0.0,0.0,0.0,0.0,0.0,2.86,717.09,23.32
21.5485,0.0,0.0,2.75,280.17,137.5,151.36,114.62,34.43,25.85,0.0,0.0,0.0,0.0,0.0,0.0,0.0,720.83,25.85
21.5585,0.0,4.84,2.75,283.58,128.92,160.6,116.27,33.11,38.17,3.3,0.0,0.0,0.0,0.0,0.0,0.0,730.07,41.47
21.5685,0.0,3.19,2.75,281.93,115.28,166.76,117.81,34.43,54.23,18.15,4.29,0.0,3.3,0.0,2.75,2.86,722.15,85.58
21.5785,0.0,3.19,4.07,280.17,99.88,175.01,119.46,34.43,63.25,49.5,7.15,4.73,8.25,0.0,2.75,4.4,716.21,140.03
21.5885,0.0,3.19,2.75,272.14,83.71,183.26,117.81,34.43,75.35,85.58,30.03,7.92,13.2,4.73,5.5,5.83,697.29,228.14
21.5985,0.0,3.19,2.75,254.76,67.54,189.97,111.54,33.11,84.7,104.06,50.05,20.68,14.85,4.73,8.25,10.23,662.86,297.55
21.6085,0.0,3.19,4.07,227.92,47.3,198.22,102.63,31.68,96.8,129.91,54.34,39.82,16.5,7.04,8.25,13.2,615.01,365.86
21.6185,0.0,3.19,2.75,187.55,32.01,204.82,86.13,30.36,94.05,131.56,57.2,47.74,29.81,7.04,11.0,13.2,546.81,391.6
21.6285,0.0,3.19,2.75,140.25,26.4,208.23,55.0,27.5,90.09,129.91,58.74,57.2,41.36,8.25,9.57,13.2,463.32,408.32
21.6385,0.0,0.0,2.75,89.43,25.08,191.62,31.79,20.68,91.41,138.16,60.28,63.14,47.96,9.46,12.32,16.06,361.35,438.79
21.6485,0.0,3.19,2.75,48.4,20.9,149.82,27.5,16.5,92.73,143.0,64.9,75.13,54.56,9.46,13.75,16.06,269.06,469.59
21.6585,0.0,3.19,2.75,29.48,18.04,126.94,23.1,11.0,94.05,147.95,69.52,79.53,64.13,10.67,12.32,16.06,214.5,494.23
21.6685,0.0,0.0,2.75,24.75,13.86,96.03,17.38,6.82,92.73,151.25,72.71,85.58,71.83,11.77,13.75,16.06,161.59,515.68
21.6785,0.0,3.19,2.75,16.5,11.11,60.72,12.98,5.5,94.05,154.55,74.25,89.98,78.1,11.77,13.75,17.6,112.75,534.05
21.6885,0.0,0.0,0.0,11.77,8.36,31.46,8.69,5.5,92.73,161.15,80.41,95.92,82.72,11.77,15.18,17.6,65.78,557.48
21.6985,0.0,0.0,0.0,10.56,6.93,17.05,5.72,4.07,92.73,161.15,78.87,100.43,88.88,14.19,13.75,20.46,44.33,570.46
21.7085,0.0,0.0,0.0,9.46,5.5,9.13,2.86,2.75,91.41,164.45,81.95,106.37,93.5,11.77,16.5,20.46,29.7,586.41
21.7185,0.0,0.0,0.0,7.04,2.75,6.49,2.86,0.0,88.77,162.8,80.41,113.96,98.23,14.19,16.5,20.46,19.14,595.32
21.7285,0.0,0.0,0.0,8.25,2.75,6.49,0.0,0.0,86.02,162.8,75.79,118.69,102.85,14.19,15.18,20.46,17.49,595.98
21.7385,0.0,0.0,0.0,7.04,4.18,5.17,0.0,0.0,83.38,162.8,75.79,123.42,104.39,15.4,17.93,20.46,16.39,603.57
21.7485,0.0,0.0,0.0,7.04,2.75,3.85,0.0,0.0,79.31,157.85,71.06,131.34,107.47,16.61,19.25,23.43,13.64,606.32
21.7585,0.0,0.0,0.0,7.04,4.18,2.53,0.0,0.0,75.35,157.85,71.06,136.07,112.09,15.4,19.25,22.0,13.75,609.07
21.7685,0.0,0.0,0.0,5.83,4.18,5.17,0.0,0.0,71.28,151.25,67.98,140.8,115.28,16.61,17.93,24.86,15.18,605.99
21.7785,0.0,0.0,0.0,4.73,2.75,5.17,0.0,0.0,66.0,146.3,64.9,145.53,120.12,16.61,17.93,23.43,12.65,600.82
21.7885,0.0,0.0,0.0,5.83,0.0,3.85,0.0,0.0,60.61,136.51,63.36,150.26,123.31,17.71,22.0,24.86,9.68,598.62
21.7985,0.0,0.0,0.0,7.04,2.75,3.85,0.0,0.0,55.44,129.91,60.28,153.45,124.96,17.71,20.68,24.86,13.64,587.29
21.8085,0.0,0.0,0.0,5.83,0.0,3.85,0.0,0.0,50.49,120.01,57.2,158.18,131.45,17.71,22.0,26.4,9.68,583.44
21.8185,0.0,0.0,0.0,4.73,0.0,2.53,0.0,0.0,46.86,110.22,54.34,161.26,137.94,18.92,22.0,27.83,7.26,579.37
21.8285,0.0,0.0,0.0,4.73,0.0,2.53,0.0,0.0,43.12,102.52,51.48,164.45,141.13,18.92,26.18,27.83,7.26,575.63
21.8385,0.0,0.0,0.0,3.52,0.0,2.53,0.0,0.0,36.96,93.28,47.19,172.92,145.97,20.13,26.18,29.26,6.05,571.89
21.8485,0.0,0.0,0.0,4.73,0.0,0.0,0.0,0.0,33.22,82.5,42.9,176.44,152.46,20.13,28.93,29.26,4.73,565.84
21.8585,0.0,0.0,0.0,4.73,0.0,2.53,0.0,0.0,29.59,71.72,38.61,186.78,155.76,22.44,34.43,30.8,7.26,570.13
21.8685,0.0,0.0,0.0,3.52,0.0,0.0,0.0,0.0,25.85,64.02,32.89,197.12,158.95,26.07,39.93,35.2,3.52,580.03
21.8785,0.0,0.0,0.0,4.73,0.0,2.53,0.0,0.0,22.11,54.45,28.6,204.05,165.44,32.01,45.54,35.2,7.26,587.4
21.8885,0.0,0.0,0.0,4.73,0.0,2.53,0.0,0.0,19.69,41.25,21.45,210.98,173.91,39.05,51.04,36.63,7.26,594.0
21.8985,0.0,0.0,0.0,3.52,0.0,0.0,0.0,0.0,18.48,34.65,17.16,216.15,177.54,47.41,57.97,35.2,3.52,604.56
21.9085,0.0,0.0,0.0,3.52,0.0,2.53,0.0,0.0,15.95,26.4,14.3,226.49,181.17,55.77,65.34,38.06,6.05,623.48
21.9185,0.0,0.0,0.0,3.52,0.0,2.53,0.0,0.0,13.53,18.15,10.01,231.77,186.56,66.22,69.85,41.03,6.05,637.12
21.9285,0.0,0.0,0.0,3.52,0.0,0.0,0.0,0.0,11.0,11.55,10.01,238.81,190.19,76.78,80.3,41.03,3.52,659.67
21.9385,0.0,0.0,0.0,4.73,0.0,0.0,0.0,0.0,9.79,11.55,7.15,244.09,191.95,90.42,89.21,44.0,4.73,688.16
21.9485,0.0,0.0,0.0,3.52,0.0,2.53,0.0,0.0,6.16,8.25,5.72,249.37,193.71,102.52,95.26,44.0,6.05,704.99
21.9585,0.0,0.0,0.0,2.31,0.0,2.53,0.0,0.0,3.63,6.6,4.29,252.78,197.34,114.73,102.74,45.43,4.84,727.54
21.9685,0.0,0.0,0.0,2.31,0.0,0.0,0.0,0.0,2.42,3.3,4.29,258.06,195.58,128.7,113.19,46.86,2.31,752.4
21.9785,0.0,0.0,0.0,2.31,0.0,2.53,0.0,0.0,2.42,4.95,2.86,259.82,193.71,140.91,117.81,45.43,4.84,767.91
21.9885,0.0,0.0,0.0,2.31,0.0,2.53,0.0,0.0,0.0,3.3,0.0,259.82,190.19,158.29,122.43,48.4,4.84,782.43
21.9985,3.41,0.0,2.75,2.31,0.0,2.53,0.0,0.0,0.0,4.95,0.0,256.3,181.17,172.26,128.59,46.86,11.0,790.13
22.0085,11.99,0.0,0.0,2.31,0.0,0.0,0.0,0.0,0.0,0.0,2.86,247.61,172.15,184.36,134.64,45.43,14.3,787.05
22.0185,15.4,0.0,0.0,3.52,0.0,0.0,0.0,0.0,0.0,0.0,0.0,233.53,165.44,194.81,140.8,46.86,18.92,781.44
22.0285,20.57,0.0,0.0,2.31,0.0,0.0,0.0,0.0,0.0,3.3,0.0,214.39,155.76,208.67,145.42,44.0,22.88,771.54
22.0385,24.09,0.0,0.0,3.52,0.0,0.0,0.0,0.0,0.0,3.3,0.0,197.12,147.62,219.12,149.93,45.43,27.61,762.52
22.0485,29.26,0.0,0.0,2.31,0.0,0.0,0.0,0.0,0.0,3.3,0.0,178.09,141.13,228.03,153.01,45.43,31.57,748.99
22.0585,39.6,0.0,0.0,2.31,0.0,2.53,0.0,0.0,0.0,3.3,0.0,159.72,129.8,240.9,157.63,45.43,44.44,736.78
22.0685,49.94,0.0,0.0,2.31,0.0,2.53,0.0,0.0,0.0,0.0,0.0,140.8,126.61,250.03,157.63,45.43,54.78,720.5
22.0785,61.93,0.0,0.0,4.73,2.75,0.0,0.0,0.0,0.0,0.0,0.0,123.42,118.47,255.53,160.71,44.0,69.41,702.13
22.0885,79.2,0.0,0.0,4.73,0.0,0.0,0.0,0.0,0.0,0.0,0.0,104.94,110.55,261.03,162.25,42.46,83.93,681.23
22.0985,106.7,3.19,6.82,5.83,4.18,2.53,0.0,0.0,0.0,0.0,0.0,85.58,104.39,264.66,162.25,41.03,129.25,657.91
22.1085,124.19,43.67,34.43,8.25,9.68,5.17,2.86,4.07,0.0,0.0,0.0,64.68,95.04,262.79,163.79,42.46,232.32,628.76
22.1185,122.43,58.3,67.1,15.29,30.58,6.49,4.29,5.5,0.0,0.0,0.0,44.55,74.91,264.66,159.17,41.03,309.98,584.32
22.1285,127.6,64.9,85.8,23.65,34.76,6.49,5.72,4.07,0.0,3.3,2.86,23.87,51.26,248.16,151.47,38.06,352.99,518.98
22.1385,125.84,71.39,93.61,33.11,55.77,7.81,7.15,6.82,0.0,3.3,0.0,23.87,38.06,205.26,117.81,41.03,401.5,429.33
22.1484,122.43,73.04,96.69,42.57,66.0,7.81,7.15,8.25,0.0,0.0,0.0,22.22,31.46,147.84,69.85,52.8,423.94,324.17
22.1584,124.19,77.99,98.23,50.82,73.37,9.13,8.69,9.57,0.0,0.0,0.0,19.03,29.81,97.9,38.61,83.27,451.99,268.62
22.1684,125.84,82.94,102.85,57.97,79.31,9.13,10.12,9.57,0.0,3.3,0.0,15.84,24.75,41.47,22.0,117.15,477.73,224.51
22.1784,129.36,89.43,106.04,62.26,82.17,9.13,11.55,9.57,0.0,3.3,0.0,12.65,19.8,26.07,15.18,100.1,499.51,177.1
22.1884,134.64,94.38,109.12,67.98,82.17,9.13,11.55,9.57,0.0,3.3,0.0,9.46,13.2,17.71,16.5,58.74,518.54,118.91
22.1984,136.4,99.22,110.66,70.84,83.71,7.81,12.98,11.0,0.0,0.0,0.0,3.08,9.9,12.98,9.57,33.66,532.62,69.19
22.2084,134.64,100.87,110.66,77.99,86.57,9.13,14.41,11.0,0.0,0.0,0.0,0.0,6.6,10.67,9.57,22.0,545.27,48.84
22.2184,134.64,105.82,109.12,85.14,88.11,10.45,17.38,11.0,0.0,3.3,0.0,0.0,4.95,7.04,6.82,13.2,561.66,35.31
22.2284,132.88,105.82,106.04,89.43,86.57,10.45,17.38,11.0,0.0,0.0,0.0,0.0,4.95,8.25,2.75,7.26,559.57,23.21
22.2384,129.36,104.17,99.77,96.58,89.54,11.77,20.24,12.32,0.0,0.0,0.0,3.08,3.3,7.04,5.5,5.83,563.75,24.75
22.2484,124.19,102.52,96.69,103.73,91.08,9.13,20.24,13.75,0.0,0.0,0.0,3.08,3.3,5.83,2.75,5.83,561.33,20.79
22.2584,118.91,99.22,90.42,110.88,91.08,11.77,21.67,12.32,0.0,0.0,0.0,0.0,3.3,5.83,5.5,4.4,556.27,19.03
22.2684,113.63,96.03,82.72,117.04,89.54,11.77,21.67,12.32,0.0,0.0,0.0,0.0,3.3,4.73,4.07,5.83,544.72,17.93
22.2784,105.05,92.73,77.99,123.2,92.51,13.09,21.67,13.75,0.0,0.0,0.0,0.0,3.3,3.52,4.07,2.86,539.99,13.75
22.2884,98.12,86.13,71.83,132.55,92.51,11.77,23.1,13.75,0.0,0.0,0.0,0.0,3.3,3.52,4.07,4.4,529.76,15.29
22.2984,89.54,82.94,62.48,141.79,95.48,14.41,24.53,15.18,0.0,0.0,0.0,0.0,0.0,4.73,4.07,4.4,526.35,13.2
22.3084,80.85,76.34,57.97,151.14,95.48,17.05,26.07,16.5,0.0,0.0,0.0,0.0,0.0,4.73,4.07,4.4,521.4,13.2
22.3184,72.27,69.74,51.04,161.92,93.94,18.26,30.36,16.5,0.0,0.0,0.0,0.0,0.0,3.52,2.75,2.86,514.03,9.13
22.3284,63.69,63.25,42.79,173.03,96.91,23.54,31.79,17.93,0.0,0.0,0.0,0.0,0.0,3.52,4.07,4.4,512.93,11.99
22.3384,55.11,56.65,37.29,184.36,98.34,27.5,34.76,16.5,0.0,0.0,0.0,0.0,0.0,3.52,0.0,2.86,510.51,6.38
22.3484,48.18,50.16,33.11,190.85,101.31,31.46,36.19,19.25,0.0,0.0,0.0,0.0,0.0,2.31,2.75,4.4,510.51,9.46
22.3584,41.25,42.13,26.18,198.88,104.28,40.59,41.91,19.25,0.0,0.0,0.0,0.0,0.0,3.52,0.0,4.4,514.47,7.92
22.3684,34.43,33.99,22.0,207.02,107.25,47.19,46.31,20.68,0.0,0.0,0.0,0.0,0.0,2.31,2.75,4.4,518.87,9.46
22.3784,30.91,27.5,17.93,213.51,111.87,56.43,52.14,23.43,0.0,0.0,0.0,0.0,0.0,2.31,0.0,2.86,533.72,5.17
22.3884,27.5,19.36,16.5,219.89,117.04,66.33,60.83,24.75,0.0,0.0,0.0,0.0,0.0,2.31,2.75,4.4,552.2,9.46
22.3984,22.33,16.17,13.75,227.92,123.86,73.48,69.74,24.75,0.0,0.0,0.0,0.0,0.0,2.31,2.75,2.86,572.0,7.92
22.4084,18.92,11.33,12.43,232.65,127.27,83.38,77.22,27.5,0.0,0.0,0.0,0.0,0.0,2.31,2.75,4.4,590.7,9.46
22.4184,17.16,8.03,11.0,235.84,134.09,94.6,86.13,27.5,0.0,0.0,0.0,0.0,0.0,2.31,2.75,4.4,614.35,9.46
22.4284,13.75,8.03,9.57,242.11,139.15,104.5,93.61,28.93,0.0,0.0,0.0,0.0,0.0,2.31,0.0,4.4,639.65,6.71
22.4384,11.99,8.03,9.57,245.3,142.56,116.16,105.6,30.36,0.0,0.0,0.0,0.0,0.0,2.31,0.0,4.4,669.57,6.71
22.4484,8.58,8.03,9.57,246.84,144.32,130.02,114.62,30.36,0.0,0.0,0.0,0.0,0.0,2.31,2.75,4.4,692.34,9.46
22.4584,6.82,6.38,6.82,248.49,145.97,143.77,124.3,31.68,0.0,0.0,0.0,0.0,0.0,0.0,2.75,4.4,714.23,7.15
22.4684,3.41,4.84,5.5,251.68,147.73,157.52,133.98,33.11,0.0,0.0,0.0,0.0,0.0,0.0,2.75,4.4,737.77,7.15
22.4784,0.0,4.84,4.07,250.03,145.97,171.71,143.55,34.43,0.0,0.0,0.0,0.0,0.0,0.0,2.75,2.86,754.6,5.61
22.4884,0.0,3.19,2.75,248.49,142.56,181.61,151.58,34.43,0.0,0.0,0.0,0.0,0.0,0.0,0.0,2.86,764.61,2.86
22.4984,0.0,3.19,4.07,246.84,134.09,193.27,161.26,35.86,0.0,0.0,0.0,0.0,0.0,0.0,0.0,0.0,778.58,0.0
22.5084,0.0,3.19,4.07,240.57,127.27,206.58,169.29,34.43,0.0,0.0,0.0,0.0,0.0,2.31,0.0,2.86,785.4,5.17
22.5184,0.0,3.19,0.0,229.57,118.69,219.78,176.0,35.86,3.63,0.0,0.0,0.0,0.0,0.0,2.75,2.86,783.09,9.24
22.5284,0.0,3.19,2.75,216.7,108.68,231.44,181.28,38.61,3.63,0.0,0.0,0.0,0.0,0.0,0.0,2.86,782.65,6.49
22.5384,0.0,0.0,2.75,200.53,101.31,241.34,188.32,38.61,4.84,0.0,0.0,0.0,0.0,0.0,2.75,2.86,772.86,10.45
22.5484,0.0,3.19,4.07,179.52,91.08,249.59,191.84,39.93,4.84,0.0,0.0,0.0,0.0,0.0,2.75,2.86,759.22,10.45
22.5584,0.0,0.0,2.75,155.76,80.74,259.6,193.6,38.61,8.58,0.0,0.0,0.0,0.0,2.31,0.0,2.86,731.06,13.75
22.5684,0.0,3.19,2.75,132.55,68.97,266.2,193.6,42.68,19.69,3.3,0.0,0.0,0.0,0.0,0.0,0.0,709.94,22.99
22.5784,0.0,0.0,2.75,112.42,55.77,272.8,191.84,46.86,43.12,0.0,0.0,0.0,0.0,0.0,0.0,0.0,682.44,43.12
22.5884,0.0,0.0,2.75,92.29,41.8,277.86,183.04,49.61,83.38,4.95,0.0,0.0,0.0,0.0,0.0,0.0,647.35,88.33
22.5984,0.0,3.19,0.0,67.98,29.26,279.51,164.45,56.54,131.34,59.4,5.72,0.0,3.3,2.31,0.0,0.0,600.93,202.07
22.6084,0.0,3.19,2.75,40.15,25.08,277.86,125.84,65.34,137.06,143.0,54.34,6.27,6.6,2.31,2.75,2.86,540.21,355.19
22.6184,0.0,3.19,2.75,27.17,22.22,233.09,78.76,77.33,129.91,156.2,106.81,9.46,6.6,4.73,5.5,4.4,444.51,423.61
22.6284,0.0,0.0,2.75,23.65,22.22,163.68,41.91,102.63,134.2,162.8,119.13,20.68,11.55,4.73,6.82,7.26,356.84,467.17
22.6384,0.0,3.19,2.75,20.02,18.04,113.08,28.93,110.11,121.44,157.85,123.75,38.17,19.8,7.04,9.57,10.23,296.12,487.85
22.6484,0.0,3.19,0.0,16.5,13.86,53.79,24.53,75.79,111.54,156.2,126.83,54.12,39.71,9.46,8.25,11.66,187.66,517.77
22.6584,0.0,3.19,0.0,11.77,11.11,28.82,20.24,45.54,108.79,157.85,132.88,69.08,54.56,9.46,11.0,14.63,120.67,558.25
22.6684,0.0,3.19,0.0,9.46,8.36,19.58,14.41,37.18,107.47,159.5,139.04,76.56,64.13,9.46,12.32,16.06,92.18,584.54
22.6784,0.0,3.19,0.0,8.25,6.93,10.45,8.69,28.93,103.51,161.15,145.2,81.07,71.83,10.67,12.32,16.06,66.44,601.81
22.6884,0.0,0.0,0.0,5.83,4.18,9.13,7.15,17.93,99.44,157.85,148.28,88.55,78.1,12.98,11.0,17.6,44.22,613.8
22.6984,0.0,0.0,0.0,7.04,4.18,7.81,4.29,4.07,96.8,157.85,149.82,94.49,85.8,10.67,13.75,17.6,27.39,626.78
22.7084,0.0,0.0,0.0,4.73,2.75,6.49,2.86,0.0,91.41,156.2,146.74,99.0,90.42,12.98,13.75,19.03,16.83,629.53
22.7184,0.0,0.0,0.0,4.73,0.0,3.85,2.86,0.0,86.02,146.3,142.12,101.97,95.04,12.98,16.5,20.46,11.44,621.39
22.7284,0.0,0.0,0.0,5.83,2.75,5.17,2.86,0.0,80.74,143.0,137.5,104.94,99.77,14.19,13.75,20.46,16.61,614.35
22.7384,0.0,0.0,0.0,4.73,2.75,5.17,0.0,0.0,74.03,133.21,129.91,110.88,104.39,11.77,15.18,20.46,12.65,599.83
22.7484,0.0,0.0,0.0,4.73,0.0,5.17,0.0,0.0,68.64,124.96,120.67,113.96,105.93,12.98,16.5,20.46,9.9,584.1
22.7584,0.0,0.0,0.0,4.73,0.0,3.85,0.0,0.0,61.93,113.41,109.89,118.69,112.09,14.19,16.5,22.0,8.58,568.7
22.7684,0.0,0.0,0.0,2.31,0.0,5.17,0.0,0.0,55.44,102.52,100.65,124.96,113.63,15.4,16.5,20.46,7.48,549.56
22.7784,0.0,0.0,0.0,2.31,0.0,5.17,0.0,0.0,49.28,93.28,89.76,131.34,120.12,14.19,20.68,24.86,7.48,543.51
22.7884,0.0,0.0,0.0,4.73,0.0,3.85,0.0,0.0,45.54,85.58,80.41,137.61,121.66,15.4,22.0,24.86,8.58,533.06
22.7984,0.0,0.0,0.0,3.52,0.0,2.53,0.0,0.0,39.38,76.34,71.06,142.34,126.61,16.61,23.43,24.86,6.05,520.63
22.8084,0.0,0.0,0.0,3.52,0.0,3.85,0.0,0.0,34.43,65.56,63.36,148.72,133.1,17.71,26.18,26.4,7.37,515.46
22.8184,0.0,0.0,0.0,3.52,0.0,2.53,0.0,0.0,29.59,59.4,52.91,156.53,139.59,18.92,28.93,27.83,6.05,513.7
22.8284,0.0,0.0,0.0,2.31,0.0,2.53,0.0,0.0,25.85,49.5,47.19,167.75,139.59,22.44,34.43,29.26,4.84,516.01
22.8384,0.0,0.0,0.0,0.0,0.0,2.53,0.0,0.0,22.11,41.25,40.04,178.09,145.97,26.07,38.61,30.8,2.53,522.94
22.8484,0.0,0.0,0.0,2.31,0.0,2.53,0.0,0.0,19.69,34.65,32.89,188.54,149.27,33.22,42.68,32.23,4.84,533.17
22.8584,0.0,0.0,0.0,2.31,0.0,2.53,0.0,0.0,17.16,28.05,25.74,195.47,152.46,39.05,51.04,32.23,4.84,541.2
22.8684,0.0,0.0,0.0,0.0,0.0,3.85,0.0,0.0,14.74,23.1,20.02,209.22,152.46,46.2,53.79,36.63,3.85,556.16
22.8784,0.0,0.0,0.0,2.31,0.0,2.53,0.0,0.0,12.32,14.85,14.3,217.91,157.41,53.35,63.91,36.63,4.84,570.68
22.8884,0.0,0.0,0.0,2.31,0.0,2.53,0.0,0.0,11.0,13.2,11.44,226.49,160.6,63.25,71.39,39.6,4.84,596.97
22.8984,0.0,0.0,0.0,2.31,0.0,0.0,0.0,0.0,11.0,13.2,10.01,233.53,160.6,78.32,75.79,39.6,2.31,622.05
22.9084,0.0,0.0,0.0,2.31,0.0,0.0,0.0,0.0,9.79,11.55,8.58,244.09,165.44,91.96,84.81,42.46,2.31,658.68
22.9184,0.0,0.0,0.0,3.52,0.0,2.53,0.0,0.0,6.16,9.9,7.15,251.02,165.44,103.95,92.29,44.0,6.05,679.91
22.9284,0.0,0.0,0.0,2.31,0.0,0.0,0.0,0.0,3.63,6.6,5.72,254.54,167.09,120.01,102.74,45.43,2.31,705.76
22.9384,0.0,0.0,0.0,2.31,0.0,2.53,0.0,0.0,2.42,3.3,5.72,263.34,170.39,133.87,110.22,48.4,4.84,737.66
22.9484,0.0,0.0,0.0,2.31,0.0,0.0,0.0,0.0,0.0,6.6,4.29,265.1,168.74,151.36,116.27,49.83,2.31,762.19
22.9584,0.0,0.0,0.0,2.31,0.0,0.0,0.0,0.0,0.0,4.95,4.29,266.86,163.9,168.74,122.43,49.83,2.31,781.0
22.9684,0.0,0.0,2.75,0.0,0.0,2.53,0.0,0.0,0.0,4.95,2.86,268.62,158.95,184.36,127.05,48.4,5.28,795.19
22.9784,0.0,0.0,0.0,2.31,0.0,2.53,0.0,0.0,0.0,0.0,2.86,261.58,150.92,194.81,134.64,48.4,4.84,793.21
22.9884,3.41,0.0,0.0,0.0,0.0,0.0,0.0,0.0,0.0,3.3,2.86,252.78,141.13,206.91,139.26,45.43,3.41,791.67
22.9984,6.82,0.0,0.0,2.31,0.0,0.0,0.0,0.0,0.0,3.3,2.86,238.81,137.94,217.36,142.34,45.43,9.13,788.04
23.0084,8.58,0.0,0.0,2.31,0.0,0.0,0.0,0.0,0.0,3.3,2.86,221.32,128.15,229.9,146.96,48.4,10.89,780.89
23.0184,10.23,0.0,0.0,2.31,0.0,0.0,0.0,0.0,0.0,3.3,2.86,205.81,121.66,240.9,146.96,44.0,12.54,765.49
23.0284,17.16,0.0,0.0,0.0,0.0,0.0,0.0,0.0,0.0,3.3,0.0,185.02,112.09,248.16,153.01,46.86,17.16,748.44
23.0384,27.5,0.0,0.0,2.31,0.0,0.0,0.0,0.0,0.0,3.3,2.86,162.91,109.01,253.66,153.01,45.43,29.81,730.18
23.0484,49.94,0.0,0.0,2.31,0.0,2.53,0.0,0.0,0.0,3.3,2.86,139.15,101.31,262.79,156.09,45.43,54.78,710.93
23.0584,80.85,0.0,0.0,4.73,0.0,0.0,0.0,0.0,0.0,0.0,0.0,124.96,91.96,268.29,156.09,45.43,85.58,686.73
23.0684,120.67,0.0,0.0,5.83,2.75,2.53,0.0,0.0,0.0,3.3,0.0,101.97,82.72,273.79,154.55,44.0,131.78,660.33
23.0784,173.14,8.03,5.5,4.73,4.18,3.85,0.0,0.0,0.0,0.0,0.0,84.04,68.75,275.66,145.42,44.0,199.43,617.87
23.0884,182.16,87.78,57.97,7.04,9.68,5.17,2.86,2.75,0.0,0.0,2.86,61.71,49.61,281.27,133.1,42.46,355.41,571.01
23.0984,169.62,97.68,110.66,9.46,9.68,5.17,2.86,5.5,0.0,0.0,2.86,33.44,36.41,268.29,107.14,42.46,410.63,490.6
23.1084,171.38,105.82,128.59,17.71,11.11,3.85,4.29,6.82,0.0,0.0,0.0,30.25,33.11,206.91,56.54,46.86,449.57,373.67
23.1184,164.34,107.47,133.43,31.9,32.01,7.81,4.29,6.82,0.0,3.3,0.0,27.06,31.46,147.84,27.5,67.98,488.07,305.14
23.1284,159.06,109.12,133.43,46.09,41.8,6.49,5.72,8.25,0.0,0.0,0.0,23.87,26.4,82.83,23.43,80.19,509.96,236.72
23.1384,157.3,114.07,133.43,54.34,47.3,6.49,7.15,8.25,0.0,3.3,0.0,19.03,19.8,36.74,22.0,69.52,528.33,170.39
23.1484,155.54,112.42,135.08,62.26,55.77,7.81,7.15,9.57,0.0,0.0,0.0,12.65,14.85,26.07,17.93,41.03,545.6,112.53
23.1584,155.54,117.37,135.08,69.41,61.6,7.81,8.69,8.25,0.0,0.0,0.0,9.46,11.55,15.4,12.32,27.83,563.75,76.56
23.1684,153.89,117.37,135.08,73.7,64.57,6.49,7.15,9.57,0.0,3.3,0.0,4.73,6.6,10.67,8.25,20.46,567.82,54.01
23.1784,150.37,115.72,133.43,79.42,70.4,9.13,8.69,11.0,0.0,0.0,0.0,3.08,4.95,9.46,8.25,11.66,578.16,37.4
23.1884,146.85,117.37,131.89,83.71,74.8,10.45,7.15,11.0,0.0,3.3,0.0,4.73,4.95,7.04,5.5,5.83,583.22,31.35
23.1984,139.92,114.07,126.94,88.0,79.31,10.45,11.55,12.32,0.0,0.0,0.0,4.73,0.0,7.04,2.75,4.4,582.56,18.92
23.2084,134.64,110.77,123.64,93.72,82.17,10.45,11.55,11.0,0.0,3.3,0.0,4.73,0.0,5.83,4.07,4.4,577.94,22.33
23.2184,125.84,104.17,117.04,99.44,83.71,10.45,11.55,12.32,0.0,0.0,0.0,3.08,3.3,4.73,5.5,5.83,564.52,22.44
23.2284,118.91,99.22,109.12,103.73,85.14,9.13,11.55,12.32,0.0,0.0,0.0,3.08,3.3,4.73,4.07,4.4,549.12,19.58
23.2384,110.22,91.08,102.85,109.45,88.11,9.13,12.98,12.32,0.0,0.0,0.0,3.08,0.0,4.73,4.07,4.4,536.14,16.28
23.2484,103.29,86.13,93.61,117.04,91.08,10.45,12.98,13.75,0.0,0.0,0.0,0.0,0.0,4.73,4.07,4.4,528.33,13.2
23.2584,94.71,77.99,84.26,123.2,91.08,11.77,14.41,12.32,0.0,0.0,0.0,0.0,3.3,4.73,4.07,2.86,509.74,14.96
23.2684,86.02,69.74,74.91,130.9,93.94,11.77,15.84,15.18,0.0,0.0,0.0,0.0,0.0,4.73,0.0,0.0,498.3,4.73
23.2784,77.44,63.25,65.56,137.17,96.91,14.41,18.81,15.18,0.0,0.0,0.0,3.08,0.0,3.52,4.07,2.86,488.73,13.53
23.2884,67.1,55.11,59.4,147.95,101.31,15.73,23.1,16.5,0.0,0.0,0.0,0.0,0.0,3.52,2.75,2.86,486.2,9.13
23.2984,61.93,50.16,51.04,155.76,104.28,18.26,27.5,17.93,0.0,0.0,0.0,0.0,0.0,2.31,2.75,4.4,486.86,9.46
23.3084,55.11,43.67,44.11,161.92,108.68,22.22,33.22,17.93,0.0,0.0,0.0,0.0,0.0,2.31,0.0,2.86,486.86,5.17
23.3184,46.42,35.64,40.04,168.19,113.63,30.14,40.48,19.25,0.0,0.0,0.0,0.0,0.0,2.31,0.0,2.86,493.79,5.17
23.3284,41.25,30.69,33.11,174.57,118.69,36.74,46.31,22.0,0.0,0.0,0.0,0.0,0.0,2.31,2.75,2.86,503.36,7.92
23.3384,36.08,24.31,30.36,179.52,123.86,44.55,55.0,23.43,0.0,0.0,0.0,0.0,0.0,3.52,0.0,2.86,517.11,6.38
23.3484,32.67,19.36,24.86,184.36,130.68,53.79,65.34,24.75,0.0,0.0,0.0,0.0,0.0,2.31,0.0,2.86,535.81,5.17
23.3584,29.26,14.52,22.0,185.9,137.5,64.9,75.79,26.18,0.0,0.0,0.0,0.0,0.0,2.31,2.75,2.86,556.05,7.92
23.3684,25.74,9.68,19.25,189.2,145.97,73.48,86.13,27.5,0.0,0.0,0.0,0.0,0.0,0.0,0.0,0.0,576.95,0.0
23.3784,22.33,6.38,13.75,192.39,152.79,84.7,98.12,28.93,0.0,0.0,0.0,0.0,0.0,2.31,2.75,0.0,599.39,5.06
23.3884,18.92,6.38,13.75,192.39,159.61,94.6,110.0,30.36,0.0,0.0,0.0,0.0,0.0,2.31,0.0,2.86,626.01,5.17
23.3984,17.16,4.84,12.43,197.23,164.78,105.93,122.65,31.68,0.0,0.0,0.0,0.0,0.0,0.0,2.75,2.86,656.7,5.61
23.4084,15.4,6.38,12.43,198.88,173.36,117.7,132.33,34.43,0.0,0.0,0.0,0.0,0.0,2.31,0.0,2.86,690.91,5.17
23.4184,11.99,6.38,11.0,203.72,176.88,134.53,143.55,34.43,0.0,0.0,0.0,0.0,0.0,0.0,2.75,0.0,722.48,2.75
23.4284,6.82,4.84,11.0,203.72,178.64,146.85,159.72,35.86,0.0,0.0,0.0,0.0,0.0,0.0,0.0,0.0,747.45,0.0
23.4384,5.06,4.84,8.25,207.02,180.4,160.6,169.29,35.86,0.0,0.0,0.0,0.0,0.0,0.0,2.75,0.0,771.32,2.75
23.4484,0.0,4.84,5.5,207.02,180.4,178.31,183.04,38.61,0.0,0.0,0.0,0.0,0.0,2.31,0.0,0.0,797.72,2.31
23.4584,0.0,0.0,4.07,203.72,175.12,193.27,195.36,41.36,0.0,0.0,0.0,0.0,0.0,2.31,2.75,0.0,812.9,5.06
23.4684,0.0,3.19,4.07,198.88,166.43,208.23,204.05,41.36,0.0,0.0,0.0,0.0,0.0,2.31,0.0,0.0,826.21,2.31
23.4784,0.0,3.19,4.07,185.9,156.2,221.43,216.37,44.11,2.42,0.0,0.0,0.0,0.0,2.31,0.0,0.0,831.27,4.73
23.4884,0.0,0.0,2.75,171.38,144.32,234.74,225.06,44.11,3.63,0.0,0.0,0.0,0.0,2.31,0.0,0.0,822.36,5.94
23.4984,0.0,3.19,2.75,152.68,134.09,244.64,233.53,46.86,4.84,0.0,0.0,0.0,0.0,0.0,0.0,0.0,817.74,4.84
23.5084,0.0,0.0,4.07,129.36,120.45,254.65,238.7,49.61,9.79,0.0,0.0,0.0,0.0,0.0,0.0,0.0,796.84,9.79
23.5184,0.0,0.0,2.75,108.02,110.22,261.25,243.76,51.04,17.16,0.0,0.0,0.0,0.0,2.31,0.0,0.0,777.04,19.47
23.5284,0.0,0.0,2.75,89.43,98.34,264.55,248.93,55.11,29.59,0.0,0.0,0.0,0.0,0.0,0.0,0.0,759.11,29.59
23.5384,0.0,3.19,0.0,69.41,86.57,266.2,250.58,60.94,46.86,0.0,0.0,0.0,0.0,0.0,0.0,0.0,736.89,46.86
23.5484,0.0,3.19,2.75,49.61,70.4,266.2,247.17,66.88,82.06,3.3,2.86,0.0,0.0,0.0,0.0,0.0,706.2,88.22
23.5584,0.0,3.19,2.75,31.9,51.48,261.25,235.29,69.85,128.59,6.6,2.86,3.08,0.0,2.31,0.0,0.0,655.71,143.44
23.5684,0.0,0.0,2.75,20.02,29.26,241.34,211.09,77.33,141.24,121.66,37.18,4.73,3.3,2.31,0.0,0.0,581.79,310.42
23.5783,0.0,3.19,2.75,17.71,26.4,188.32,150.04,92.18,137.06,152.9,92.84,7.92,8.25,4.73,2.75,2.86,480.59,409.31
23.5883,0.0,4.84,0.0,15.29,23.65,131.45,86.13,114.73,138.49,159.5,113.08,15.84,11.55,5.83,6.82,5.83,376.09,456.94
23.5983,0.0,3.19,0.0,12.98,19.47,79.09,34.76,162.58,135.63,164.45,116.05,33.44,13.2,7.04,9.57,8.8,312.07,488.18
23.6083,0.0,4.84,0.0,9.46,15.29,28.82,26.07,140.91,127.16,166.1,120.67,49.39,18.15,7.04,9.57,7.26,225.39,505.34
23.6183,0.0,3.19,2.75,5.83,12.54,22.22,21.67,74.36,124.3,172.81,122.21,60.17,26.4,9.46,8.25,11.66,142.56,535.26
23.6283,0.0,3.19,0.0,4.73,6.93,15.73,15.84,42.68,124.3,177.87,122.21,72.16,34.76,9.46,11.0,11.66,89.1,563.42
23.6383,0.0,3.19,0.0,3.52,5.5,10.45,10.12,24.75,121.44,181.17,126.83,79.53,34.76,9.46,9.57,11.66,57.53,574.42
23.6483,0.0,3.19,0.0,3.52,5.5,7.81,8.69,11.0,118.69,181.17,126.83,85.58,41.36,9.46,12.32,13.2,39.71,588.61
23.6583,0.0,0.0,0.0,4.73,4.18,6.49,5.72,2.75,115.83,184.58,125.29,92.95,43.01,11.77,12.32,14.63,23.87,600.38
23.6683,0.0,0.0,0.0,4.73,4.18,3.85,5.72,2.75,110.22,181.17,123.75,99.0,49.61,10.67,12.32,14.63,21.23,601.37
23.6783,0.0,0.0,0.0,2.31,0.0,3.85,5.72,2.75,104.83,179.52,117.59,103.4,49.61,11.77,12.32,14.63,14.63,593.67
23.6883,0.0,0.0,0.0,3.52,4.18,5.17,2.86,2.75,98.12,172.81,111.43,106.37,54.56,10.67,13.75,14.63,18.48,582.34
23.6983,0.0,0.0,0.0,3.52,2.75,3.85,4.29,2.75,90.09,162.8,102.19,109.34,56.21,12.98,11.0,14.63,17.16,559.24
23.7083,0.0,0.0,0.0,2.31,2.75,3.85,2.86,0.0,83.38,156.2,94.38,113.96,56.21,12.98,12.32,16.06,11.77,545.49
23.7183,0.0,0.0,0.0,3.52,2.75,3.85,2.86,0.0,75.35,144.65,86.68,117.15,56.21,11.77,13.75,16.06,12.98,521.62
23.7283,0.0,0.0,0.0,2.31,0.0,2.53,2.86,2.75,68.64,133.21,77.33,120.23,59.51,12.98,12.32,16.06,10.45,500.28
23.7383,0.0,0.0,0.0,0.0,2.75,2.53,4.29,0.0,61.93,121.66,71.06,124.96,62.59,12.98,13.75,14.63,9.57,483.56
23.7483,0.0,0.0,0.0,0.0,2.75,3.85,2.86,0.0,55.44,111.76,64.9,129.69,68.75,12.98,15.18,17.6,9.46,476.3
23.7583,0.0,0.0,0.0,0.0,0.0,2.53,2.86,0.0,49.28,97.9,58.74,134.42,74.91,15.4,12.32,16.06,5.39,459.03
23.7683,0.0,0.0,0.0,2.31,0.0,2.53,0.0,0.0,44.33,85.58,52.91,142.34,79.64,14.19,16.5,20.46,4.84,455.95
23.7783,0.0,0.0,0.0,2.31,0.0,2.53,0.0,0.0,39.38,73.26,48.62,148.72,88.88,14.19,16.5,20.46,4.84,450.01
23.7883,0.0,0.0,0.0,0.0,0.0,2.53,0.0,0.0,34.43,65.56,48.62,153.45,95.04,16.61,15.18,20.46,2.53,449.35
23.7983,0.0,0.0,0.0,0.0,0.0,2.53,0.0,0.0,29.59,54.45,45.76,161.26,107.47,16.61,19.25,22.0,2.53,456.39
23.8083,0.0,0.0,0.0,0.0,0.0,0.0,0.0,0.0,25.85,46.2,42.9,169.51,116.82,16.61,17.93,23.43,0.0,459.25
23.8183,0.0,0.0,0.0,0.0,0.0,0.0,0.0,0.0,22.11,39.6,40.04,179.85,129.8,17.71,22.0,24.86,0.0,475.97
23.8283,0.0,0.0,0.0,0.0,0.0,0.0,0.0,0.0,17.16,29.7,37.18,190.19,142.78,18.92,27.5,24.86,0.0,488.29
23.8383,0.0,0.0,0.0,0.0,0.0,0.0,0.0,0.0,14.74,24.75,34.32,197.12,157.41,23.65,38.61,27.83,0.0,518.43
23.8483,0.0,0.0,0.0,0.0,0.0,0.0,0.0,0.0,11.0,16.5,25.74,210.98,170.39,30.8,49.61,32.23,0.0,547.25
23.8583,0.0,0.0,0.0,0.0,0.0,2.53,0.0,0.0,9.79,16.5,22.88,219.56,181.17,42.68,60.94,32.23,2.53,585.75
23.8683,0.0,0.0,0.0,0.0,0.0,0.0,0.0,0.0,8.58,9.9,15.73,230.01,191.95,55.77,78.76,38.06,0.0,628.76
23.8783,0.0,0.0,0.0,0.0,0.0,0.0,0.0,0.0,7.37,9.9,10.01,238.81,200.97,75.35,90.75,39.6,0.0,672.76
23.8883,0.0,0.0,0.0,0.0,0.0,0.0,0.0,0.0,6.16,6.6,7.15,244.09,209.99,91.96,105.71,42.46,0.0,714.12
23.8983,0.0,0.0,0.0,0.0,0.0,0.0,0.0,2.75,4.84,6.6,7.15,247.61,213.62,105.49,120.89,44.0,2.75,750.2
23.9083,0.0,0.0,0.0,0.0,0.0,0.0,0.0,0.0,3.63,6.6,4.29,247.61,220.77,120.01,131.56,44.0,0.0,778.47
23.9183,0.0,0.0,0.0,0.0,0.0,0.0,0.0,0.0,0.0,3.3,2.86,252.78,226.05,139.15,139.26,48.4,0.0,811.8
23.9283,0.0,0.0,0.0,0.0,0.0,0.0,0.0,0.0,0.0,3.3,4.29,254.54,222.64,154.77,151.47,49.83,0.0,840.84
23.9383,5.06,0.0,2.75,0.0,0.0,0.0,0.0,0.0,0.0,6.6,2.86,249.37,219.01,168.74,157.63,49.83,7.81,854.04
23.9483,15.4,0.0,0.0,0.0,0.0,0.0,0.0,0.0,0.0,3.3,2.86,242.33,211.75,182.6,163.79,48.4,15.4,855.03
23.9583,15.4,0.0,0.0,0.0,0.0,0.0,0.0,0.0,0.0,3.3,0.0,228.25,197.34,193.05,168.52,48.4,15.4,838.86
23.9683,13.75,0.0,0.0,0.0,0.0,0.0,0.0,0.0,0.0,4.95,0.0,209.22,177.54,203.5,173.36,46.86,13.75,815.43
23.9783,24.09,0.0,0.0,0.0,0.0,0.0,0.0,0.0,0.0,4.95,2.86,188.54,163.9,212.19,176.66,46.86,24.09,795.96
23.9883,27.5,0.0,0.0,0.0,0.0,0.0,0.0,0.0,0.0,4.95,2.86,164.45,152.46,220.88,176.66,45.43,27.5,767.69
23.9983,39.6,0.0,0.0,0.0,0.0,0.0,0.0,0.0,0.0,4.95,0.0,142.34,142.78,228.03,178.2,44.0,39.6,740.3
24.0083,56.76,0.0,0.0,2.31,0.0,0.0,0.0,0.0,0.0,0.0,0.0,121.88,136.29,237.16,176.66,42.46,59.07,714.45
24.0183,77.44,0.0,0.0,3.52,0.0,0.0,0.0,0.0,0.0,0.0,2.86,103.4,123.31,237.16,176.66,42.46,80.96,685.85
24.0283,110.22,0.0,0.0,3.52,2.75,0.0,0.0,0.0,0.0,0.0,0.0,82.5,110.55,244.53,170.17,39.6,116.49,647.35
24.0383,148.61,48.62,17.93,5.83,9.68,0.0,2.86,2.75,0.0,3.3,0.0,64.68,90.42,244.53,165.33,39.6,236.28,607.86
24.0483,152.13,76.34,76.45,9.46,13.86,6.49,5.72,5.5,0.0,3.3,0.0,41.36,61.05,244.53,146.96,38.06,345.95,535.26
24.0583,146.85,86.13,104.5,17.71,25.08,6.49,7.15,8.25,0.0,0.0,0.0,30.25,41.36,219.12,117.81,36.63,402.16,445.17
24.0683,148.61,94.38,115.39,30.69,44.55,7.81,7.15,8.25,0.0,3.3,2.86,25.41,34.76,160.05,60.94,42.46,456.83,329.78
24.0783,143.33,97.68,115.39,43.67,55.77,7.81,7.15,9.57,0.0,0.0,0.0,25.41,31.46,111.54,27.5,77.11,480.37,273.02
24.0883,143.33,102.52,113.85,54.34,63.03,9.13,8.69,9.57,0.0,4.95,2.86,23.87,26.4,50.93,19.25,93.94,504.46,222.2
24.0983,145.09,107.47,118.69,60.83,67.54,7.81,11.55,11.0,0.0,3.3,0.0,15.84,19.8,28.38,20.68,72.6,529.98,160.6
24.1083,148.61,112.42,120.34,65.12,71.94,9.13,10.12,11.0,0.0,3.3,0.0,12.65,14.85,18.92,17.93,42.46,548.68,110.11
24.1183,148.61,114.07,123.64,70.84,74.8,9.13,10.12,12.32,0.0,0.0,0.0,9.46,9.9,12.98,11.0,27.83,563.53,71.17
24.1283,146.85,114.07,125.29,75.13,79.31,10.45,12.98,11.0,0.0,0.0,0.0,6.27,8.25,9.46,11.0,17.6,575.08,52.58
24.1383,143.33,114.07,126.94,79.42,82.17,10.45,12.98,11.0,0.0,3.3,0.0,4.73,6.6,8.25,5.5,7.26,580.36,35.64
24.1483,139.92,112.42,125.29,82.28,88.11,9.13,12.98,11.0,0.0,0.0,0.0,3.08,4.95,8.25,4.07,4.4,581.13,24.75
24.1583,134.64,105.82,121.99,85.14,91.08,10.45,15.84,13.75,0.0,0.0,0.0,4.73,3.3,5.83,5.5,2.86,578.71,22.22
24.1683,127.6,102.52,118.69,86.57,93.94,10.45,17.38,13.75,0.0,0.0,0.0,4.73,3.3,5.83,5.5,5.83,570.9,25.19
24.1783,120.67,94.38,117.04,88.0,93.94,10.45,21.67,13.75,0.0,0.0,0.0,4.73,3.3,7.04,4.07,2.86,559.9,22.0
24.1883,115.39,91.08,110.66,90.86,98.34,11.77,23.1,13.75,0.0,0.0,0.0,3.08,3.3,4.73,4.07,5.83,554.95,21.01
24.1983,108.46,84.48,102.85,95.15,101.31,11.77,26.07,13.75,0.0,3.3,0.0,0.0,3.3,4.73,4.07,4.4,543.84,19.8
24.2083,99.88,77.99,96.69,99.44,101.31,14.41,30.36,16.5,0.0,0.0,0.0,0.0,3.3,3.52,5.5,4.4,536.58,16.72
24.2183,92.95,71.39,87.34,105.16,104.28,15.73,33.22,15.18,0.0,0.0,0.0,3.08,3.3,4.73,4.07,2.86,525.25,18.04
24.2283,84.37,64.9,77.99,110.88,105.71,18.26,36.19,17.93,0.0,0.0,0.0,0.0,0.0,4.73,0.0,2.86,516.23,7.59
24.2383,77.44,58.3,71.83,118.58,108.68,22.22,39.05,17.93,0.0,0.0,0.0,3.08,0.0,3.52,2.75,0.0,514.03,9.35
24.2483,68.86,53.46,62.48,126.28,110.22,27.5,43.45,20.68,0.0,0.0,0.0,3.08,0.0,0.0,2.75,2.86,512.93,8.69
24.2583,61.93,48.62,55.22,134.09,111.87,32.78,47.74,20.68,0.0,0.0,0.0,0.0,0.0,3.52,0.0,2.86,512.93,6.38
24.2683,55.11,42.13,48.29,141.79,117.04,39.27,53.57,20.68,0.0,0.0,0.0,0.0,0.0,2.31,4.07,4.4,517.88,10.78
24.2783,49.94,37.18,42.79,146.41,122.1,44.55,59.4,23.43,0.0,0.0,0.0,0.0,0.0,2.31,0.0,2.86,525.8,5.17
24.2883,43.01,30.69,35.86,152.68,127.27,52.47,66.77,23.43,0.0,0.0,0.0,0.0,0.0,2.31,0.0,0.0,532.18,2.31
24.2983,37.84,24.31,28.93,158.84,130.68,62.15,75.79,24.75,0.0,0.0,0.0,0.0,0.0,0.0,2.75,2.86,543.29,5.61
24.3083,34.43,19.36,24.86,165.0,139.15,73.48,86.13,28.93,0.0,0.0,0.0,0.0,0.0,2.31,0.0,2.86,571.34,5.17
24.3183,29.26,14.52,19.25,169.73,145.97,83.38,95.15,28.93,0.0,0.0,0.0,0.0,0.0,2.31,2.75,4.4,586.19,9.46
24.3283,25.74,8.03,15.18,174.57,151.14,93.17,107.03,31.68,0.0,0.0,0.0,0.0,0.0,2.31,2.75,2.86,606.54,7.92
24.3383,20.57,4.84,13.75,179.52,159.61,104.5,119.46,33.11,0.0,0.0,0.0,0.0,0.0,0.0,0.0,0.0,635.36,0.0
24.3483,17.16,6.38,13.75,182.71,161.37,117.7,130.68,33.11,0.0,0.0,0.0,0.0,0.0,2.31,2.75,2.86,662.86,7.92
24.3583,15.4,6.38,11.0,187.55,166.43,132.99,140.36,34.43,0.0,0.0,0.0,0.0,0.0,2.31,0.0,2.86,694.54,5.17
24.3683,11.99,6.38,11.0,190.85,169.84,146.85,151.58,37.18,0.0,0.0,0.0,0.0,0.0,2.31,2.75,2.86,725.67,7.92
24.3783,8.58,4.84,9.57,194.04,169.84,160.6,162.91,38.61,0.0,0.0,0.0,0.0,0.0,2.31,0.0,0.0,748.99,2.31
24.3883,5.06,3.19,6.82,195.69,169.84,173.36,172.59,39.93,0.0,0.0,0.0,0.0,0.0,0.0,0.0,0.0,766.48,0.0
24.3983,0.0,3.19,4.07,197.23,166.43,188.32,184.8,39.93,0.0,0.0,0.0,0.0,0.0,0.0,0.0,0.0,783.97,0.0
24.4083,0.0,3.19,2.75,195.69,161.37,203.17,195.36,41.36,0.0,0.0,0.0,0.0,0.0,0.0,2.75,0.0,802.89,2.75
24.4183,0.0,3.19,4.07,189.2,149.38,214.83,205.81,42.68,0.0,0.0,0.0,0.0,0.0,2.31,0.0,0.0,809.16,2.31
24.4283,0.0,3.19,4.07,176.22,144.32,228.14,214.61,41.36,2.42,0.0,0.0,0.0,0.0,0.0,0.0,0.0,811.91,2.42
24.4383,0.0,3.19,4.07,160.38,132.33,238.04,221.65,42.68,2.42,0.0,0.0,0.0,0.0,0.0,0.0,0.0,802.34,2.42
24.4483,0.0,3.19,2.75,144.87,125.51,249.59,230.12,44.11,3.63,0.0,0.0,0.0,0.0,2.31,0.0,0.0,800.14,5.94
24.4583,0.0,0.0,2.75,124.74,115.28,256.3,233.53,46.86,4.84,0.0,0.0,0.0,0.0,0.0,0.0,2.86,779.46,7.7
24.4683,0.0,3.19,2.75,109.45,104.28,262.9,238.7,48.29,7.37,0.0,0.0,0.0,0.0,0.0,0.0,0.0,769.56,7.37
24.4783,0.0,3.19,2.75,93.72,93.94,267.85,238.7,51.04,12.32,0.0,0.0,0.0,0.0,0.0,0.0,0.0,751.19,12.32
24.4883,0.0,3.19,2.75,77.99,79.31,272.8,238.7,53.79,29.59,0.0,0.0,0.0,0.0,0.0,0.0,0.0,728.53,29.59
24.4983,0.0,0.0,4.07,56.76,63.03,274.45,233.53,57.97,49.28,0.0,0.0,0.0,0.0,0.0,0.0,0.0,689.81,49.28
24.5083,0.0,3.19,2.75,40.15,45.98,274.45,223.41,62.37,88.77,6.6,0.0,0.0,0.0,0.0,0.0,0.0,652.3,95.37
24.5183,0.0,3.19,2.75,22.44,29.26,259.6,197.12,71.28,137.06,8.25,2.86,3.08,0.0,0.0,0.0,0.0,585.64,151.25
24.5283,0.0,3.19,2.75,17.71,26.4,213.18,137.17,86.24,152.57,124.96,22.88,3.08,3.3,3.52,0.0,0.0,486.64,310.31
24.5383,0.0,4.84,0.0,15.29,25.08,152.9,84.7,111.65,149.71,164.45,95.92,4.73,4.95,2.31,0.0,0.0,394.46,422.07
24.5483,0.0,4.84,0.0,12.98,20.9,103.07,39.05,151.8,149.71,174.46,123.75,6.27,6.6,3.52,0.0,2.86,332.64,467.17
24.5583,0.0,4.84,2.75,9.46,16.72,41.91,28.93,145.64,148.39,179.52,129.91,11.11,6.6,3.52,4.07,5.83,250.25,488.95
24.5683,0.0,4.84,0.0,7.04,12.54,26.18,24.53,95.15,134.2,176.11,137.5,33.44,8.25,5.83,4.07,7.26,170.28,506.66
24.5783,0.0,4.84,2.75,5.83,9.68,18.26,18.81,56.54,128.59,179.52,137.5,49.39,16.5,7.04,8.25,8.8,116.71,535.59
24.5883,0.0,3.19,0.0,4.73,5.5,13.09,12.98,35.86,124.3,179.52,142.12,60.17,29.81,7.04,6.82,11.66,75.35,561.44
24.5983,0.0,0.0,0.0,4.73,5.5,9.13,10.12,20.68,117.26,177.87,142.12,69.08,36.41,8.25,9.57,10.23,50.16,570.79
24.6083,0.0,3.19,0.0,3.52,4.18,7.81,5.72,6.82,112.97,176.11,142.12,76.56,44.66,8.25,9.57,11.66,31.24,581.9
24.6183,0.0,0.0,0.0,2.31,2.75,5.17,5.72,0.0,107.47,174.46,139.04,84.04,47.96,9.46,8.25,13.2,15.95,583.88
24.6283,0.0,0.0,0.0,2.31,4.18,5.17,5.72,2.75,102.08,172.81,135.96,89.98,52.91,9.46,11.0,13.2,20.13,587.4
24.6383,0.0,0.0,0.0,2.31,2.75,5.17,5.72,2.75,95.48,166.1,126.83,91.52,56.21,10.67,12.32,14.63,18.7,573.76
24.6483,0.0,0.0,0.0,2.31,2.75,3.85,5.72,0.0,87.34,157.85,117.59,99.0,59.51,10.67,11.0,14.63,14.63,557.59
24.6583,0.0,0.0,0.0,0.0,2.75,3.85,4.29,2.75,80.74,149.6,108.35,101.97,59.51,12.98,9.57,13.2,13.64,535.92
24.6683,0.0,0.0,0.0,0.0,2.75,3.85,4.29,0.0,74.03,141.35,97.46,107.91,61.05,11.77,11.0,14.63,10.89,519.2
24.6783,0.0,0.0,0.0,2.31,0.0,0.0,0.0,0.0,68.64,133.21,89.76,110.88,62.59,12.98,11.0,14.63,2.31,503.69
24.6883,0.0,0.0,0.0,2.31,0.0,3.85,2.86,0.0,61.93,123.31,80.41,118.69,62.59,12.98,11.0,16.06,9.02,486.97
24.6983,0.0,0.0,0.0,0.0,2.75,2.53,2.86,0.0,55.44,111.76,71.06,123.42,67.21,12.98,13.75,16.06,8.14,471.68
24.7083,0.0,0.0,0.0,0.0,0.0,0.0,0.0,0.0,48.07,100.98,63.36,131.34,68.75,14.19,15.18,17.6,0.0,459.47
24.7183,0.0,0.0,0.0,0.0,0.0,2.53,0.0,0.0,43.12,91.74,57.2,134.42,71.83,15.4,15.18,17.6,2.53,446.49
24.7283,0.0,0.0,0.0,2.31,0.0,0.0,0.0,0.0,36.96,77.88,51.48,145.53,78.1,14.19,16.5,20.46,2.31,441.1
24.7383,0.0,0.0,0.0,0.0,0.0,2.53,0.0,0.0,33.22,70.18,45.76,156.53,81.18,16.61,16.5,19.03,2.53,439.01
24.7483,0.0,0.0,0.0,0.0,0.0,0.0,0.0,0.0,28.27,60.94,41.47,162.91,91.96,16.61,16.5,22.0,0.0,440.66
24.7583,0.0,0.0,0.0,0.0,0.0,0.0,0.0,0.0,23.43,47.85,35.75,174.68,102.85,17.71,19.25,23.43,0.0,444.95
24.7683,0.0,0.0,0.0,0.0,0.0,2.53,0.0,0.0,19.69,42.9,32.89,183.37,110.55,18.92,22.0,22.0,2.53,452.32
24.7783,0.0,0.0,0.0,0.0,0.0,2.53,0.0,0.0,17.16,33.0,30.03,197.12,123.31,21.34,24.75,26.4,2.53,473.11
24.7883,0.0,0.0,0.0,0.0,0.0,0.0,0.0,0.0,13.53,28.05,25.74,205.81,134.64,27.28,28.93,27.83,0.0,491.81
24.7983,0.0,0.0,0.0,0.0,0.0,0.0,0.0,0.0,11.0,21.45,20.02,219.56,141.13,37.95,39.93,32.23,0.0,523.27
24.8083,0.0,0.0,0.0,0.0,0.0,0.0,0.0,0.0,9.79,16.5,15.73,226.49,154.11,48.62,51.04,35.2,0.0,557.48
24.8183,0.0,0.0,0.0,0.0,0.0,0.0,0.0,0.0,8.58,9.9,10.01,237.05,160.6,64.79,62.37,35.2,0.0,588.5
24.8283,0.0,0.0,0.0,0.0,0.0,0.0,0.0,2.75,7.37,11.55,10.01,240.57,170.39,82.83,74.36,39.6,2.75,636.68
24.8383,0.0,0.0,0.0,0.0,0.0,0.0,0.0,0.0,7.37,9.9,4.29,249.37,181.17,97.9,84.81,42.46,0.0,677.27
24.8483,0.0,0.0,0.0,0.0,0.0,0.0,0.0,0.0,3.63,6.6,5.72,254.54,188.32,114.73,96.69,42.46,0.0,712.69
24.8583,0.0,0.0,0.0,0.0,0.0,0.0,0.0,2.75,2.42,8.25,4.29,256.3,193.71,132.22,108.68,45.43,2.75,751.3
24.8683,0.0,0.0,0.0,0.0,0.0,0.0,0.0,0.0,0.0,6.6,2.86,259.82,197.34,153.12,116.27,45.43,0.0,781.44
24.8783,0.0,0.0,2.75,0.0,0.0,0.0,0.0,0.0,0.0,6.6,2.86,265.1,195.58,168.74,130.02,48.4,2.75,817.3
24.8883,0.0,0.0,0.0,0.0,0.0,0.0,0.0,0.0,0.0,3.3,2.86,263.34,197.34,184.36,134.64,51.26,0.0,837.1
24.8983,3.41,0.0,2.75,0.0,0.0,0.0,0.0,0.0,0.0,4.95,2.86,256.3,188.32,198.22,142.34,48.4,6.16,841.39
24.9083,5.06,0.0,0.0,0.0,0.0,0.0,0.0,0.0,0.0,3.3,0.0,242.33,181.17,206.91,148.39,46.86,5.06,828.96
24.9183,6.82,0.0,0.0,0.0,0.0,0.0,0.0,0.0,0.0,4.95,0.0,223.08,167.09,219.12,151.47,46.86,6.82,812.57
24.9283,8.58,0.0,0.0,0.0,0.0,0.0,0.0,0.0,0.0,3.3,0.0,204.05,157.41,233.53,154.55,46.86,8.58,799.7
24.9383,10.23,0.0,0.0,0.0,0.0,0.0,0.0,0.0,0.0,4.95,2.86,181.61,147.62,240.9,157.63,45.43,10.23,781.0
24.9483,17.16,0.0,0.0,0.0,0.0,0.0,0.0,0.0,0.0,4.95,0.0,159.72,141.13,248.16,162.25,45.43,17.16,761.64
24.9583,29.26,0.0,0.0,0.0,0.0,0.0,0.0,0.0,0.0,3.3,2.86,139.15,134.64,255.53,162.25,44.0,29.26,741.73
24.9683,51.59,0.0,0.0,0.0,0.0,0.0,0.0,0.0,0.0,3.3,0.0,123.42,124.96,259.16,160.71,44.0,51.59,715.55
24.9783,77.44,0.0,0.0,2.31,2.75,0.0,0.0,0.0,0.0,0.0,0.0,109.34,113.63,264.66,160.71,39.6,82.5,687.94
24.9883,117.15,0.0,0.0,2.31,4.18,0.0,0.0,0.0,0.0,4.95,0.0,91.52,95.04,266.42,153.01,39.6,123.64,650.54
24.9983,166.1,4.84,6.82,4.73,4.18,2.53,0.0,0.0,0.0,0.0,0.0,75.13,73.37,266.42,145.42,39.6,189.2,599.94
25.0082,175.01,87.78,59.4,5.83,8.36,3.85,2.86,0.0,0.0,4.95,0.0,49.39,47.96,268.29,130.02,39.6,343.09,540.21
25.0182,167.86,102.52,109.12,14.19,11.11,5.17,4.29,5.5,0.0,3.3,0.0,33.44,38.06,239.03,89.21,38.06,419.76,441.1
25.0282,166.1,105.82,128.59,22.44,22.22,5.17,4.29,8.25,0.0,4.95,0.0,27.06,34.76,173.91,46.86,49.83,462.88,337.37
25.0382,159.06,110.77,130.24,38.94,38.94,6.49,5.72,8.25,0.0,3.3,0.0,25.41,29.81,118.25,24.75,77.11,498.41,278.63
25.0482,155.54,114.07,131.89,53.13,50.16,7.81,7.15,8.25,0.0,4.95,0.0,22.22,23.1,50.93,23.43,77.11,528.0,201.74
25.0582,155.54,119.13,135.08,63.69,57.2,7.81,8.69,8.25,0.0,0.0,0.0,19.03,21.45,29.59,20.68,57.2,555.39,147.95
25.0682,155.54,124.08,138.38,70.84,60.17,6.49,8.69,11.0,0.0,4.95,0.0,12.65,13.2,20.13,16.5,33.66,575.19,101.09
25.0782,155.54,127.49,138.38,77.99,66.0,7.81,8.69,9.57,0.0,3.3,0.0,7.92,9.9,11.77,11.0,26.4,591.47,70.29
25.0882,155.54,129.14,135.08,83.71,67.54,7.81,10.12,9.57,0.0,0.0,0.0,4.73,6.6,10.67,9.57,14.63,598.51,46.2
25.0982,152.13,129.14,135.08,88.0,71.94,7.81,10.12,12.32,0.0,0.0,0.0,6.27,3.3,8.25,6.82,5.83,606.54,30.47
25.1082,150.37,130.79,130.24,92.29,73.37,10.45,10.12,12.32,0.0,0.0,0.0,4.73,4.95,8.25,2.75,2.86,609.95,23.54
25.1182,145.09,125.84,128.59,95.15,76.34,9.13,8.69,12.32,0.0,0.0,0.0,4.73,3.3,7.04,4.07,2.86,601.15,22.0
25.1282,139.92,124.08,121.99,98.01,77.77,7.81,10.12,11.0,0.0,0.0,0.0,4.73,3.3,4.73,4.07,4.4,590.7,21.23
25.1382,132.88,119.13,117.04,102.3,79.31,9.13,8.69,11.0,0.0,0.0,0.0,4.73,3.3,5.83,4.07,0.0,579.48,17.93
25.1482,125.84,110.77,112.2,105.16,79.31,9.13,10.12,12.32,0.0,0.0,0.0,3.08,0.0,4.73,4.07,4.4,564.85,16.28
25.1582,118.91,107.47,102.85,106.59,80.74,9.13,10.12,12.32,0.0,0.0,0.0,3.08,0.0,4.73,4.07,2.86,548.13,14.74
25.1682,110.22,97.68,95.15,112.42,80.74,9.13,11.55,13.75,0.0,0.0,0.0,3.08,0.0,4.73,4.07,2.86,530.64,14.74
25.1782,103.29,91.08,85.8,117.04,80.74,7.81,10.12,13.75,0.0,0.0,0.0,3.08,0.0,4.73,2.75,0.0,509.63,10.56
25.1882,94.71,82.94,79.53,120.12,82.17,7.81,10.12,12.32,0.0,0.0,0.0,0.0,0.0,4.73,2.75,2.86,489.72,10.34
25.1982,86.02,73.04,70.18,124.74,85.14,9.13,12.98,13.75,0.0,0.0,0.0,0.0,0.0,3.52,2.75,0.0,474.98,6.27
25.2082,77.44,63.25,65.56,130.9,89.54,10.45,12.98,13.75,0.0,0.0,0.0,3.08,0.0,3.52,2.75,2.86,463.87,12.21
25.2182,70.51,58.3,59.4,138.71,93.94,11.77,15.84,15.18,0.0,0.0,0.0,3.08,0.0,2.31,0.0,0.0,463.65,5.39
25.2282,61.93,51.81,53.79,144.87,99.88,11.77,20.24,15.18,0.0,0.0,0.0,0.0,0.0,2.31,0.0,0.0,459.47,2.31
25.2382,55.11,45.32,49.72,147.95,104.28,18.26,26.07,17.93,0.0,0.0,0.0,0.0,0.0,3.52,2.75,0.0,464.64,6.27
25.2482,48.18,38.83,46.86,155.76,110.22,22.22,34.76,19.25,0.0,0.0,0.0,0.0,0.0,2.31,2.75,0.0,476.08,5.06
25.2582,43.01,32.34,45.54,158.84,117.04,30.14,43.45,22.0,0.0,0.0,0.0,0.0,0.0,2.31,2.75,0.0,492.36,5.06
25.2682,39.6,27.5,40.04,165.0,125.51,36.74,52.14,23.43,0.0,0.0,0.0,0.0,0.0,3.52,0.0,0.0,509.96,3.52
25.2782,34.43,22.66,37.29,169.73,135.74,48.51,65.34,24.75,0.0,0.0,0.0,0.0,0.0,3.52,0.0,0.0,538.45,3.52
25.2882,30.91,17.82,33.11,174.57,145.97,60.72,78.76,26.18,0.0,0.0,0.0,0.0,0.0,2.31,0.0,0.0,568.04,2.31
25.2982,27.5,11.33,27.61,181.06,154.55,72.05,90.64,28.93,0.0,0.0,0.0,0.0,0.0,3.52,0.0,0.0,593.67,3.52
25.3082,24.09,8.03,20.68,185.9,159.61,83.38,102.63,30.36,0.0,0.0,0.0,0.0,0.0,0.0,2.75,0.0,614.68,2.75
25.3182,22.33,6.38,16.5,192.39,168.19,93.17,113.08,33.11,0.0,0.0,0.0,0.0,0.0,0.0,2.75,0.0,645.15,2.75
25.3282,17.16,6.38,15.18,198.88,173.36,105.93,124.3,33.11,0.0,0.0,0.0,0.0,0.0,2.31,2.75,0.0,674.3,5.06
25.3382,15.4,6.38,13.75,203.72,180.4,122.32,138.71,35.86,0.0,0.0,0.0,0.0,0.0,0.0,0.0,0.0,716.54,0.0
25.3482,11.99,6.38,12.43,208.56,185.57,139.15,150.04,37.18,0.0,0.0,0.0,0.0,0.0,2.31,2.75,0.0,751.3,5.06
25.3582,8.58,6.38,9.57,213.51,187.33,152.9,164.45,39.93,0.0,0.0,0.0,0.0,0.0,0.0,0.0,0.0,782.65,0.0
25.3682,5.06,4.84,8.25,216.7,187.33,171.71,176.0,38.61,6.16,0.0,0.0,0.0,0.0,2.31,0.0,0.0,808.5,8.47
25.3782,3.41,4.84,6.82,218.35,183.81,188.32,191.84,41.36,3.63,0.0,0.0,0.0,0.0,0.0,0.0,0.0,838.75,3.63
25.3882,0.0,4.84,4.07,213.51,176.88,204.82,204.05,42.68,3.63,0.0,0.0,0.0,0.0,0.0,0.0,0.0,850.85,3.63
25.3982,0.0,3.19,2.75,205.37,166.43,219.78,214.61,45.54,4.84,0.0,0.0,0.0,0.0,0.0,0.0,0.0,857.67,4.84
25.4082,0.0,3.19,4.07,190.85,154.55,233.09,223.41,46.86,4.84,0.0,0.0,0.0,0.0,0.0,0.0,0.0,856.02,4.84
25.4182,0.0,3.19,4.07,173.03,140.91,242.99,230.12,46.86,7.37,0.0,0.0,0.0,0.0,0.0,0.0,0.0,841.17,7.37
25.4282,0.0,3.19,4.07,149.49,127.27,251.35,235.29,46.86,12.32,0.0,0.0,0.0,0.0,0.0,0.0,0.0,817.52,12.32
25.4382,0.0,3.19,0.0,124.74,111.87,259.6,238.7,49.61,23.43,0.0,0.0,0.0,0.0,0.0,0.0,0.0,787.71,23.43
25.4482,0.0,3.19,2.75,102.3,99.88,262.9,238.7,49.61,39.38,0.0,0.0,0.0,0.0,2.31,0.0,0.0,759.33,41.69
25.4582,0.0,3.19,0.0,83.71,85.14,266.2,238.7,53.79,59.29,3.3,0.0,0.0,0.0,0.0,0.0,0.0,730.73,62.59
25.4682,0.0,0.0,4.07,59.4,66.0,267.85,230.12,56.54,95.48,6.6,2.86,0.0,0.0,0.0,0.0,0.0,683.98,104.94
25.4782,0.0,3.19,2.75,37.84,44.55,264.55,216.37,62.37,128.59,74.8,11.44,3.08,3.3,2.31,0.0,0.0,631.62,223.52
25.4882,0.0,4.84,2.75,21.23,29.26,239.69,176.0,72.82,125.73,134.86,67.98,6.27,4.95,3.52,0.0,2.86,546.59,346.17
25.4982,0.0,4.84,2.75,16.5,26.4,171.71,110.0,92.18,115.83,144.65,102.19,12.65,6.6,4.73,5.5,4.4,424.38,396.55
25.5082,0.0,3.19,2.75,14.19,20.9,116.16,53.57,133.21,122.87,156.2,111.43,27.06,11.55,5.83,6.82,5.83,343.97,447.59
25.5182,0.0,4.84,2.75,10.56,18.04,49.83,28.93,157.96,111.54,151.25,116.05,46.2,23.1,5.83,9.57,8.8,272.91,472.34
25.5282,0.0,4.84,2.75,8.25,13.86,24.86,21.67,107.14,106.15,154.55,120.67,60.17,38.06,9.46,8.25,11.66,183.37,508.97
25.5382,0.0,3.19,0.0,4.73,11.11,18.26,17.38,56.54,104.83,154.55,126.83,73.59,49.61,8.25,12.32,11.66,111.21,541.64
25.5482,0.0,4.84,0.0,2.31,6.93,13.09,11.55,34.43,102.08,156.2,129.91,82.5,56.21,10.67,9.57,11.66,73.15,558.8
25.5582,0.0,0.0,0.0,3.52,4.18,9.13,8.69,17.93,99.44,156.2,134.42,88.55,64.13,10.67,11.0,14.63,43.45,579.04
25.5682,0.0,3.19,0.0,4.73,4.18,6.49,7.15,4.07,95.48,154.55,135.96,94.49,68.75,10.67,13.75,16.06,29.81,589.71
25.5782,0.0,0.0,0.0,3.52,4.18,5.17,5.72,0.0,91.41,151.25,135.96,100.43,73.37,11.77,13.75,14.63,18.59,592.57
25.5882,0.0,0.0,0.0,2.31,4.18,3.85,4.29,0.0,87.34,147.95,132.88,101.97,79.64,11.77,11.0,14.63,14.63,587.18
25.5982,0.0,0.0,0.0,2.31,2.75,5.17,4.29,2.75,79.31,141.35,128.37,107.91,84.26,11.77,13.75,14.63,17.27,581.35
25.6082,0.0,0.0,0.0,2.31,2.75,3.85,4.29,0.0,74.03,131.56,123.75,112.42,88.88,11.77,12.32,16.06,13.2,570.79
25.6182,0.0,0.0,0.0,2.31,2.75,2.53,2.86,2.75,67.32,121.66,117.59,113.96,95.04,12.98,13.75,17.6,13.2,559.9
25.6282,0.0,0.0,0.0,0.0,2.75,3.85,2.86,0.0,60.61,108.68,109.89,118.69,98.23,12.98,13.75,17.6,9.46,540.43
25.6382,0.0,0.0,0.0,2.31,2.75,3.85,0.0,0.0,55.44,99.44,103.73,121.88,102.85,12.98,13.75,19.03,8.91,529.1
25.6482,0.0,0.0,0.0,2.31,0.0,3.85,0.0,0.0,49.28,87.12,94.38,124.96,109.01,14.19,16.5,19.03,6.16,514.47
25.6582,0.0,0.0,0.0,0.0,2.75,2.53,2.86,0.0,45.54,79.42,86.68,128.15,116.82,12.98,17.93,20.46,8.14,507.98
25.6682,0.0,0.0,0.0,0.0,0.0,0.0,2.86,0.0,39.38,67.1,78.87,132.88,123.31,15.4,20.68,20.46,2.86,498.08
25.6782,0.0,0.0,0.0,0.0,0.0,2.53,0.0,0.0,34.43,60.94,74.25,136.07,129.8,15.4,22.0,22.0,2.53,494.89
25.6882,0.0,0.0,0.0,0.0,0.0,2.53,0.0,0.0,29.59,52.8,69.52,142.34,133.1,16.61,24.75,22.0,2.53,490.71
25.6982,0.0,0.0,0.0,0.0,0.0,0.0,0.0,0.0,25.85,44.55,63.36,143.99,142.78,18.92,24.75,23.43,0.0,487.63
25.7082,0.0,0.0,0.0,0.0,0.0,2.53,0.0,2.75,20.9,36.3,55.77,154.99,147.62,18.92,31.68,24.86,5.28,491.04
25.7182,0.0,0.0,0.0,0.0,0.0,0.0,0.0,0.0,18.48,29.7,50.05,161.26,155.76,20.13,35.86,26.4,0.0,497.64
25.7282,0.0,0.0,0.0,0.0,0.0,0.0,0.0,0.0,15.95,23.1,44.33,169.51,160.6,21.34,44.11,24.86,0.0,503.8
25.7382,0.0,0.0,0.0,0.0,0.0,0.0,0.0,0.0,13.53,18.15,37.18,179.85,168.74,26.07,49.61,29.26,0.0,522.39
25.7482,0.0,0.0,0.0,0.0,0.0,0.0,0.0,0.0,11.0,16.5,30.03,183.37,177.54,30.8,60.94,32.23,0.0,542.41
25.7582,0.0,0.0,0.0,0.0,0.0,0.0,0.0,0.0,9.79,13.2,22.88,191.95,182.93,41.47,72.82,35.2,0.0,570.24
25.7682,0.0,0.0,0.0,0.0,0.0,0.0,0.0,2.75,7.37,8.25,14.3,204.05,193.71,52.14,86.24,35.2,2.75,601.26
25.7782,0.0,0.0,0.0,0.0,0.0,0.0,0.0,0.0,6.16,9.9,11.44,207.46,199.21,66.22,98.23,36.63,0.0,635.25
25.7882,0.0,0.0,0.0,0.0,0.0,0.0,0.0,0.0,4.84,8.25,8.58,212.74,209.99,82.83,108.68,36.63,0.0,672.54
25.7982,0.0,0.0,0.0,0.0,0.0,0.0,0.0,0.0,3.63,6.6,7.15,219.56,211.75,96.47,119.35,41.03,0.0,705.54
25.8082,0.0,0.0,2.75,0.0,0.0,0.0,0.0,2.75,2.42,6.6,4.29,221.32,219.01,113.08,128.59,44.0,5.5,739.31
25.8182,0.0,0.0,0.0,0.0,0.0,0.0,0.0,0.0,0.0,6.6,2.86,223.08,222.64,126.94,142.34,45.43,0.0,769.89
25.8282,0.0,0.0,0.0,0.0,0.0,0.0,0.0,0.0,0.0,4.95,2.86,223.08,222.64,144.32,149.93,44.0,0.0,791.78
25.8382,0.0,0.0,0.0,0.0,0.0,0.0,0.0,0.0,0.0,4.95,0.0,221.32,219.01,163.57,153.01,45.43,0.0,807.29
25.8482,3.41,0.0,0.0,0.0,0.0,0.0,0.0,0.0,0.0,4.95,2.86,209.22,209.99,177.43,163.79,44.0,3.41,812.24
25.8582,5.06,0.0,0.0,0.0,0.0,0.0,0.0,0.0,0.0,4.95,2.86,200.64,197.34,187.88,166.87,46.86,5.06,807.4
25.8682,6.82,0.0,0.0,0.0,0.0,0.0,0.0,0.0,0.0,3.3,0.0,183.37,182.93,201.74,173.36,45.43,6.82,790.13
25.8782,10.23,0.0,0.0,0.0,0.0,0.0,0.0,0.0,0.0,4.95,0.0,169.51,167.09,215.6,175.01,44.0,10.23,776.16
25.8882,17.16,0.0,0.0,0.0,0.0,0.0,0.0,0.0,0.0,3.3,2.86,151.8,157.41,226.27,178.2,45.43,17.16,765.27
25.8982,27.5,0.0,0.0,0.0,0.0,0.0,0.0,0.0,0.0,4.95,0.0,136.07,150.92,235.4,181.5,44.0,27.5,752.84
25.9082,48.18,0.0,0.0,0.0,0.0,0.0,0.0,0.0,0.0,0.0,2.86,120.23,142.78,242.66,183.15,42.46,48.18,734.14
25.9182,74.03,0.0,0.0,2.31,2.75,0.0,0.0,0.0,0.0,0.0,2.86,104.94,133.1,250.03,181.5,41.03,79.09,713.46
25.9282,108.46,0.0,0.0,3.52,4.18,0.0,0.0,0.0,0.0,3.3,2.86,87.01,123.31,251.79,179.85,41.03,116.16,689.15
25.9382,159.06,0.0,0.0,2.31,2.75,2.53,0.0,0.0,0.0,3.3,2.86,72.16,104.39,255.53,171.71,39.6,166.65,649.55
25.9482,185.79,53.46,23.43,4.73,5.5,3.85,0.0,0.0,0.0,0.0,2.86,54.12,79.64,257.29,163.79,38.06,276.76,595.76
25.9582,178.53,96.03,90.42,5.83,11.11,5.17,4.29,4.07,0.0,0.0,2.86,31.79,49.61,244.53,143.88,35.2,395.45,507.87
25.9682,169.62,100.87,117.04,9.46,12.54,5.17,5.72,6.82,0.0,0.0,2.86,28.6,38.06,199.98,92.29,38.06,427.24,399.85
25.9782,167.86,105.82,125.29,22.44,25.08,5.17,4.29,6.82,0.0,4.95,2.86,23.87,34.76,144.32,46.86,55.77,462.77,313.39
25.9882,160.82,109.12,128.59,37.84,40.37,6.49,5.72,8.25,0.0,4.95,0.0,22.22,29.81,82.83,24.75,87.89,497.2,252.45
25.9982,162.58,115.72,131.89,49.61,47.3,7.81,8.69,9.57,0.0,3.3,0.0,19.03,23.1,35.53,20.68,81.73,533.17,183.37
26.0082,164.34,122.43,135.08,57.97,52.91,7.81,10.12,9.57,0.0,4.95,0.0,14.3,18.15,24.86,19.25,57.2,560.23,138.71
26.0182,167.86,127.49,136.73,65.12,55.77,7.81,8.69,11.0,0.0,0.0,0.0,9.46,13.2,14.19,16.5,33.66,580.47,87.01
26.0282,171.38,130.79,138.38,70.84,57.2,6.49,10.12,11.0,0.0,0.0,0.0,7.92,8.25,10.67,9.57,23.43,596.2,59.84
26.0382,171.38,134.2,140.03,72.27,60.17,7.81,10.12,9.57,0.0,0.0,0.0,4.73,4.95,9.46,8.25,11.66,605.55,39.05
26.0482,173.14,135.85,138.38,76.56,55.77,7.81,10.12,11.0,0.0,3.3,0.0,3.08,4.95,8.25,6.82,4.4,608.63,30.8
26.0582,169.62,134.2,135.08,76.56,58.63,7.81,10.12,11.0,0.0,0.0,0.0,4.73,3.3,7.04,2.75,2.86,603.02,20.68
26.0682,166.1,134.2,130.24,77.99,55.77,7.81,10.12,11.0,0.0,0.0,0.0,3.08,3.3,5.83,2.75,4.4,593.23,19.36
26.0782,160.82,132.55,125.29,77.99,55.77,6.49,8.69,11.0,0.0,0.0,0.0,4.73,3.3,5.83,2.75,4.4,578.6,21.01
26.0882,153.89,125.84,115.39,79.42,54.34,7.81,10.12,11.0,0.0,0.0,0.0,4.73,0.0,4.73,4.07,4.4,557.81,17.93
26.0982,146.85,124.08,107.58,82.28,50.16,7.81,8.69,11.0,0.0,0.0,0.0,3.08,0.0,4.73,4.07,2.86,538.45,14.74
26.1082,139.92,119.13,98.23,83.71,48.73,7.81,7.15,9.57,0.0,0.0,0.0,0.0,0.0,5.83,2.75,2.86,514.25,11.44
26.1182,131.12,112.42,91.96,86.57,47.3,7.81,10.12,11.0,0.0,0.0,0.0,0.0,3.3,4.73,0.0,2.86,498.3,10.89
26.1282,122.43,104.17,82.72,90.86,47.3,6.49,8.69,11.0,0.0,3.3,0.0,3.08,0.0,4.73,0.0,4.4,473.66,15.51
26.1382,113.63,97.68,73.37,96.58,45.98,6.49,8.69,12.32,0.0,0.0,0.0,3.08,0.0,4.73,0.0,0.0,454.74,7.81
26.1482,101.53,87.78,65.56,103.73,47.3,7.81,10.12,12.32,0.0,0.0,0.0,0.0,0.0,3.52,2.75,2.86,436.15,9.13
26.1582,94.71,81.29,60.94,110.88,48.73,6.49,8.69,12.32,0.0,0.0,0.0,0.0,0.0,3.52,0.0,2.86,424.05,6.38
26.1682,86.02,73.04,53.79,120.12,52.91,9.13,10.12,12.32,0.0,0.0,0.0,3.08,0.0,4.73,0.0,2.86,417.45,10.67
26.1782,75.68,64.9,49.72,130.9,57.2,7.81,10.12,12.32,0.0,0.0,0.0,0.0,0.0,3.52,4.07,2.86,408.65,10.45
26.1882,67.1,58.3,45.54,141.79,64.57,9.13,11.55,13.75,0.0,0.0,0.0,0.0,0.0,2.31,4.07,2.86,411.73,9.24
26.1982,60.17,51.81,41.36,155.76,74.8,9.13,12.98,13.75,0.0,0.0,0.0,0.0,0.0,2.31,2.75,2.86,419.76,7.92
26.2082,53.35,45.32,35.86,173.03,85.14,13.09,15.84,16.5,0.0,0.0,0.0,0.0,0.0,2.31,2.75,2.86,438.13,7.92
26.2182,44.77,37.18,33.11,187.55,98.34,22.22,23.1,19.25,0.0,0.0,0.0,0.0,0.0,2.31,0.0,0.0,465.52,2.31
26.2282,39.6,32.34,27.61,200.53,107.25,34.1,34.76,20.68,0.0,0.0,0.0,0.0,0.0,3.52,0.0,2.86,496.87,6.38
26.2382,34.43,24.31,23.43,211.86,118.69,45.87,46.31,24.75,0.0,0.0,0.0,0.0,0.0,2.31,2.75,0.0,529.65,5.06
26.2482,30.91,21.01,19.25,221.54,125.51,60.72,57.86,27.5,0.0,0.0,0.0,0.0,0.0,0.0,0.0,0.0,564.3,0.0
26.2582,27.5,16.17,15.18,227.92,137.5,76.23,68.31,30.36,0.0,0.0,0.0,0.0,0.0,0.0,0.0,0.0,599.17,0.0
26.2682,22.33,9.68,13.75,235.84,145.97,91.85,83.16,31.68,0.0,0.0,0.0,0.0,0.0,2.31,2.75,0.0,634.26,5.06
26.2782,18.92,8.03,12.43,243.76,151.14,107.36,98.12,33.11,0.0,0.0,0.0,0.0,0.0,2.31,2.75,0.0,672.87,5.06
26.2882,15.4,8.03,12.43,248.49,157.96,123.86,113.08,33.11,0.0,0.0,0.0,0.0,0.0,0.0,2.75,0.0,712.36,2.75
26.2982,11.99,8.03,9.57,250.03,163.02,142.23,129.14,37.18,0.0,0.0,0.0,0.0,0.0,2.31,2.75,2.86,751.19,7.92
26.3082,6.82,6.38,6.82,250.03,164.78,162.14,142.01,37.18,2.42,0.0,0.0,0.0,0.0,0.0,0.0,0.0,776.16,2.42
26.3182,3.41,4.84,5.5,251.68,166.43,179.96,156.42,39.93,7.37,0.0,2.86,0.0,0.0,2.31,0.0,0.0,808.17,12.54
26.3282,0.0,4.84,4.07,248.49,163.02,194.92,169.29,41.36,4.84,0.0,0.0,0.0,0.0,2.31,0.0,0.0,825.99,7.15
26.3382,0.0,4.84,4.07,243.76,154.55,211.53,181.28,41.36,3.63,0.0,0.0,0.0,0.0,0.0,0.0,0.0,841.39,3.63
26.3482,0.0,3.19,4.07,232.65,144.32,224.84,191.84,41.36,4.84,0.0,0.0,0.0,0.0,0.0,0.0,0.0,842.27,4.84
26.3582,0.0,3.19,2.75,216.7,134.09,238.04,198.77,42.68,6.16,0.0,0.0,0.0,0.0,0.0,0.0,0.0,836.22,6.16
26.3682,0.0,3.19,4.07,192.39,120.45,247.94,204.05,45.54,9.79,0.0,0.0,0.0,0.0,2.31,0.0,0.0,817.63,12.1
26.3782,0.0,3.19,2.75,168.19,108.68,254.65,209.33,44.11,18.48,0.0,0.0,0.0,0.0,0.0,0.0,0.0,790.9,18.48
26.3882,0.0,3.19,2.75,138.71,96.91,264.55,212.85,45.54,33.22,0.0,0.0,0.0,0.0,0.0,0.0,0.0,764.5,33.22
26.3982,0.0,3.19,0.0,112.42,83.71,269.5,216.37,48.29,56.65,0.0,0.0,0.0,0.0,2.31,0.0,0.0,733.48,58.96
26.4082,0.0,3.19,2.75,88.0,66.0,274.45,209.33,49.61,91.41,4.95,0.0,0.0,0.0,0.0,0.0,0.0,693.33,96.36
26.4182,0.0,0.0,4.07,63.69,45.98,272.8,202.29,52.36,129.91,56.1,8.58,3.08,3.3,2.31,0.0,0.0,641.19,203.28
26.4282,0.0,3.19,2.75,37.84,29.26,269.5,172.59,57.97,127.16,129.91,58.74,6.27,6.6,3.52,2.75,2.86,573.1,337.81
26.4381,0.0,4.84,0.0,22.44,26.4,224.84,111.54,72.82,115.83,141.35,103.73,11.11,9.9,4.73,5.5,5.83,462.88,397.98
26.4481,0.0,4.84,2.75,18.92,20.9,152.9,60.83,102.63,118.69,152.9,111.43,25.41,13.2,7.04,5.5,5.83,363.77,440.0
26.4581,0.0,4.84,0.0,14.19,18.04,98.89,30.36,133.21,108.79,147.95,111.43,46.2,23.1,8.25,8.25,10.23,299.53,464.2
26.4681,0.0,4.84,2.75,11.77,13.86,35.42,23.1,110.11,98.12,144.65,113.08,63.14,44.66,11.77,11.0,14.63,201.85,501.05
26.4781,0.0,4.84,2.75,8.25,9.68,23.54,20.24,66.88,95.48,149.6,113.08,79.53,56.21,11.77,11.0,13.2,136.18,529.87
26.4881,0.0,3.19,0.0,4.73,8.36,14.41,12.98,41.36,92.73,151.25,117.59,91.52,67.21,12.98,13.75,16.06,85.03,563.09
26.4981,0.0,3.19,0.0,4.73,5.5,10.45,10.12,27.5,91.41,151.25,120.67,100.43,73.37,12.98,12.32,16.06,61.49,578.49
26.5081,0.0,3.19,0.0,3.52,4.18,9.13,8.69,13.75,86.02,149.6,117.59,107.91,81.18,12.98,16.5,16.06,42.46,587.84
26.5181,0.0,3.19,0.0,3.52,2.75,6.49,5.72,2.75,83.38,149.6,116.05,115.5,84.26,14.19,16.5,17.6,24.42,597.08
26.5281,0.0,3.19,0.0,4.73,0.0,5.17,4.29,0.0,77.99,144.65,109.89,123.42,90.42,14.19,16.5,19.03,17.38,596.09
26.5381,0.0,3.19,0.0,4.73,2.75,5.17,4.29,2.75,72.6,141.35,103.73,128.15,93.5,15.4,17.93,19.03,22.88,591.69
26.5481,0.0,0.0,0.0,3.52,2.75,5.17,4.29,0.0,67.32,133.21,92.84,137.61,98.23,16.61,17.93,20.46,15.73,584.21
26.5581,0.0,0.0,0.0,3.52,2.75,5.17,0.0,0.0,60.61,124.96,83.49,143.99,99.77,15.4,19.25,20.46,11.44,567.93
26.5681,0.0,0.0,0.0,3.52,2.75,3.85,2.86,0.0,54.23,113.41,74.25,147.07,102.85,17.71,16.5,20.46,12.98,546.48
26.5781,0.0,0.0,0.0,2.31,0.0,2.53,2.86,0.0,49.28,104.06,66.44,153.45,102.85,17.71,19.25,22.0,7.7,535.04
26.5881,0.0,0.0,0.0,2.31,0.0,3.85,2.86,0.0,43.12,93.28,57.2,159.72,105.93,17.71,20.68,23.43,9.02,521.07
26.5981,0.0,0.0,0.0,0.0,0.0,2.53,0.0,0.0,38.17,84.04,50.05,162.91,107.47,18.92,17.93,23.43,2.53,502.92
26.6081,0.0,0.0,0.0,2.31,0.0,3.85,0.0,0.0,34.43,74.8,42.9,167.75,110.55,18.92,22.0,23.43,6.16,494.78
26.6181,0.0,0.0,0.0,0.0,0.0,2.53,0.0,0.0,28.27,64.02,37.18,179.85,112.09,20.13,22.0,24.86,2.53,488.4
26.6281,0.0,0.0,0.0,2.31,0.0,3.85,0.0,0.0,25.85,56.1,31.46,188.54,116.82,20.13,22.0,23.43,6.16,484.33
26.6381,0.0,0.0,0.0,0.0,0.0,2.53,0.0,0.0,22.11,44.55,27.17,198.88,118.47,21.34,24.75,23.43,2.53,480.7
26.6481,0.0,0.0,0.0,0.0,0.0,2.53,0.0,0.0,19.69,37.95,21.45,209.22,128.15,21.34,26.18,29.26,2.53,493.24
26.6581,0.0,0.0,0.0,0.0,0.0,0.0,0.0,0.0,17.16,31.35,18.59,217.91,133.1,23.65,27.5,29.26,0.0,498.52
26.6681,0.0,0.0,0.0,0.0,0.0,0.0,0.0,0.0,14.74,23.1,14.3,230.01,137.94,28.38,31.68,32.23,0.0,512.38
26.6781,0.0,0.0,0.0,0.0,0.0,0.0,0.0,0.0,12.32,18.15,11.44,233.53,144.43,37.95,35.86,33.66,0.0,527.34
26.6881,0.0,0.0,0.0,0.0,0.0,0.0,0.0,0.0,11.0,13.2,8.58,240.57,152.46,47.41,41.36,33.66,0.0,548.24
26.6981,0.0,0.0,0.0,0.0,0.0,0.0,0.0,0.0,8.58,9.9,8.58,242.33,158.95,55.77,52.36,36.63,0.0,573.1
26.7081,0.0,0.0,0.0,0.0,0.0,0.0,0.0,0.0,7.37,8.25,7.15,247.61,165.44,70.84,60.94,38.06,0.0,605.66
26.7181,0.0,0.0,0.0,0.0,0.0,0.0,0.0,0.0,4.84,6.6,4.29,251.02,172.15,84.37,74.36,36.63,0.0,634.26
26.7281,0.0,0.0,0.0,0.0,0.0,2.53,0.0,0.0,3.63,6.6,5.72,252.78,175.78,100.98,84.81,41.03,2.53,671.33
26.7381,0.0,0.0,0.0,0.0,0.0,0.0,0.0,0.0,2.42,4.95,2.86,251.02,182.93,116.49,98.23,41.03,0.0,699.93
26.7481,0.0,0.0,2.75,0.0,0.0,0.0,0.0,0.0,0.0,6.6,4.29,251.02,188.32,132.22,107.14,42.46,2.75,732.05
26.7581,0.0,0.0,0.0,0.0,0.0,0.0,0.0,0.0,0.0,6.6,2.86,249.37,191.95,151.36,119.35,44.0,0.0,765.49
26.7681,0.0,0.0,0.0,0.0,0.0,0.0,0.0,0.0,0.0,6.6,0.0,247.61,191.95,168.74,125.51,46.86,0.0,787.27
26.7781,0.0,0.0,0.0,0.0,0.0,0.0,0.0,0.0,0.0,3.3,2.86,242.33,190.19,184.36,134.64,45.43,0.0,803.11
26.7881,0.0,0.0,2.75,0.0,0.0,0.0,0.0,0.0,0.0,4.95,0.0,231.77,182.93,194.81,139.26,45.43,2.75,799.15
26.7981,0.0,0.0,2.75,0.0,0.0,0.0,0.0,0.0,0.0,4.95,0.0,217.91,175.78,206.91,149.93,45.43,2.75,800.91
26.8081,0.0,0.0,0.0,0.0,0.0,0.0,0.0,2.75,0.0,0.0,0.0,204.05,168.74,219.12,156.09,46.86,2.75,794.86
26.8181,0.0,0.0,0.0,0.0,0.0,0.0,0.0,0.0,0.0,3.3,2.86,188.54,163.9,231.77,162.25,45.43,0.0,798.05
26.8281,0.0,0.0,0.0,0.0,0.0,0.0,0.0,2.75,0.0,4.95,0.0,171.27,157.41,240.9,166.87,45.43,2.75,786.83
26.8381,3.41,0.0,0.0,0.0,0.0,0.0,0.0,0.0,0.0,3.3,2.86,153.45,152.46,253.66,168.52,44.0,3.41,778.25
26.8481,10.23,0.0,0.0,0.0,0.0,0.0,0.0,0.0,0.0,3.3,0.0,134.42,145.97,261.03,176.66,46.86,10.23,768.24
26.8581,17.16,0.0,0.0,0.0,0.0,0.0,0.0,0.0,0.0,3.3,0.0,120.23,141.13,266.42,178.2,44.0,17.16,753.28
26.8681,37.84,0.0,0.0,0.0,0.0,0.0,0.0,0.0,0.0,0.0,0.0,106.37,133.1,271.92,179.85,44.0,37.84,735.24
26.8781,67.1,0.0,0.0,0.0,2.75,0.0,0.0,0.0,0.0,3.3,0.0,91.52,121.66,277.53,176.66,44.0,69.85,714.67
26.8881,106.7,0.0,0.0,2.31,2.75,2.53,0.0,0.0,0.0,3.3,0.0,76.56,105.93,277.53,175.01,42.46,114.29,680.79
26.8981,160.82,3.19,4.07,3.52,2.75,2.53,0.0,0.0,0.0,0.0,0.0,61.71,82.72,277.53,165.33,41.03,176.88,628.32
26.9081,171.38,79.64,71.83,5.83,8.36,5.17,2.86,4.07,0.0,3.3,2.86,38.17,51.26,275.66,146.96,39.6,349.14,557.81
26.9181,167.86,100.87,128.59,15.29,22.22,6.49,2.86,6.82,0.0,4.95,0.0,33.44,41.36,233.53,99.66,41.03,451.0,453.97
26.9281,167.86,105.82,146.63,22.44,33.44,6.49,5.72,6.82,0.0,3.3,2.86,30.25,34.76,168.74,49.61,57.2,495.22,346.72
26.9381,155.54,105.82,148.28,36.63,52.91,6.49,7.15,9.57,0.0,3.3,2.86,27.06,33.11,113.08,27.5,83.27,522.39,290.18
26.9481,150.37,107.47,146.63,50.82,64.57,6.49,8.69,9.57,0.0,3.3,0.0,22.22,26.4,46.2,24.75,86.35,544.61,209.22
26.9581,150.37,114.07,146.63,59.4,71.94,7.81,7.15,11.0,0.0,3.3,0.0,19.03,18.15,30.8,22.0,60.28,568.37,153.56
26.9681,153.89,119.13,143.33,66.55,74.8,10.45,8.69,11.0,0.0,4.95,0.0,11.11,16.5,20.13,17.93,36.63,587.84,107.25
26.9781,153.89,120.78,144.98,72.27,74.8,7.81,10.12,11.0,0.0,3.3,0.0,7.92,9.9,11.77,13.75,30.8,595.65,77.44
26.9881,152.13,122.43,141.68,77.99,80.74,9.13,10.12,12.32,0.0,0.0,0.0,4.73,4.95,10.67,9.57,17.6,606.54,47.52
26.9981,148.61,124.08,136.73,82.28,83.71,9.13,11.55,12.32,0.0,3.3,0.0,3.08,6.6,9.46,6.82,7.26,608.41,36.52
27.0081,145.09,120.78,136.73,86.57,85.14,9.13,11.55,12.32,0.0,3.3,0.0,4.73,3.3,8.25,5.5,4.4,607.31,29.48
27.0181,139.92,120.78,130.24,90.86,88.11,10.45,11.55,12.32,0.0,3.3,0.0,4.73,4.95,5.83,5.5,4.4,604.23,28.71
27.0281,132.88,114.07,125.29,95.15,89.54,10.45,12.98,11.0,0.0,0.0,0.0,4.73,3.3,5.83,2.75,4.4,591.36,21.01
27.0381,125.84,109.12,118.69,98.01,91.08,9.13,14.41,12.32,0.0,3.3,0.0,3.08,3.3,5.83,5.5,2.86,578.6,23.87
27.0481,118.91,104.17,107.58,102.3,92.51,10.45,14.41,12.32,0.0,0.0,0.0,0.0,3.3,5.83,5.5,4.4,562.65,19.03
27.0581,110.22,97.68,99.77,109.45,92.51,10.45,14.41,15.18,0.0,0.0,0.0,3.08,0.0,5.83,2.75,4.4,549.67,16.06
27.0681,101.53,89.43,90.42,117.04,93.94,11.77,15.84,13.75,0.0,0.0,0.0,4.73,0.0,5.83,4.07,4.4,533.72,19.03
27.0781,92.95,79.64,81.07,124.74,95.48,11.77,17.38,13.75,0.0,0.0,0.0,3.08,0.0,4.73,0.0,2.86,516.78,10.67
27.0881,84.37,74.69,71.83,130.9,96.91,11.77,18.81,15.18,0.0,0.0,0.0,3.08,0.0,3.52,2.75,2.86,504.46,12.21
27.0981,74.03,66.55,62.48,140.25,96.91,13.09,21.67,16.5,0.0,0.0,0.0,3.08,0.0,3.52,4.07,0.0,491.48,10.67
27.1081,67.1,59.95,56.54,149.49,101.31,17.05,26.07,17.93,0.0,0.0,0.0,0.0,0.0,4.73,4.07,2.86,495.44,11.66
27.1181,60.17,53.46,51.04,157.3,102.85,19.58,30.36,19.25,0.0,0.0,0.0,0.0,0.0,3.52,4.07,2.86,494.01,10.45
27.1281,53.35,46.97,45.54,160.38,108.68,23.54,36.19,20.68,0.0,0.0,0.0,0.0,0.0,3.52,2.75,4.4,495.33,10.67
27.1381,48.18,38.83,38.61,168.19,111.87,30.14,40.48,20.68,0.0,0.0,0.0,0.0,0.0,4.73,4.07,2.86,496.98,11.66
27.1481,41.25,35.64,35.86,171.38,117.04,37.95,47.74,22.0,0.0,0.0,0.0,0.0,0.0,3.52,2.75,4.4,508.86,10.67
27.1581,37.84,29.15,30.36,176.22,120.45,44.55,55.0,24.75,0.0,0.0,0.0,3.08,0.0,4.73,0.0,2.86,518.32,10.67
27.1681,34.43,24.31,24.86,177.87,127.27,53.79,63.8,24.75,0.0,0.0,0.0,0.0,0.0,3.52,0.0,2.86,531.08,6.38
27.1781,30.91,19.36,24.86,181.06,132.33,63.58,74.25,27.5,0.0,0.0,0.0,0.0,0.0,2.31,2.75,2.86,553.85,7.92
27.1881,27.5,12.87,22.0,184.36,140.91,74.8,83.16,27.5,0.0,0.0,0.0,0.0,0.0,3.52,2.75,2.86,573.1,9.13
27.1981,25.74,11.33,17.93,187.55,147.73,83.38,95.15,28.93,0.0,0.0,0.0,0.0,0.0,3.52,0.0,2.86,597.74,6.38
27.2081,22.33,8.03,16.5,189.2,156.2,93.17,107.03,31.68,0.0,0.0,0.0,0.0,0.0,3.52,0.0,0.0,624.14,3.52
27.2181,17.16,6.38,15.18,194.04,161.37,105.93,117.81,31.68,0.0,0.0,0.0,0.0,0.0,2.31,2.75,2.86,649.55,7.92
27.2281,13.75,6.38,13.75,197.23,169.84,120.78,130.68,34.43,0.0,0.0,0.0,0.0,0.0,4.73,0.0,2.86,686.84,7.59
27.2381,13.75,6.38,11.0,200.53,173.36,134.53,143.55,35.86,0.0,0.0,0.0,0.0,0.0,3.52,0.0,0.0,718.96,3.52
27.2481,10.23,6.38,9.57,203.72,178.64,151.36,154.88,38.61,0.0,0.0,0.0,0.0,0.0,2.31,0.0,2.86,753.39,5.17
27.2581,6.82,3.19,9.57,207.02,180.4,166.76,169.29,38.61,0.0,0.0,0.0,0.0,0.0,3.52,0.0,2.86,781.66,6.38
27.2681,3.41,4.84,6.82,208.56,178.64,183.26,181.28,41.36,0.0,0.0,0.0,0.0,0.0,2.31,2.75,2.86,808.17,7.92
27.2781,0.0,3.19,4.07,207.02,175.12,198.22,193.6,42.68,0.0,0.0,0.0,0.0,0.0,0.0,2.75,2.86,823.9,5.61
27.2881,0.0,3.19,4.07,200.53,169.84,213.18,205.81,42.68,0.0,0.0,0.0,0.0,0.0,3.52,0.0,0.0,839.3,3.52
27.2981,0.0,3.19,2.75,190.85,157.96,226.49,216.37,45.54,0.0,0.0,0.0,0.0,0.0,2.31,0.0,2.86,843.15,5.17
27.3081,0.0,0.0,4.07,176.22,149.38,241.34,226.71,46.86,2.42,0.0,0.0,0.0,0.0,2.31,2.75,0.0,844.58,7.48
27.3181,0.0,3.19,4.07,157.3,140.91,251.35,233.53,46.86,3.63,0.0,0.0,0.0,0.0,0.0,0.0,0.0,837.21,3.63
27.3281,0.0,3.19,2.75,134.09,130.68,257.95,242.11,51.04,6.16,0.0,0.0,0.0,0.0,0.0,0.0,2.86,821.81,9.02
27.3381,0.0,3.19,2.75,112.42,120.45,266.2,247.17,52.36,15.95,0.0,0.0,0.0,0.0,0.0,0.0,0.0,804.54,15.95
27.3481,0.0,3.19,2.75,95.15,107.25,267.85,252.23,55.11,32.01,0.0,0.0,0.0,0.0,0.0,0.0,0.0,783.53,32.01
27.3581,0.0,3.19,2.75,73.7,92.51,269.5,252.23,57.97,54.23,3.3,0.0,0.0,0.0,3.52,0.0,0.0,751.85,61.05
27.3681,0.0,3.19,2.75,55.55,74.8,271.15,245.52,59.4,92.73,3.3,2.86,3.08,0.0,3.52,0.0,2.86,712.36,108.35
27.3781,0.0,3.19,0.0,36.63,54.34,267.85,236.94,65.34,137.06,8.25,5.72,3.08,0.0,3.52,0.0,0.0,664.29,157.63
27.3881,0.0,4.84,2.75,20.02,32.01,249.59,211.09,72.82,139.81,121.66,41.47,0.0,0.0,3.52,2.75,2.86,593.12,312.07
27.3981,0.0,4.84,2.75,16.5,26.4,196.57,143.55,86.24,131.34,149.6,91.3,7.92,4.95,4.73,4.07,4.4,476.85,398.31
27.4081,0.0,4.84,2.75,15.29,23.65,137.61,77.22,116.27,134.2,159.5,106.81,7.92,8.25,5.83,4.07,5.83,377.63,432.41
27.4181,0.0,4.84,2.75,11.77,20.9,83.38,34.76,161.04,128.59,162.8,108.35,12.65,11.55,5.83,4.07,7.26,319.44,441.1
27.4281,0.0,4.84,2.75,8.25,15.29,30.14,27.5,136.29,121.44,162.8,113.08,33.44,11.55,7.04,8.25,8.8,225.06,466.4
27.4381,0.0,3.19,2.75,7.04,12.54,23.54,23.1,78.76,120.01,169.4,119.13,46.2,21.45,7.04,9.57,8.8,150.92,501.6
27.4481,0.0,4.84,0.0,4.73,8.36,15.73,17.38,45.54,118.69,172.81,122.21,57.2,29.81,9.46,9.57,11.66,96.58,531.41
27.4581,0.0,3.19,0.0,4.73,6.93,11.77,11.55,30.36,115.83,174.46,128.37,60.17,34.76,9.46,11.0,8.8,68.53,542.85
27.4681,0.0,3.19,0.0,3.52,4.18,7.81,10.12,15.18,114.4,177.87,126.83,69.08,39.71,10.67,8.25,10.23,44.0,557.04
27.4781,0.0,0.0,0.0,3.52,5.5,6.49,7.15,2.75,111.54,177.87,129.91,75.13,44.66,10.67,11.0,13.2,25.41,573.98
27.4881,0.0,0.0,0.0,3.52,2.75,6.49,5.72,2.75,107.47,177.87,126.83,81.07,49.61,10.67,12.32,14.63,21.23,580.47
27.4981,0.0,0.0,0.0,2.31,2.75,5.17,5.72,0.0,100.76,174.46,122.21,87.01,52.91,10.67,12.32,14.63,15.95,574.97
27.5081,0.0,0.0,0.0,3.52,2.75,5.17,4.29,0.0,94.05,169.4,114.51,92.95,52.91,11.77,11.0,13.2,15.73,559.79
27.5181,0.0,0.0,0.0,2.31,2.75,3.85,4.29,0.0,87.34,161.15,105.27,97.46,54.56,12.98,11.0,14.63,13.2,544.39
27.5281,0.0,0.0,0.0,2.31,2.75,3.85,4.29,0.0,80.74,154.55,95.92,99.0,56.21,11.77,13.75,14.63,13.2,526.57
27.5381,0.0,0.0,0.0,3.52,2.75,2.53,2.86,0.0,72.6,141.35,85.03,107.91,57.97,11.77,13.75,16.06,11.66,506.44
27.5481,0.0,0.0,0.0,2.31,0.0,2.53,2.86,0.0,67.32,136.51,78.87,112.42,59.51,12.98,15.18,16.06,7.7,498.85
27.5581,0.0,0.0,0.0,0.0,2.75,2.53,2.86,0.0,60.61,126.61,67.98,118.69,61.05,12.98,13.75,17.6,8.14,479.27
27.5681,0.0,0.0,0.0,0.0,0.0,2.53,2.86,0.0,54.23,113.41,60.28,128.15,65.67,12.98,13.75,17.6,5.39,466.07
27.5781,0.0,0.0,0.0,2.31,0.0,0.0,2.86,0.0,46.86,104.06,54.34,134.42,68.75,14.19,16.5,17.6,5.17,456.72
27.5881,0.0,0.0,0.0,2.31,0.0,2.53,0.0,0.0,40.7,91.74,48.62,143.99,74.91,15.4,16.5,19.03,4.84,450.89
27.5981,0.0,0.0,0.0,0.0,0.0,2.53,0.0,0.0,35.75,77.88,41.47,156.53,78.1,16.61,16.5,17.6,2.53,440.44
27.6081,0.0,0.0,0.0,0.0,0.0,2.53,0.0,0.0,30.8,68.64,37.18,169.51,84.26,17.71,16.5,20.46,2.53,445.06
27.6181,0.0,0.0,0.0,0.0,0.0,0.0,0.0,0.0,27.06,60.94,30.03,183.37,90.42,18.92,17.93,23.43,0.0,452.1
27.6281,0.0,0.0,0.0,0.0,0.0,0.0,0.0,0.0,23.43,52.8,25.74,193.71,96.69,18.92,22.0,23.43,0.0,456.72
27.6381,0.0,0.0,0.0,0.0,0.0,2.53,0.0,0.0,19.69,44.55,22.88,207.46,102.85,21.34,20.68,24.86,2.53,464.31
27.6481,0.0,0.0,0.0,0.0,0.0,0.0,0.0,0.0,17.16,34.65,15.73,226.49,109.01,22.44,23.43,27.83,0.0,476.74
27.6581,0.0,0.0,0.0,0.0,0.0,0.0,0.0,2.75,13.53,28.05,12.87,242.33,116.82,23.65,24.75,29.26,2.75,491.26
27.6681,0.0,0.0,0.0,0.0,0.0,0.0,0.0,0.0,11.0,19.8,11.44,259.82,124.96,27.28,28.93,30.8,0.0,514.03
27.6781,0.0,0.0,0.0,0.0,0.0,0.0,0.0,0.0,9.79,16.5,8.58,270.38,131.45,40.26,33.11,30.8,0.0,540.87
27.6881,0.0,0.0,0.0,0.0,0.0,0.0,0.0,0.0,7.37,11.55,8.58,282.48,137.94,53.35,42.68,35.2,0.0,579.15
27.6981,0.0,0.0,0.0,0.0,0.0,2.53,0.0,0.0,7.37,11.55,5.72,287.54,145.97,72.27,52.36,36.63,2.53,619.41
27.7081,0.0,0.0,0.0,0.0,0.0,0.0,0.0,0.0,3.63,8.25,2.86,292.71,152.46,91.96,62.37,36.63,0.0,650.87
27.7181,0.0,0.0,0.0,0.0,0.0,0.0,0.0,0.0,2.42,8.25,2.86,292.71,157.41,111.54,78.76,41.03,0.0,694.98
27.7281,0.0,0.0,0.0,0.0,0.0,0.0,0.0,0.0,0.0,6.6,2.86,294.36,167.09,130.46,92.29,42.46,0.0,736.12
27.7381,0.0,0.0,2.75,0.0,0.0,0.0,0.0,2.75,0.0,4.95,2.86,292.71,170.39,149.6,104.17,45.43,5.5,770.11
27.7481,0.0,0.0,0.0,0.0,0.0,0.0,0.0,0.0,0.0,4.95,2.86,287.54,173.91,168.74,113.19,45.43,0.0,796.62
27.7581,0.0,0.0,0.0,0.0,0.0,0.0,0.0,2.75,0.0,4.95,2.86,284.13,168.74,184.36,125.51,46.86,2.75,817.41
27.7681,0.0,0.0,0.0,0.0,0.0,0.0,0.0,0.0,0.0,4.95,2.86,275.66,165.44,196.57,131.56,45.43,0.0,822.47
27.7781,0.0,0.0,2.75,0.0,0.0,0.0,0.0,0.0,0.0,3.3,2.86,263.34,157.41,210.43,137.72,45.43,2.75,820.49
27.7881,0.0,0.0,0.0,0.0,0.0,0.0,0.0,0.0,0.0,4.95,2.86,249.37,152.46,224.4,142.34,45.43,0.0,821.81
27.7981,0.0,0.0,0.0,0.0,0.0,0.0,0.0,0.0,0.0,4.95,0.0,231.77,144.43,237.16,148.39,44.0,0.0,810.7
27.8081,5.06,0.0,0.0,0.0,0.0,0.0,0.0,0.0,0.0,3.3,2.86,209.22,137.94,248.16,154.55,45.43,5.06,801.46
27.8181,13.75,0.0,0.0,0.0,0.0,0.0,0.0,0.0,0.0,0.0,0.0,186.78,134.64,257.29,157.63,44.0,13.75,780.34
27.8281,25.74,0.0,0.0,0.0,0.0,0.0,0.0,0.0,0.0,4.95,0.0,164.45,129.8,264.66,157.63,41.03,25.74,762.52
27.8381,53.35,0.0,0.0,0.0,0.0,0.0,0.0,0.0,0.0,0.0,0.0,143.99,123.31,270.16,163.79,44.0,53.35,745.25
27.8481,87.78,0.0,0.0,2.31,2.75,0.0,0.0,0.0,0.0,4.95,0.0,126.61,113.63,271.92,160.71,42.46,92.84,720.28
27.858,132.88,0.0,0.0,2.31,2.75,0.0,0.0,0.0,0.0,0.0,2.86,107.91,99.77,277.53,157.63,41.03,137.94,686.73
27.868,169.62,9.68,9.57,3.52,4.18,2.53,0.0,0.0,0.0,3.3,0.0,85.58,79.64,279.4,153.01,41.03,199.1,641.96
27.878,167.86,87.78,88.88,5.83,6.93,2.53,2.86,0.0,0.0,0.0,2.86,60.17,51.26,281.27,136.18,39.6,362.67,571.34
27.888,157.3,100.87,133.43,7.04,11.11,5.17,4.29,4.07,0.0,4.95,2.86,36.63,38.06,255.53,92.29,38.06,423.28,468.38
27.898,153.89,102.52,149.93,9.46,12.54,5.17,4.29,5.5,0.0,3.3,2.86,33.44,34.76,189.64,48.29,46.86,443.3,359.15
27.908,146.85,104.17,151.47,22.44,33.44,5.17,5.72,6.82,0.0,3.3,0.0,30.25,31.46,130.46,26.18,75.57,476.08,297.22
27.918,145.09,109.12,154.77,34.21,43.12,5.17,5.72,6.82,0.0,0.0,0.0,23.87,26.4,60.28,24.75,75.57,504.02,210.87
27.928,146.85,114.07,156.42,42.57,50.16,6.49,7.15,6.82,0.0,0.0,0.0,20.68,23.1,34.32,22.0,54.23,530.53,154.33
27.938,146.85,117.37,156.42,48.4,54.34,6.49,7.15,9.57,0.0,3.3,0.0,15.84,16.5,23.65,17.93,32.23,546.59,109.45
27.948,146.85,119.13,156.42,53.13,60.17,7.81,8.69,9.57,0.0,3.3,0.0,11.11,11.55,12.98,15.18,26.4,561.77,80.52
27.958,145.09,120.78,158.07,59.4,66.0,6.49,8.69,9.57,0.0,0.0,0.0,9.46,4.95,10.67,8.25,17.6,574.09,50.93
27.968,141.57,120.78,158.07,63.69,70.4,7.81,7.15,9.57,0.0,3.3,0.0,6.27,4.95,8.25,8.25,8.8,579.04,39.82
27.978,139.92,120.78,156.42,66.55,73.37,7.81,8.69,9.57,0.0,0.0,0.0,7.92,0.0,8.25,6.82,4.4,583.11,27.39
27.988,138.16,119.13,156.42,70.84,77.77,7.81,10.12,11.0,0.0,0.0,0.0,6.27,0.0,8.25,4.07,4.4,591.25,22.99
27.998,132.88,115.72,151.47,72.27,80.74,9.13,10.12,12.32,0.0,0.0,0.0,6.27,0.0,7.04,5.5,4.4,584.65,23.21
28.008,127.6,112.42,146.63,76.56,85.14,9.13,11.55,12.32,0.0,3.3,0.0,6.27,0.0,5.83,4.07,2.86,581.35,22.33
28.018,120.67,107.47,140.03,80.85,88.11,9.13,11.55,11.0,0.0,3.3,0.0,4.73,0.0,5.83,5.5,4.4,568.81,23.76
28.028,113.63,102.52,130.24,85.14,89.54,7.81,11.55,12.32,0.0,0.0,0.0,4.73,3.3,4.73,4.07,2.86,552.75,19.69
28.038,105.05,96.03,120.34,90.86,92.51,9.13,11.55,12.32,0.0,0.0,0.0,4.73,0.0,5.83,0.0,2.86,537.79,13.42
28.048,98.12,89.43,109.12,96.58,92.51,9.13,14.41,12.32,0.0,3.3,0.0,4.73,0.0,4.73,2.75,2.86,521.62,18.37
28.058,89.54,82.94,96.69,102.3,95.48,10.45,14.41,13.75,0.0,0.0,0.0,3.08,0.0,5.83,4.07,2.86,505.56,15.84
28.068,80.85,74.69,85.8,108.02,96.91,9.13,14.41,13.75,0.0,0.0,0.0,3.08,3.3,3.52,2.75,2.86,483.56,15.51
28.078,74.03,68.2,77.99,115.5,101.31,10.45,15.84,15.18,0.0,0.0,0.0,4.73,0.0,3.52,2.75,0.0,478.5,11.0
28.088,67.1,61.6,70.18,124.74,101.31,11.77,18.81,15.18,0.0,0.0,0.0,4.73,0.0,3.52,0.0,0.0,470.69,8.25
28.098,60.17,55.11,64.02,130.9,105.71,13.09,24.53,16.5,0.0,0.0,0.0,3.08,3.3,3.52,2.75,2.86,470.03,15.51
28.108,53.35,50.16,56.54,138.71,110.22,14.41,30.36,16.5,0.0,0.0,0.0,3.08,0.0,3.52,0.0,0.0,470.25,6.6
28.118,48.18,43.67,53.79,144.87,115.28,19.58,39.05,19.25,0.0,0.0,0.0,0.0,0.0,2.31,2.75,0.0,483.67,5.06
28.128,41.25,33.99,48.29,152.68,123.86,27.5,47.74,20.68,0.0,0.0,0.0,0.0,0.0,2.31,0.0,0.0,495.99,2.31
28.138,36.08,30.69,41.36,160.38,128.92,37.95,57.86,22.0,0.0,0.0,0.0,0.0,0.0,3.52,2.75,0.0,515.24,6.27
28.148,32.67,25.85,35.86,168.19,137.5,48.51,68.31,26.18,0.0,0.0,0.0,0.0,0.0,2.31,2.75,0.0,543.07,5.06
28.158,29.26,21.01,31.68,174.57,144.32,57.86,81.73,26.18,0.0,0.0,0.0,0.0,0.0,3.52,0.0,2.86,566.61,6.38
28.168,25.74,16.17,26.18,181.06,151.14,70.62,90.64,28.93,0.0,0.0,0.0,0.0,0.0,2.31,2.75,0.0,590.48,5.06
28.178,22.33,11.33,22.0,187.55,156.2,80.52,101.09,30.36,0.0,0.0,0.0,0.0,0.0,2.31,0.0,0.0,611.38,2.31
28.188,20.57,8.03,16.5,195.69,161.37,90.42,110.0,31.68,0.0,0.0,0.0,0.0,0.0,3.52,2.75,0.0,634.26,6.27
28.198,15.4,8.03,15.18,200.53,166.43,104.5,119.46,33.11,0.0,0.0,0.0,0.0,0.0,3.52,0.0,0.0,662.64,3.52
28.208,13.75,6.38,15.18,207.02,171.6,119.24,133.98,34.43,0.0,0.0,0.0,0.0,0.0,3.52,0.0,0.0,701.58,3.52
28.218,8.58,8.03,12.43,211.86,173.36,136.07,146.85,37.18,0.0,0.0,0.0,0.0,0.0,0.0,2.75,0.0,734.36,2.75
28.228,6.82,6.38,9.57,213.51,178.64,151.36,161.26,38.61,0.0,0.0,0.0,0.0,0.0,0.0,0.0,0.0,766.15,0.0
28.238,3.41,4.84,8.25,216.7,176.88,170.06,170.94,38.61,0.0,0.0,0.0,0.0,0.0,2.31,0.0,0.0,789.69,2.31
28.248,0.0,4.84,5.5,215.05,175.12,186.67,186.56,39.93,0.0,0.0,0.0,0.0,0.0,0.0,0.0,0.0,813.67,0.0
28.258,0.0,3.19,6.82,208.56,166.43,201.52,197.12,42.68,0.0,0.0,0.0,0.0,0.0,2.31,2.75,2.86,826.32,7.92
28.268,0.0,3.19,4.07,197.23,157.96,216.48,207.57,44.11,0.0,0.0,0.0,0.0,0.0,2.31,0.0,0.0,830.61,2.31
28.278,0.0,3.19,4.07,184.36,144.32,229.79,218.13,45.54,3.63,0.0,0.0,0.0,0.0,0.0,0.0,0.0,829.4,3.63
28.288,0.0,3.19,4.07,163.46,135.74,239.69,223.41,45.54,4.84,0.0,0.0,0.0,0.0,0.0,0.0,0.0,815.1,4.84
28.298,0.0,3.19,2.75,143.33,123.86,246.29,230.12,46.86,7.37,0.0,0.0,0.0,0.0,0.0,0.0,0.0,796.4,7.37
28.308,0.0,3.19,2.75,120.12,115.28,256.3,235.29,48.29,14.74,0.0,0.0,0.0,0.0,0.0,0.0,0.0,781.22,14.74
28.318,0.0,3.19,4.07,100.87,101.31,261.25,238.7,51.04,28.27,0.0,0.0,0.0,0.0,2.31,0.0,0.0,760.43,30.58
28.328,0.0,3.19,4.07,85.14,86.57,264.55,238.7,52.36,48.07,3.3,0.0,0.0,0.0,0.0,0.0,0.0,734.58,51.37
28.338,0.0,3.19,4.07,66.55,71.94,266.2,233.53,55.11,84.7,4.95,2.86,3.08,0.0,0.0,0.0,0.0,700.59,95.59
28.348,0.0,3.19,4.07,44.88,54.34,267.85,223.41,56.54,132.77,31.35,7.15,3.08,0.0,2.31,0.0,0.0,654.28,176.66
28.358,0.0,3.19,4.07,24.75,32.01,259.6,198.77,63.91,138.49,124.96,32.89,4.73,3.3,2.31,0.0,0.0,586.3,306.68
28.368,0.0,3.19,4.07,17.71,27.83,213.18,137.17,74.36,132.77,146.3,78.87,6.27,6.6,3.52,2.75,0.0,477.51,377.08
28.378,0.0,4.84,4.07,16.5,23.65,146.85,80.19,96.69,134.2,152.9,91.3,12.65,8.25,5.83,5.5,5.83,372.79,416.46
28.388,0.0,3.19,2.75,12.98,19.47,93.17,36.19,142.56,128.59,156.2,94.38,28.6,11.55,5.83,8.25,5.83,310.31,439.23
28.398,0.0,4.84,0.0,8.25,15.29,34.1,26.07,136.29,118.69,154.55,97.46,41.36,19.8,8.25,6.82,7.26,224.84,454.19
28.408,0.0,4.84,2.75,5.83,12.54,22.22,21.67,78.76,117.26,157.85,102.19,57.2,26.4,8.25,9.57,11.66,148.61,490.38
28.418,0.0,3.19,2.75,3.52,8.36,15.73,15.84,44.11,118.69,159.5,105.27,61.71,36.41,10.67,9.57,11.66,93.5,513.48
28.428,0.0,3.19,0.0,3.52,5.5,10.45,10.12,28.93,118.69,162.8,111.43,67.65,43.01,10.67,11.0,11.66,61.71,536.91
28.438,0.0,3.19,0.0,3.52,4.18,6.49,7.15,12.32,117.26,164.45,111.43,76.56,44.66,10.67,12.32,13.2,36.85,550.55
28.448,0.0,0.0,0.0,3.52,4.18,6.49,5.72,0.0,114.4,162.8,111.43,81.07,51.26,10.67,12.32,14.63,19.91,558.58
28.458,0.0,0.0,0.0,2.31,2.75,6.49,4.29,2.75,111.54,164.45,111.43,85.58,54.56,11.77,12.32,13.2,18.59,564.85
28.468,0.0,0.0,0.0,3.52,4.18,5.17,5.72,0.0,106.15,162.8,108.35,85.58,57.97,10.67,12.32,11.66,18.59,555.5
28.478,0.0,0.0,0.0,3.52,2.75,3.85,2.86,2.75,100.76,157.85,99.0,89.98,59.51,12.98,11.0,13.2,15.73,544.28
28.488,0.0,0.0,0.0,2.31,0.0,2.53,2.86,2.75,94.05,149.6,94.38,95.92,61.05,11.77,13.75,14.63,10.45,535.15
28.498,0.0,0.0,0.0,2.31,2.75,3.85,2.86,2.75,86.02,139.7,88.22,97.46,65.67,11.77,13.75,14.63,14.52,517.22
28.508,0.0,0.0,2.75,3.52,2.75,2.53,2.86,0.0,79.31,131.56,77.33,101.97,68.75,11.77,13.75,16.06,14.41,500.5
28.518,0.0,0.0,0.0,2.31,2.75,2.53,0.0,0.0,74.03,123.31,72.71,106.37,67.21,12.98,12.32,14.63,7.59,483.56
28.528,0.0,0.0,2.75,2.31,2.75,2.53,0.0,0.0,67.32,113.41,64.9,109.34,73.37,14.19,13.75,16.06,10.34,472.34
28.538,0.0,0.0,0.0,2.31,0.0,2.53,2.86,0.0,60.61,99.44,60.28,113.96,78.1,12.98,15.18,17.6,7.7,458.15
28.548,0.0,0.0,0.0,0.0,0.0,2.53,0.0,0.0,54.23,91.74,55.77,118.69,81.18,14.19,13.75,17.6,2.53,447.15
28.558,0.0,0.0,0.0,0.0,0.0,0.0,0.0,0.0,49.28,82.5,52.91,121.88,85.8,15.4,16.5,17.6,0.0,441.87
28.568,0.0,0.0,0.0,0.0,0.0,0.0,0.0,0.0,43.12,73.26,50.05,131.34,90.42,15.4,17.93,17.6,0.0,439.12
28.578,0.0,0.0,0.0,0.0,0.0,2.53,0.0,0.0,38.17,65.56,45.76,136.07,95.04,16.61,17.93,19.03,2.53,434.17
28.588,0.0,0.0,0.0,0.0,0.0,0.0,0.0,0.0,33.22,54.45,41.47,143.99,107.47,16.61,19.25,22.0,0.0,438.46
28.598,0.0,0.0,0.0,0.0,0.0,2.53,0.0,0.0,28.27,49.5,38.61,151.8,116.82,16.61,19.25,23.43,2.53,444.29
28.608,0.0,0.0,0.0,0.0,0.0,0.0,0.0,0.0,23.43,39.6,35.75,159.72,128.15,17.71,22.0,24.86,0.0,451.22
28.618,0.0,0.0,0.0,0.0,0.0,0.0,0.0,0.0,19.69,33.0,31.46,169.51,141.13,20.13,24.75,24.86,0.0,464.53
28.628,0.0,0.0,0.0,0.0,0.0,0.0,0.0,0.0,17.16,24.75,27.17,185.02,152.46,21.34,30.36,27.83,0.0,486.09
28.638,0.0,0.0,0.0,0.0,0.0,0.0,0.0,0.0,14.74,18.15,22.88,197.12,170.39,26.07,41.36,29.26,0.0,519.97
28.648,0.0,0.0,0.0,0.0,0.0,0.0,0.0,0.0,12.32,13.2,17.16,210.98,182.93,34.32,51.04,30.8,0.0,552.75
28.658,0.0,0.0,0.0,0.0,0.0,0.0,0.0,0.0,9.79,9.9,11.44,221.32,195.58,44.99,68.31,35.2,0.0,596.53
28.668,0.0,0.0,0.0,0.0,0.0,0.0,0.0,2.75,8.58,11.55,8.58,228.25,208.12,58.74,81.84,36.63,2.75,642.29
28.678,0.0,0.0,0.0,0.0,0.0,0.0,0.0,0.0,6.16,6.6,4.29,237.05,217.14,76.78,95.26,41.03,0.0,684.31
28.688,0.0,0.0,0.0,0.0,0.0,0.0,0.0,0.0,3.63,6.6,5.72,244.09,226.05,93.39,108.68,41.03,0.0,729.19
28.698,0.0,0.0,0.0,0.0,0.0,0.0,0.0,0.0,2.42,8.25,4.29,247.61,229.46,111.54,119.35,44.0,0.0,766.92
28.708,0.0,0.0,0.0,0.0,0.0,0.0,0.0,0.0,0.0,4.95,2.86,251.02,232.87,132.22,128.59,46.86,0.0,799.37
28.718,6.82,0.0,2.75,0.0,0.0,0.0,0.0,0.0,0.0,4.95,0.0,251.02,234.52,151.36,140.8,46.86,9.57,829.51
28.728,11.99,0.0,0.0,0.0,0.0,0.0,0.0,0.0,0.0,4.95,0.0,247.61,231.11,168.74,148.39,44.0,11.99,844.8
28.738,13.75,0.0,0.0,0.0,0.0,0.0,0.0,0.0,0.0,4.95,2.86,237.05,220.77,182.6,154.55,45.43,13.75,848.21
28.748,13.75,0.0,0.0,0.0,0.0,0.0,0.0,0.0,0.0,0.0,0.0,221.32,206.36,199.98,159.17,42.46,13.75,829.29
28.758,18.92,0.0,0.0,0.0,0.0,0.0,0.0,0.0,0.0,3.3,0.0,200.64,188.32,212.19,165.33,44.0,18.92,813.78
28.768,24.09,0.0,0.0,0.0,0.0,0.0,0.0,0.0,0.0,4.95,0.0,174.68,175.78,224.4,170.17,41.03,24.09,791.01
28.778,34.43,0.0,0.0,0.0,0.0,0.0,0.0,0.0,0.0,3.3,0.0,148.72,163.9,235.4,173.36,39.6,34.43,764.28
28.788,49.94,0.0,0.0,0.0,0.0,0.0,0.0,0.0,0.0,3.3,0.0,128.15,154.11,246.4,175.01,42.46,49.94,749.43
28.798,67.1,0.0,0.0,2.31,0.0,0.0,0.0,0.0,0.0,3.3,0.0,106.37,144.43,251.79,176.66,41.03,69.41,723.58
28.808,91.19,0.0,0.0,2.31,2.75,2.53,0.0,0.0,0.0,3.3,2.86,88.55,131.45,253.66,179.85,38.06,98.78,697.73
28.818,138.16,0.0,5.5,3.52,4.18,2.53,0.0,0.0,0.0,4.95,0.0,67.65,120.12,253.66,178.2,38.06,153.89,662.64
28.828,164.34,59.95,41.36,4.73,8.36,3.85,4.29,2.75,0.0,4.95,0.0,49.39,98.23,250.03,173.36,36.63,289.63,612.59
28.838,160.82,84.48,88.88,8.25,11.11,3.85,5.72,5.5,0.0,3.3,2.86,33.44,65.67,244.53,163.79,33.66,368.61,547.25
28.848,159.06,92.73,109.12,15.29,15.29,5.17,5.72,6.82,0.0,4.95,0.0,30.25,44.66,208.67,125.51,35.2,409.2,449.24
28.858,155.54,96.03,112.2,30.69,33.44,6.49,5.72,8.25,0.0,4.95,2.86,27.06,36.41,156.53,66.88,44.0,448.36,338.69
28.868,150.37,97.68,113.85,44.88,43.12,6.49,8.69,8.25,0.0,3.3,0.0,25.41,33.11,105.49,34.43,86.35,473.33,288.09
28.878,152.13,105.82,117.04,53.13,50.16,6.49,7.15,8.25,0.0,0.0,0.0,22.22,28.05,46.2,19.25,106.26,500.17,221.98
28.888,152.13,107.47,118.69,60.83,54.34,6.49,8.69,9.57,0.0,0.0,0.0,17.49,19.8,26.07,17.93,83.27,518.21,164.56
28.898,155.54,112.42,120.34,63.69,57.2,7.81,8.69,8.25,0.0,3.3,0.0,12.65,16.5,17.71,16.5,49.83,533.94,116.49
28.908,155.54,114.07,123.64,67.98,57.2,6.49,8.69,11.0,0.0,3.3,0.0,9.46,11.55,12.98,13.75,33.66,544.61,84.7
28.918,153.89,115.72,120.34,70.84,61.6,7.81,10.12,11.0,0.0,0.0,0.0,4.73,8.25,11.77,8.25,19.03,551.32,52.03
28.928,150.37,114.07,120.34,75.13,64.57,7.81,8.69,11.0,0.0,3.3,0.0,0.0,4.95,8.25,6.82,8.8,551.98,32.12
28.938,145.09,110.77,117.04,77.99,67.54,9.13,8.69,11.0,0.0,0.0,0.0,4.73,4.95,9.46,4.07,4.4,547.25,27.61
28.948,139.92,109.12,113.85,82.28,71.94,9.13,8.69,12.32,0.0,3.3,0.0,0.0,0.0,8.25,4.07,2.86,547.25,18.48
28.958,132.88,102.52,107.58,85.14,74.8,6.49,11.55,12.32,0.0,0.0,0.0,0.0,4.95,5.83,5.5,4.4,533.28,20.68
28.968,124.19,96.03,99.77,89.43,80.74,7.81,11.55,13.75,0.0,0.0,0.0,3.08,0.0,5.83,4.07,4.4,523.27,17.38
28.978,117.15,89.43,96.69,95.15,85.14,9.13,12.98,13.75,0.0,0.0,0.0,4.73,0.0,5.83,4.07,4.4,519.42,19.03
28.988,106.7,82.94,90.42,100.87,89.54,9.13,12.98,13.75,0.0,0.0,0.0,3.08,0.0,5.83,5.5,4.4,506.33,18.81
28.998,98.12,74.69,85.8,106.59,96.91,10.45,17.38,15.18,0.0,3.3,0.0,3.08,0.0,4.73,4.07,4.4,505.12,19.58
29.008,87.78,66.55,77.99,113.96,102.85,11.77,21.67,16.5,0.0,0.0,0.0,0.0,0.0,4.73,0.0,0.0,499.07,4.73
29.018,80.85,63.25,71.83,123.2,107.25,14.41,27.5,17.93,0.0,0.0,0.0,3.08,3.3,3.52,2.75,4.4,506.22,17.05
29.028,74.03,56.65,67.1,130.9,113.63,15.73,33.22,17.93,0.0,0.0,0.0,0.0,0.0,4.73,4.07,2.86,509.19,11.66
29.038,67.1,51.81,60.94,140.25,118.69,22.22,41.91,20.68,0.0,0.0,0.0,3.08,0.0,5.83,0.0,2.86,523.6,11.77
29.048,60.17,46.97,56.54,144.87,123.86,28.82,49.17,22.0,0.0,0.0,0.0,0.0,0.0,3.52,0.0,2.86,532.4,6.38
29.058,55.11,40.48,49.72,154.22,128.92,36.74,56.43,23.43,0.0,0.0,0.0,0.0,0.0,4.73,0.0,2.86,545.05,7.59
29.068,48.18,35.64,44.11,158.84,134.09,43.23,62.37,24.75,0.0,0.0,0.0,0.0,0.0,4.73,2.75,0.0,551.21,7.48
29.078,43.01,29.15,37.29,165.0,139.15,51.15,71.28,26.18,0.0,0.0,0.0,0.0,0.0,2.31,2.75,2.86,562.21,7.92
29.088,39.6,24.31,31.68,168.19,142.56,57.86,77.22,27.5,0.0,0.0,0.0,0.0,0.0,3.52,2.75,0.0,568.92,6.27
29.098,36.08,19.36,26.18,176.22,149.38,69.19,87.67,30.36,0.0,0.0,0.0,0.0,0.0,3.52,0.0,2.86,594.44,6.38
29.108,30.91,14.52,22.0,181.06,154.55,79.09,96.58,31.68,0.0,0.0,0.0,0.0,0.0,2.31,0.0,2.86,610.39,5.17
29.118,27.5,9.68,17.93,187.55,161.37,88.99,108.57,31.68,0.0,0.0,0.0,0.0,0.0,3.52,2.75,2.86,633.27,9.13
29.128,22.33,6.38,13.75,190.85,166.43,101.75,119.46,33.11,0.0,0.0,0.0,0.0,0.0,4.73,0.0,4.4,654.06,9.13
29.138,18.92,6.38,13.75,192.39,169.84,114.62,132.33,35.86,0.0,0.0,0.0,0.0,0.0,2.31,2.75,0.0,684.09,5.06
29.148,15.4,6.38,11.0,197.23,173.36,126.94,142.01,37.18,0.0,3.3,0.0,0.0,0.0,2.31,2.75,4.4,709.5,12.76
29.158,13.75,3.19,11.0,202.18,176.88,145.31,151.58,37.18,0.0,0.0,0.0,0.0,0.0,3.52,0.0,2.86,741.07,6.38
29.168,8.58,6.38,9.57,205.37,176.88,159.06,164.45,38.61,0.0,0.0,0.0,0.0,0.0,2.31,0.0,0.0,768.9,2.31
29.178,5.06,3.19,6.82,203.72,176.88,175.01,177.76,41.36,0.0,0.0,0.0,0.0,0.0,2.31,0.0,0.0,789.8,2.31
29.188,0.0,4.84,4.07,203.72,171.6,189.97,186.56,41.36,0.0,0.0,0.0,0.0,0.0,2.31,0.0,0.0,802.12,2.31
29.198,0.0,3.19,4.07,197.23,161.37,206.58,195.36,41.36,0.0,0.0,0.0,0.0,0.0,2.31,0.0,0.0,809.16,2.31
29.208,0.0,3.19,4.07,185.9,154.55,219.78,209.33,42.68,0.0,0.0,0.0,0.0,0.0,2.31,0.0,0.0,819.5,2.31
29.218,0.0,3.19,4.07,173.03,145.97,231.44,216.37,42.68,0.0,0.0,0.0,0.0,0.0,0.0,0.0,2.86,816.75,2.86
29.228,0.0,0.0,0.0,157.3,137.5,242.99,225.06,45.54,2.42,0.0,0.0,0.0,0.0,0.0,2.75,2.86,808.39,8.03
29.238,0.0,3.19,4.07,140.25,127.27,251.35,231.88,44.11,4.84,0.0,0.0,0.0,0.0,2.31,0.0,0.0,802.12,7.15
29.248,0.0,3.19,2.75,120.12,117.04,259.6,240.35,46.86,7.37,0.0,0.0,0.0,0.0,0.0,0.0,0.0,789.91,7.37
29.258,0.0,0.0,4.07,103.73,105.71,267.85,243.76,48.29,13.53,0.0,0.0,0.0,0.0,0.0,0.0,0.0,773.41,13.53
29.268,0.0,3.19,4.07,85.14,95.48,272.8,248.93,49.61,25.85,0.0,0.0,0.0,0.0,2.31,0.0,0.0,759.22,28.16
29.278,0.0,3.19,2.75,67.98,83.71,279.51,247.17,51.04,43.12,0.0,0.0,0.0,0.0,2.31,0.0,0.0,735.35,45.43
29.2879,0.0,3.19,2.75,49.61,67.54,279.51,245.52,51.04,64.57,0.0,0.0,0.0,0.0,2.31,0.0,0.0,699.16,66.88
29.2979,0.0,4.84,2.75,30.69,48.73,279.51,235.29,56.54,108.79,18.15,7.15,0.0,0.0,2.31,0.0,0.0,658.35,136.4
29.3079,0.0,3.19,4.07,18.92,32.01,256.3,209.33,65.34,117.26,116.71,47.19,6.27,3.3,3.52,2.75,2.86,589.16,299.86
29.3179,0.0,4.84,0.0,16.5,26.4,204.82,146.85,86.24,107.47,134.86,103.73,7.92,8.25,4.73,0.0,2.86,485.65,369.82
29.3279,0.0,3.19,4.07,14.19,25.08,151.36,87.67,116.27,106.15,143.0,114.51,12.65,9.9,4.73,5.5,5.83,401.83,402.27
29.3379,0.0,4.84,4.07,10.56,22.22,100.32,39.05,162.58,104.83,146.3,119.13,23.87,11.55,7.04,6.82,7.26,343.64,426.8
29.3479,0.0,4.84,2.75,8.25,16.72,37.95,28.93,156.42,96.8,146.3,120.67,39.82,26.4,7.04,9.57,8.8,255.86,455.4
29.3579,0.0,3.19,2.75,7.04,13.86,27.5,26.07,96.69,98.12,151.25,125.29,54.12,34.76,8.25,11.0,11.66,177.1,494.45
29.3679,0.0,3.19,0.0,4.73,9.68,19.58,17.38,56.54,99.44,157.85,132.88,63.14,46.31,10.67,9.57,13.2,111.1,533.06
29.3779,0.0,3.19,0.0,3.52,6.93,11.77,11.55,38.61,98.12,159.5,137.5,67.65,51.26,10.67,12.32,13.2,75.57,550.22
29.3879,0.0,3.19,2.75,3.52,5.5,9.13,10.12,20.68,95.48,159.5,140.58,75.13,61.05,10.67,13.75,11.66,54.89,567.82
29.3979,0.0,3.19,0.0,3.52,2.75,7.81,5.72,5.5,92.73,162.8,143.66,81.07,67.21,11.77,11.0,13.2,28.49,583.44
29.4079,0.0,3.19,0.0,2.31,4.18,5.17,7.15,0.0,88.77,159.5,140.58,88.55,71.83,10.67,13.75,14.63,22.0,588.28
29.4179,0.0,0.0,0.0,3.52,4.18,3.85,5.72,2.75,82.06,154.55,135.96,94.49,76.45,11.77,13.75,16.06,20.02,585.09
29.4279,0.0,0.0,0.0,2.31,2.75,5.17,5.72,2.75,75.35,147.95,128.37,97.46,82.72,12.98,15.18,16.06,18.7,576.07
29.4379,0.0,0.0,0.0,0.0,0.0,3.85,4.29,2.75,67.32,136.51,120.67,101.97,87.34,12.98,15.18,17.6,10.89,559.57
29.4479,0.0,0.0,0.0,0.0,2.75,2.53,4.29,2.75,60.61,124.96,108.35,109.34,91.96,14.19,13.75,17.6,12.32,540.76
29.4579,0.0,0.0,0.0,2.31,2.75,3.85,4.29,0.0,55.44,115.06,99.0,115.5,96.69,12.98,13.75,16.06,13.2,524.48
29.4679,0.0,0.0,0.0,0.0,2.75,3.85,4.29,2.75,49.28,104.06,92.84,123.42,99.77,14.19,15.18,16.06,13.64,514.8
29.4779,0.0,0.0,0.0,0.0,2.75,2.53,4.29,0.0,43.12,93.28,83.49,126.61,104.39,14.19,15.18,19.03,9.57,499.29
29.4879,0.0,0.0,0.0,2.31,0.0,0.0,2.86,0.0,38.17,82.5,75.79,134.42,112.09,16.61,16.5,20.46,5.17,496.54
29.4979,0.0,0.0,0.0,0.0,2.75,2.53,0.0,0.0,33.22,74.8,69.52,139.15,120.12,17.71,17.93,22.0,5.28,494.45
29.5079,0.0,0.0,0.0,0.0,0.0,2.53,2.86,0.0,29.59,65.56,61.82,147.07,126.61,17.71,17.93,22.0,5.39,488.29
29.5179,0.0,0.0,0.0,0.0,0.0,2.53,0.0,2.75,24.64,56.1,54.34,158.18,134.64,17.71,22.0,24.86,5.28,492.47
29.5279,0.0,0.0,0.0,0.0,0.0,2.53,0.0,0.0,20.9,47.85,47.19,166.1,142.78,18.92,24.75,24.86,2.53,493.35
29.5379,0.0,0.0,0.0,0.0,0.0,2.53,0.0,0.0,17.16,37.95,40.04,178.09,149.27,21.34,27.5,26.4,2.53,497.75
29.5479,0.0,0.0,0.0,0.0,0.0,2.53,0.0,0.0,13.53,29.7,32.89,191.95,157.41,24.86,37.18,29.26,2.53,516.78
29.5579,0.0,0.0,0.0,0.0,0.0,2.53,0.0,0.0,11.0,24.75,27.17,198.88,163.9,34.32,42.68,30.8,2.53,533.5
29.5679,0.0,0.0,0.0,0.0,0.0,2.53,0.0,0.0,9.79,18.15,21.45,207.46,172.15,41.47,53.79,33.66,2.53,557.92
29.5779,0.0,0.0,0.0,0.0,0.0,0.0,0.0,2.75,7.37,11.55,15.73,217.91,177.54,52.14,62.37,35.2,2.75,579.81
29.5879,0.0,0.0,0.0,0.0,0.0,0.0,0.0,0.0,6.16,9.9,11.44,226.49,182.93,66.22,74.36,35.2,0.0,612.7
29.5979,0.0,0.0,0.0,0.0,0.0,0.0,0.0,2.75,4.84,6.6,7.15,231.77,191.95,82.83,84.81,38.06,2.75,648.01
29.6079,0.0,0.0,0.0,0.0,0.0,0.0,0.0,2.75,3.63,6.6,5.72,237.05,197.34,97.9,98.23,41.03,2.75,687.5
29.6179,0.0,0.0,0.0,0.0,0.0,0.0,0.0,0.0,2.42,4.95,5.72,242.33,197.34,114.73,107.14,42.46,0.0,717.09
29.6279,0.0,0.0,0.0,0.0,0.0,0.0,0.0,2.75,0.0,4.95,4.29,244.09,199.21,133.87,114.73,42.46,2.75,743.6
29.6379,0.0,0.0,0.0,0.0,0.0,0.0,0.0,0.0,0.0,6.6,4.29,249.37,200.97,147.84,127.05,45.43,0.0,781.55
29.6479,0.0,0.0,0.0,0.0,0.0,0.0,0.0,2.75,0.0,6.6,2.86,247.61,195.58,163.57,133.1,45.43,2.75,794.75
29.6579,0.0,0.0,0.0,0.0,0.0,0.0,0.0,0.0,0.0,4.95,4.29,242.33,191.95,179.19,139.26,42.46,0.0,804.43
29.6679,0.0,0.0,0.0,0.0,0.0,0.0,0.0,0.0,0.0,3.3,2.86,235.29,182.93,189.64,145.42,42.46,0.0,801.9
29.6779,0.0,0.0,0.0,0.0,0.0,0.0,0.0,0.0,0.0,3.3,0.0,223.08,170.39,201.74,151.47,44.0,0.0,793.98
29.6879,0.0,0.0,0.0,0.0,0.0,0.0,0.0,0.0,0.0,4.95,2.86,205.81,163.9,213.95,157.63,42.46,0.0,791.56
29.6979,0.0,0.0,0.0,0.0,0.0,0.0,0.0,0.0,0.0,4.95,2.86,183.37,157.41,226.27,162.25,42.46,0.0,779.57
29.7079,0.0,0.0,0.0,0.0,0.0,0.0,0.0,0.0,0.0,3.3,0.0,162.91,149.27,235.4,168.52,44.0,0.0,763.4
29.7179,6.82,0.0,0.0,0.0,0.0,0.0,0.0,0.0,0.0,3.3,2.86,143.99,142.78,248.16,175.01,41.03,6.82,757.13
29.7279,15.4,0.0,0.0,0.0,0.0,0.0,0.0,0.0,0.0,3.3,2.86,124.96,139.59,255.53,179.85,41.03,15.4,747.12
29.7379,30.91,0.0,0.0,0.0,0.0,0.0,0.0,0.0,0.0,4.95,2.86,109.34,131.45,261.03,181.5,41.03,30.91,732.16
29.7479,60.17,0.0,0.0,2.31,0.0,0.0,0.0,0.0,0.0,0.0,2.86,92.95,124.96,262.79,181.5,41.03,62.48,706.09
29.7579,96.36,0.0,0.0,2.31,2.75,0.0,0.0,0.0,0.0,4.95,2.86,75.13,110.55,270.16,178.2,36.63,101.42,678.48
29.7679,150.37,0.0,0.0,3.52,2.75,2.53,0.0,0.0,0.0,4.95,2.86,60.17,88.88,271.92,171.71,36.63,159.17,637.12
29.7779,191.18,35.64,13.75,4.73,2.75,0.0,0.0,0.0,0.0,3.3,2.86,41.36,61.05,270.16,153.01,35.2,248.05,566.94
29.7879,187.55,102.52,102.85,5.83,11.11,2.53,2.86,2.75,0.0,4.95,2.86,31.79,41.36,246.4,119.35,30.8,418.0,477.51
29.7979,184.03,112.42,135.08,8.25,11.11,5.17,4.29,5.5,0.0,4.95,0.0,27.06,38.06,194.81,69.85,39.6,465.85,374.33
29.8079,178.53,110.77,143.33,14.19,20.9,5.17,4.29,6.82,0.0,4.95,0.0,25.41,33.11,146.08,35.86,72.6,484.0,318.01
29.8179,164.34,107.47,144.98,29.48,41.8,6.49,5.72,8.25,0.0,4.95,0.0,23.87,26.4,82.83,24.75,97.02,508.53,259.82
29.8279,160.82,115.72,144.98,38.94,52.91,5.17,7.15,9.57,0.0,4.95,0.0,17.49,21.45,35.53,22.0,84.81,535.26,186.23
29.8379,157.3,117.37,144.98,47.3,60.17,6.49,7.15,8.25,0.0,0.0,0.0,14.3,16.5,26.07,17.93,55.77,549.01,130.57
29.8479,152.13,115.72,146.63,53.13,68.97,7.81,5.72,9.57,0.0,0.0,0.0,9.46,13.2,14.19,16.5,36.63,559.68,89.98
29.8579,148.61,117.37,146.63,59.4,73.37,5.17,8.69,12.32,0.0,0.0,0.0,4.73,8.25,10.67,12.32,26.4,571.56,62.37
29.8679,145.09,115.72,146.63,63.69,80.74,7.81,8.69,11.0,0.0,0.0,0.0,6.27,6.6,9.46,8.25,13.2,579.37,43.78
29.8779,141.57,114.07,146.63,67.98,88.11,7.81,10.12,12.32,0.0,0.0,0.0,3.08,4.95,9.46,4.07,5.83,588.61,27.39
29.8879,136.4,110.77,143.33,70.84,91.08,7.81,11.55,13.75,0.0,0.0,0.0,4.73,3.3,8.25,5.5,4.4,585.53,26.18
29.8979,129.36,105.82,140.03,75.13,96.91,7.81,10.12,13.75,0.0,0.0,0.0,4.73,4.95,7.04,5.5,4.4,578.93,26.62
29.9079,120.67,99.22,133.43,79.42,101.31,7.81,11.55,13.75,0.0,0.0,0.0,3.08,3.3,7.04,4.07,0.0,567.16,17.49
29.9179,113.63,92.73,125.29,83.71,105.71,9.13,12.98,12.32,0.0,0.0,0.0,4.73,0.0,5.83,5.5,2.86,555.5,18.92
29.9279,105.05,84.48,117.04,89.43,108.68,9.13,14.41,15.18,0.0,0.0,0.0,0.0,0.0,5.83,5.5,4.4,543.4,15.73
29.9379,94.71,76.34,106.04,93.72,113.63,10.45,15.84,15.18,0.0,0.0,0.0,3.08,0.0,5.83,4.07,4.4,525.91,17.38
29.9479,84.37,68.2,95.15,100.87,118.69,11.77,20.24,15.18,0.0,0.0,0.0,3.08,3.3,3.52,4.07,4.4,514.47,18.37
29.9579,75.68,59.95,84.26,110.88,123.86,11.77,27.5,16.5,0.0,3.3,0.0,3.08,0.0,4.73,2.75,2.86,510.4,16.72
29.9679,65.34,51.81,73.37,120.12,130.68,15.73,37.62,19.25,0.0,0.0,0.0,0.0,0.0,5.83,0.0,0.0,513.92,5.83
29.9779,58.52,43.67,62.48,130.9,137.5,19.58,44.88,20.68,0.0,0.0,0.0,0.0,0.0,3.52,4.07,4.4,518.21,11.99
29.9879,49.94,33.99,55.22,138.71,142.56,26.18,53.57,22.0,0.0,3.3,0.0,3.08,0.0,3.52,2.75,0.0,522.17,12.65
29.9979,44.77,29.15,46.86,144.87,149.38,32.78,60.83,24.75,0.0,0.0,0.0,0.0,0.0,3.52,2.75,2.86,533.39,9.13
30.0079,37.84,22.66,40.04,147.95,154.55,43.23,69.74,26.18,0.0,0.0,0.0,0.0,0.0,3.52,0.0,2.86,542.19,6.38
30.0179,34.43,17.82,30.36,155.76,159.61,52.47,80.19,27.5,0.0,0.0,0.0,0.0,0.0,0.0,2.75,2.86,558.14,5.61
30.0279,30.91,11.33,24.86,160.38,166.43,62.15,92.18,28.93,0.0,0.0,0.0,0.0,0.0,3.52,0.0,0.0,577.17,3.52
30.0379,25.74,8.03,20.68,163.46,171.6,72.05,102.63,30.36,0.0,0.0,0.0,0.0,0.0,3.52,0.0,0.0,594.55,3.52
30.0479,22.33,6.38,15.18,166.54,178.64,81.95,113.08,31.68,0.0,0.0,0.0,0.0,0.0,0.0,2.75,0.0,615.78,2.75
30.0579,18.92,6.38,15.18,168.19,183.81,94.6,125.84,33.11,0.0,0.0,0.0,0.0,0.0,0.0,2.75,0.0,646.03,2.75
30.0679,15.4,4.84,12.43,171.38,190.85,104.5,137.17,34.43,0.0,0.0,0.0,0.0,0.0,2.31,2.75,0.0,671.0,5.06
30.0779,11.99,4.84,12.43,173.03,192.61,119.24,146.85,35.86,0.0,0.0,0.0,0.0,0.0,3.52,0.0,0.0,696.85,3.52
30.0879,10.23,4.84,12.43,176.22,194.26,134.53,158.07,37.18,0.0,0.0,0.0,0.0,0.0,2.31,2.75,2.86,727.76,7.92
30.0979,6.82,4.84,6.82,176.22,194.26,148.39,167.75,38.61,0.0,0.0,0.0,0.0,0.0,0.0,0.0,0.0,743.71,0.0
30.1079,3.41,4.84,6.82,174.57,190.85,162.14,183.04,39.93,0.0,0.0,0.0,0.0,0.0,2.31,0.0,0.0,765.6,2.31
30.1179,0.0,3.19,4.07,168.19,183.81,178.31,190.08,41.36,0.0,0.0,0.0,0.0,0.0,2.31,0.0,0.0,769.01,2.31
30.1279,0.0,3.19,5.5,155.76,175.12,193.27,202.29,42.68,0.0,0.0,0.0,0.0,0.0,2.31,2.75,0.0,777.81,5.06
30.1379,0.0,3.19,2.75,144.87,166.43,206.58,216.37,42.68,0.0,0.0,0.0,0.0,0.0,2.31,0.0,0.0,782.87,2.31
30.1479,0.0,3.19,2.75,130.9,156.2,216.48,221.65,45.54,0.0,0.0,0.0,0.0,0.0,2.31,0.0,0.0,776.71,2.31
30.1579,0.0,3.19,4.07,115.5,145.97,228.14,233.53,48.29,0.0,0.0,0.0,0.0,0.0,2.31,0.0,0.0,778.69,2.31
30.1679,0.0,3.19,4.07,102.3,139.15,236.39,240.35,51.04,2.42,0.0,0.0,0.0,0.0,0.0,0.0,0.0,776.49,2.42
30.1779,0.0,0.0,2.75,92.29,128.92,244.64,245.52,52.36,3.63,0.0,0.0,0.0,0.0,0.0,0.0,0.0,766.48,3.63
30.1879,0.0,0.0,4.07,79.42,120.45,249.59,247.17,55.11,4.84,0.0,0.0,0.0,0.0,0.0,0.0,0.0,755.81,4.84
30.1979,0.0,3.19,2.75,67.98,108.68,253.0,250.58,56.54,7.37,0.0,0.0,0.0,0.0,0.0,0.0,0.0,742.72,7.37
30.2079,0.0,3.19,0.0,54.34,96.91,254.65,252.23,60.94,13.53,0.0,0.0,0.0,0.0,0.0,0.0,0.0,722.26,13.53
30.2179,0.0,3.19,0.0,40.15,85.14,254.65,247.17,63.91,32.01,0.0,0.0,0.0,0.0,0.0,0.0,0.0,694.21,32.01
30.2279,0.0,3.19,2.75,24.75,67.54,251.35,240.35,68.31,61.93,3.3,2.86,0.0,0.0,0.0,0.0,0.0,658.24,68.09
30.2379,0.0,3.19,2.75,16.5,40.37,234.74,223.41,75.79,110.22,6.6,4.29,0.0,0.0,0.0,0.0,0.0,596.75,121.11
30.2479,0.0,3.19,2.75,14.19,29.26,194.92,166.1,90.75,162.47,16.5,4.29,3.08,0.0,3.52,0.0,0.0,501.16,189.86
30.2579,0.0,4.84,2.75,12.98,25.08,143.77,102.63,116.27,168.19,157.85,47.19,6.27,0.0,3.52,0.0,0.0,408.32,383.02
30.2679,0.0,4.84,2.75,10.56,23.65,96.03,52.14,165.66,163.9,187.99,111.43,4.73,4.95,3.52,2.75,2.86,355.63,482.13
30.2779,0.0,4.84,2.75,8.25,18.04,36.74,31.79,170.39,161.04,193.05,132.88,11.11,8.25,5.83,2.75,4.4,272.8,519.31
30.2879,0.0,4.84,2.75,5.83,13.86,26.18,27.5,108.57,149.71,194.7,142.12,27.06,9.9,7.04,5.5,10.23,189.53,546.26
30.2979,0.0,4.84,0.0,3.52,9.68,20.9,20.24,62.37,137.06,189.64,149.82,50.93,18.15,8.25,6.82,7.26,121.55,567.93
30.3079,0.0,3.19,0.0,2.31,5.5,13.09,12.98,39.93,132.77,193.05,154.33,61.71,28.05,9.46,8.25,11.66,77.0,599.28
30.3179,0.0,3.19,0.0,3.52,6.93,7.81,11.55,24.75,125.73,187.99,155.87,72.16,36.41,9.46,12.32,10.23,57.75,610.17
30.3279,0.0,0.0,0.0,2.31,5.5,7.81,8.69,6.82,118.69,184.58,158.95,79.53,44.66,10.67,9.57,13.2,31.13,619.85
30.3379,0.0,0.0,0.0,2.31,4.18,5.17,5.72,2.75,110.22,179.52,158.95,85.58,52.91,10.67,12.32,14.63,20.13,624.8
30.3479,0.0,0.0,0.0,2.31,4.18,3.85,5.72,2.75,102.08,172.81,157.41,92.95,56.21,11.77,11.0,11.66,18.81,615.89
30.3579,0.0,0.0,2.75,2.31,0.0,3.85,4.29,2.75,94.05,166.1,152.79,95.92,64.13,10.67,12.32,14.63,15.95,610.61
30.3679,0.0,0.0,0.0,2.31,2.75,3.85,2.86,2.75,84.7,154.55,146.74,99.0,68.75,11.77,11.0,16.06,14.52,592.57
30.3779,0.0,0.0,0.0,0.0,0.0,3.85,5.72,2.75,75.35,144.65,135.96,101.97,74.91,12.98,11.0,14.63,12.32,571.45
30.3879,0.0,0.0,0.0,0.0,2.75,3.85,4.29,0.0,67.32,133.21,128.37,104.94,79.64,12.98,13.75,16.06,10.89,556.27
30.3979,0.0,0.0,0.0,2.31,0.0,3.85,0.0,0.0,60.61,121.66,119.13,107.91,84.26,12.98,12.32,17.6,6.16,536.47
30.4079,0.0,0.0,0.0,0.0,0.0,2.53,2.86,0.0,54.23,110.22,109.89,112.42,87.34,12.98,15.18,16.06,5.39,518.32
30.4179,0.0,0.0,0.0,2.31,0.0,2.53,2.86,0.0,48.07,97.9,99.0,117.15,90.42,14.19,12.32,16.06,7.7,495.11
30.4279,0.0,0.0,0.0,0.0,0.0,0.0,2.86,2.75,41.91,85.58,91.3,123.42,95.04,15.4,16.5,19.03,5.61,488.18
30.4379,0.0,0.0,0.0,0.0,0.0,0.0,0.0,0.0,35.75,76.34,80.41,126.61,102.85,16.61,15.18,20.46,0.0,474.21
30.4479,0.0,0.0,0.0,0.0,2.75,0.0,0.0,0.0,30.8,67.1,71.06,136.07,109.01,15.4,16.5,20.46,2.75,466.4
30.4579,0.0,0.0,0.0,0.0,0.0,0.0,2.86,0.0,24.64,56.1,63.36,145.53,115.28,18.92,17.93,22.0,2.86,463.76
30.4679,0.0,0.0,0.0,0.0,0.0,0.0,0.0,0.0,22.11,47.85,54.34,150.26,121.66,18.92,22.0,23.43,0.0,460.57
30.4779,0.0,0.0,0.0,0.0,0.0,0.0,0.0,0.0,18.48,39.6,45.76,162.91,131.45,20.13,24.75,24.86,0.0,467.94
30.4879,0.0,0.0,0.0,0.0,0.0,0.0,0.0,0.0,15.95,29.7,38.61,176.44,139.59,22.44,28.93,27.83,0.0,479.49
30.4979,0.0,0.0,0.0,0.0,0.0,0.0,0.0,0.0,13.53,23.1,32.89,188.54,145.97,26.07,37.18,29.26,0.0,496.54
30.5079,0.0,0.0,0.0,0.0,0.0,0.0,0.0,2.75,11.0,16.5,22.88,200.64,154.11,34.32,45.54,33.66,2.75,518.65
30.5179,0.0,0.0,0.0,0.0,0.0,0.0,0.0,2.75,8.58,14.85,18.59,207.46,158.95,46.2,52.36,32.23,2.75,539.22
30.5279,0.0,0.0,0.0,0.0,0.0,0.0,0.0,0.0,7.37,9.9,12.87,217.91,160.6,55.77,63.91,36.63,0.0,564.96
30.5379,0.0,0.0,0.0,0.0,0.0,0.0,0.0,2.75,7.37,9.9,10.01,228.25,168.74,70.84,74.36,38.06,2.75,607.53
30.5479,0.0,0.0,2.75,0.0,0.0,0.0,0.0,0.0,6.16,6.6,8.58,237.05,173.91,88.88,84.81,39.6,2.75,645.59
30.5579,0.0,0.0,0.0,0.0,0.0,0.0,0.0,0.0,4.84,8.25,4.29,242.33,177.54,103.95,95.26,41.03,0.0,677.49
30.5679,0.0,0.0,0.0,0.0,0.0,0.0,0.0,0.0,2.42,6.6,5.72,249.37,182.93,123.42,101.2,42.46,0.0,714.12
30.5779,0.0,0.0,0.0,0.0,0.0,0.0,0.0,0.0,0.0,6.6,4.29,258.06,184.8,140.91,110.22,45.43,0.0,750.31
30.5879,0.0,0.0,2.75,0.0,0.0,0.0,0.0,0.0,0.0,6.6,2.86,259.82,184.8,158.29,122.43,48.4,2.75,783.2
30.5979,0.0,0.0,0.0,0.0,0.0,0.0,0.0,0.0,0.0,6.6,2.86,266.86,186.56,172.26,127.05,48.4,0.0,810.59
30.6079,0.0,0.0,0.0,0.0,0.0,0.0,0.0,0.0,0.0,4.95,4.29,265.1,184.8,187.88,134.64,48.4,0.0,830.06
30.6179,0.0,0.0,0.0,0.0,0.0,0.0,0.0,0.0,0.0,4.95,2.86,259.82,175.78,206.91,139.26,46.86,0.0,836.44
30.6279,0.0,0.0,0.0,0.0,0.0,0.0,0.0,0.0,0.0,3.3,2.86,244.09,167.09,215.6,143.88,46.86,0.0,823.68
30.6379,0.0,0.0,2.75,0.0,0.0,0.0,0.0,0.0,0.0,3.3,2.86,230.01,157.41,229.9,149.93,46.86,2.75,820.27
30.6479,0.0,0.0,0.0,0.0,0.0,0.0,0.0,0.0,0.0,4.95,0.0,207.46,149.27,242.66,153.01,45.43,0.0,802.78
30.6579,5.06,0.0,0.0,0.0,0.0,0.0,0.0,0.0,0.0,4.95,0.0,185.02,141.13,253.66,154.55,44.0,5.06,783.31
30.6679,11.99,0.0,0.0,0.0,0.0,0.0,0.0,0.0,0.0,0.0,0.0,162.91,134.64,261.03,156.09,42.46,11.99,757.13
30.6779,24.09,0.0,0.0,0.0,0.0,0.0,0.0,0.0,0.0,4.95,2.86,142.34,126.61,266.42,159.17,41.03,24.09,743.38
30.6879,58.52,0.0,0.0,0.0,0.0,0.0,0.0,0.0,0.0,4.95,0.0,121.88,121.66,268.29,160.71,41.03,58.52,718.52
30.6979,96.36,0.0,0.0,2.31,2.75,0.0,0.0,0.0,0.0,4.95,2.86,101.97,110.55,268.29,159.17,41.03,101.42,688.82
30.7079,152.13,0.0,0.0,0.0,2.75,0.0,0.0,0.0,0.0,3.3,2.86,87.01,90.42,270.16,153.01,39.6,154.88,646.36
30.7178,191.18,43.67,11.0,3.52,4.18,2.53,0.0,0.0,0.0,4.95,0.0,64.68,68.75,266.42,139.26,38.06,256.08,582.12
30.7278,185.79,104.17,93.61,3.52,9.68,3.85,4.29,2.75,0.0,4.95,2.86,34.98,43.01,259.16,116.27,35.2,407.66,496.43
30.7378,178.53,112.42,128.59,5.83,11.11,3.85,4.29,5.5,0.0,0.0,0.0,31.79,38.06,205.26,65.34,36.63,450.12,377.08
30.7478,175.01,114.07,138.38,12.98,13.86,5.17,5.72,6.82,0.0,4.95,2.86,28.6,29.81,140.91,33.11,58.74,472.01,298.98
30.7578,164.34,114.07,136.73,27.17,33.44,5.17,7.15,5.5,0.0,4.95,2.86,23.87,24.75,75.35,22.0,80.19,493.57,233.97
30.7678,159.06,119.13,138.38,40.15,43.12,5.17,7.15,8.25,0.0,0.0,0.0,20.68,23.1,34.32,22.0,72.6,520.41,172.7
30.7778,157.3,124.08,135.08,50.82,50.16,6.49,5.72,9.57,0.0,4.95,2.86,12.65,18.15,23.65,19.25,44.0,539.22,125.51
30.7878,155.54,125.84,136.73,59.4,55.77,6.49,7.15,9.57,0.0,4.95,0.0,9.46,11.55,14.19,13.75,29.26,556.49,83.16
30.7978,155.54,127.49,138.38,65.12,60.17,7.81,8.69,11.0,0.0,4.95,0.0,7.92,8.25,11.77,9.57,20.46,574.2,62.92
30.8078,152.13,129.14,138.38,70.84,63.03,6.49,8.69,9.57,0.0,3.3,0.0,6.27,6.6,8.25,8.25,11.66,578.27,44.33
30.8178,150.37,129.14,138.38,75.13,66.0,7.81,8.69,9.57,0.0,0.0,0.0,3.08,4.95,8.25,6.82,4.4,585.09,27.5
30.8278,146.85,127.49,135.08,77.99,70.4,7.81,10.12,9.57,0.0,3.3,0.0,3.08,4.95,7.04,5.5,4.4,585.31,28.27
30.8378,143.33,124.08,133.43,80.85,73.37,9.13,8.69,11.0,0.0,0.0,0.0,4.73,0.0,5.83,5.5,4.4,583.88,20.46
30.8478,134.64,119.13,128.59,83.71,74.8,9.13,11.55,11.0,0.0,0.0,0.0,4.73,0.0,7.04,5.5,2.86,572.55,20.13
30.8578,129.36,112.42,120.34,83.71,77.77,9.13,10.12,11.0,0.0,0.0,0.0,4.73,0.0,7.04,5.5,2.86,553.85,20.13
30.8678,120.67,105.82,115.39,86.57,77.77,7.81,10.12,12.32,0.0,0.0,0.0,3.08,0.0,5.83,4.07,4.4,536.47,17.38
30.8778,113.63,97.68,104.5,90.86,79.31,7.81,11.55,12.32,0.0,3.3,0.0,3.08,0.0,3.52,4.07,2.86,517.66,16.83
30.8878,106.7,89.43,96.69,95.15,82.17,7.81,12.98,12.32,0.0,0.0,0.0,4.73,0.0,5.83,2.75,2.86,503.25,16.17
30.8978,98.12,81.29,88.88,100.87,82.17,7.81,14.41,11.0,0.0,3.3,0.0,3.08,0.0,3.52,4.07,4.4,484.55,18.37
30.9078,87.78,73.04,79.53,106.59,86.57,9.13,15.84,13.75,0.0,0.0,0.0,0.0,0.0,4.73,4.07,4.4,472.23,13.2
30.9178,79.2,66.55,71.83,115.5,89.54,11.77,18.81,15.18,0.0,3.3,0.0,3.08,0.0,4.73,0.0,0.0,468.38,11.11
30.9278,70.51,58.3,62.48,123.2,93.94,14.41,26.07,15.18,0.0,0.0,0.0,3.08,0.0,4.73,2.75,0.0,464.09,10.56
30.9378,63.69,51.81,55.22,134.09,98.34,18.26,31.79,17.93,0.0,0.0,0.0,0.0,0.0,3.52,2.75,2.86,471.13,9.13
30.9478,55.11,45.32,46.86,144.87,104.28,24.86,39.05,19.25,0.0,0.0,0.0,0.0,0.0,3.52,4.07,0.0,479.6,7.59
30.9578,49.94,38.83,41.36,152.68,108.68,34.1,44.88,20.68,0.0,0.0,0.0,0.0,0.0,3.52,2.75,2.86,491.15,9.13
30.9678,43.01,32.34,35.86,160.38,117.04,44.55,55.0,20.68,0.0,0.0,0.0,0.0,0.0,0.0,2.75,0.0,508.86,2.75
30.9778,37.84,25.85,30.36,166.54,123.86,55.11,66.77,24.75,0.0,0.0,0.0,0.0,0.0,2.31,2.75,2.86,531.08,7.92
30.9878,32.67,19.36,23.43,174.57,132.33,66.33,77.22,26.18,0.0,0.0,0.0,0.0,0.0,3.52,0.0,0.0,552.09,3.52
30.9978,29.26,12.87,20.68,181.06,140.91,79.09,89.21,28.93,0.0,0.0,0.0,0.0,0.0,0.0,2.75,0.0,582.01,2.75
31.0078,24.09,9.68,13.75,185.9,144.32,91.85,98.12,28.93,0.0,0.0,0.0,0.0,0.0,3.52,0.0,0.0,596.64,3.52
31.0178,20.57,8.03,13.75,192.39,152.79,104.5,110.0,31.68,0.0,0.0,0.0,0.0,0.0,2.31,0.0,0.0,633.71,2.31
31.0278,17.16,8.03,13.75,197.23,157.96,114.62,121.11,33.11,0.0,0.0,0.0,0.0,0.0,2.31,2.75,0.0,662.97,5.06
31.0378,15.4,8.03,12.43,200.53,163.02,131.45,133.98,34.43,0.0,0.0,0.0,0.0,0.0,0.0,2.75,0.0,699.27,2.75
31.0478,11.99,6.38,11.0,205.37,166.43,145.31,146.85,37.18,0.0,0.0,0.0,0.0,0.0,2.31,0.0,2.86,730.51,5.17
31.0578,6.82,6.38,9.57,205.37,168.19,162.14,158.07,37.18,0.0,0.0,0.0,0.0,0.0,2.31,0.0,0.0,753.72,2.31
31.0678,5.06,4.84,8.25,208.56,169.84,175.01,169.29,38.61,0.0,0.0,0.0,0.0,0.0,0.0,0.0,0.0,779.46,0.0
31.0778,0.0,4.84,5.5,208.56,166.43,189.97,181.28,39.93,0.0,0.0,0.0,0.0,0.0,0.0,2.75,0.0,796.51,2.75
31.0878,0.0,3.19,4.07,202.18,163.02,204.82,195.36,41.36,2.42,0.0,0.0,0.0,0.0,2.31,2.75,0.0,814.0,7.48
31.0978,0.0,3.19,4.07,192.39,159.61,219.78,205.81,42.68,2.42,0.0,0.0,0.0,0.0,2.31,0.0,0.0,827.53,4.73
31.1078,0.0,3.19,4.07,179.52,151.14,231.44,216.37,44.11,2.42,0.0,0.0,0.0,0.0,0.0,2.75,0.0,829.84,5.17
31.1178,0.0,3.19,4.07,161.92,144.32,241.34,226.71,44.11,2.42,0.0,0.0,0.0,0.0,2.31,0.0,0.0,825.66,4.73
31.1278,0.0,3.19,4.07,140.25,132.33,251.35,233.53,45.54,3.63,0.0,0.0,0.0,0.0,0.0,2.75,0.0,810.26,6.38
31.1378,0.0,3.19,2.75,118.58,123.86,256.3,240.35,46.86,4.84,0.0,0.0,0.0,0.0,0.0,0.0,0.0,791.89,4.84
31.1478,0.0,3.19,4.07,100.87,110.22,262.9,245.52,49.61,11.0,0.0,0.0,0.0,0.0,0.0,0.0,0.0,776.38,11.0
31.1578,0.0,3.19,2.75,82.28,99.88,267.85,247.17,49.61,23.43,0.0,0.0,0.0,0.0,0.0,0.0,0.0,752.73,23.43
31.1678,0.0,3.19,2.75,63.69,83.71,269.5,247.17,52.36,43.12,0.0,0.0,0.0,0.0,0.0,0.0,0.0,722.37,43.12
31.1778,0.0,3.19,4.07,42.57,66.0,271.15,242.11,57.97,71.28,4.95,2.86,0.0,0.0,2.31,0.0,0.0,687.06,81.4
31.1878,0.0,3.19,2.75,23.65,41.8,266.2,226.71,65.34,114.4,4.95,0.0,0.0,0.0,2.31,0.0,0.0,629.64,121.66
31.1978,0.0,3.19,4.07,18.92,29.26,231.44,184.8,77.33,138.49,104.06,20.02,4.73,0.0,2.31,0.0,0.0,549.01,269.61
31.2078,0.0,3.19,2.75,16.5,26.4,171.71,116.27,99.66,129.91,146.3,92.84,6.27,3.3,3.52,2.75,0.0,436.48,384.89
31.2178,0.0,4.84,2.75,14.19,22.22,123.86,63.8,140.91,125.73,151.25,120.67,11.11,8.25,7.04,2.75,4.4,372.57,431.2
31.2278,0.0,4.84,0.0,10.56,18.04,62.15,33.22,170.39,129.91,162.8,129.91,23.87,11.55,5.83,8.25,7.26,299.2,479.38
31.2378,0.0,4.84,0.0,8.25,15.29,30.14,26.07,125.51,115.83,156.2,135.96,44.55,26.4,8.25,11.0,10.23,210.1,508.42
31.2478,0.0,4.84,0.0,5.83,11.11,22.22,23.1,69.85,108.79,157.85,137.5,63.14,44.66,8.25,11.0,13.2,136.95,544.39
31.2578,0.0,3.19,0.0,3.52,5.5,14.41,14.41,44.11,104.83,159.5,142.12,75.13,54.56,9.46,12.32,14.63,85.14,572.55
31.2678,0.0,3.19,0.0,2.31,5.5,11.77,11.55,27.5,98.12,156.2,142.12,82.5,67.21,11.77,13.75,14.63,61.82,586.3
31.2778,0.0,3.19,0.0,3.52,4.18,9.13,8.69,11.0,94.05,156.2,145.2,92.95,73.37,11.77,12.32,17.6,39.71,603.46
31.2878,0.0,0.0,0.0,3.52,4.18,6.49,7.15,2.75,88.77,151.25,143.66,100.43,79.64,11.77,15.18,17.6,24.09,608.3
31.2978,0.0,0.0,0.0,3.52,2.75,6.49,4.29,0.0,83.38,147.95,139.04,106.37,87.34,12.98,15.18,17.6,17.05,609.84
31.3078,0.0,0.0,0.0,3.52,4.18,5.17,5.72,0.0,76.67,141.35,131.45,113.96,90.42,12.98,15.18,16.06,18.59,598.07
31.3178,0.0,0.0,0.0,0.0,2.75,5.17,5.72,2.75,69.96,131.56,120.67,120.23,96.69,14.19,13.75,19.03,16.39,586.08
31.3278,0.0,0.0,0.0,2.31,2.75,2.53,4.29,2.75,64.57,121.66,108.35,121.88,99.77,14.19,17.93,20.46,14.63,568.81
31.3378,0.0,0.0,0.0,2.31,2.75,3.85,2.86,2.75,57.97,111.76,99.0,124.96,105.93,16.61,16.5,20.46,14.52,553.19
31.3478,0.0,0.0,0.0,0.0,2.75,3.85,2.86,2.75,51.7,102.52,89.76,131.34,110.55,14.19,17.93,20.46,12.21,538.45
31.3578,0.0,0.0,0.0,0.0,0.0,2.53,4.29,2.75,45.54,91.74,80.41,136.07,113.63,16.61,20.68,22.0,9.57,526.68
31.3678,0.0,0.0,0.0,0.0,0.0,2.53,0.0,0.0,40.7,80.96,72.71,140.8,116.82,17.71,20.68,20.46,2.53,510.84
31.3778,0.0,0.0,0.0,0.0,0.0,2.53,2.86,0.0,35.75,73.26,64.9,145.53,120.12,18.92,23.43,23.43,5.39,505.34
31.3878,0.0,0.0,0.0,0.0,0.0,2.53,0.0,0.0,30.8,62.48,57.2,150.26,129.8,18.92,24.75,24.86,2.53,499.07
31.3978,0.0,0.0,0.0,0.0,0.0,0.0,2.86,0.0,27.06,56.1,51.48,154.99,134.64,18.92,26.18,24.86,2.86,494.23
31.4078,0.0,0.0,0.0,0.0,0.0,0.0,0.0,0.0,22.11,46.2,45.76,159.72,139.59,18.92,30.36,27.83,0.0,490.49
31.4178,0.0,0.0,0.0,0.0,0.0,0.0,0.0,0.0,18.48,36.3,41.47,167.75,144.43,22.44,34.43,27.83,0.0,493.13
31.4278,0.0,0.0,0.0,0.0,0.0,0.0,0.0,0.0,14.74,29.7,35.75,174.68,152.46,26.07,38.61,29.26,0.0,501.27
31.4378,0.0,0.0,0.0,0.0,0.0,0.0,0.0,0.0,12.32,24.75,30.03,181.61,158.95,28.38,48.29,30.8,0.0,515.13
31.4478,0.0,0.0,0.0,0.0,0.0,0.0,0.0,0.0,11.0,19.8,25.74,186.78,163.9,34.32,55.11,33.66,0.0,530.31
31.4578,0.0,0.0,0.0,0.0,0.0,0.0,0.0,0.0,8.58,14.85,20.02,191.95,170.39,42.68,63.91,33.66,0.0,546.04
31.4678,0.0,0.0,0.0,0.0,0.0,0.0,0.0,0.0,7.37,9.9,12.87,200.64,177.54,50.93,74.36,36.63,0.0,570.24
31.4778,0.0,0.0,0.0,0.0,0.0,0.0,0.0,2.75,7.37,9.9,10.01,205.81,184.8,63.25,84.81,39.6,2.75,605.55
31.4878,0.0,0.0,0.0,0.0,0.0,0.0,0.0,0.0,4.84,8.25,8.58,209.22,195.58,78.32,98.23,38.06,0.0,641.08
31.4978,0.0,0.0,0.0,0.0,0.0,0.0,0.0,0.0,4.84,8.25,4.29,212.74,200.97,94.93,110.22,39.6,0.0,675.84
31.5078,0.0,0.0,0.0,0.0,0.0,0.0,0.0,0.0,2.42,4.95,5.72,216.15,208.12,110.0,117.81,44.0,0.0,709.17
31.5178,0.0,0.0,0.0,0.0,0.0,0.0,0.0,0.0,2.42,6.6,4.29,216.15,208.12,128.7,130.02,45.43,0.0,741.73
31.5278,0.0,0.0,0.0,0.0,0.0,0.0,0.0,0.0,0.0,4.95,4.29,221.32,208.12,142.67,139.26,46.86,0.0,767.47
31.5378,0.0,0.0,0.0,0.0,0.0,0.0,0.0,0.0,0.0,3.3,4.29,219.56,209.99,161.81,145.42,48.4,0.0,792.77
31.5478,0.0,0.0,0.0,0.0,0.0,0.0,0.0,0.0,0.0,3.3,2.86,216.15,208.12,175.67,149.93,45.43,0.0,801.46
31.5578,0.0,0.0,0.0,0.0,0.0,0.0,0.0,0.0,0.0,6.6,2.86,209.22,199.21,187.88,156.09,48.4,0.0,810.26
31.5678,0.0,0.0,0.0,0.0,0.0,0.0,0.0,0.0,0.0,3.3,0.0,195.47,191.95,201.74,157.63,46.86,0.0,796.95
31.5778,0.0,0.0,0.0,0.0,0.0,0.0,0.0,0.0,0.0,4.95,2.86,179.85,177.54,212.19,166.87,45.43,0.0,789.69
31.5878,3.41,0.0,0.0,0.0,0.0,0.0,0.0,0.0,0.0,3.3,0.0,161.26,168.74,224.4,168.52,46.86,3.41,773.08
31.5978,8.58,0.0,0.0,0.0,0.0,0.0,0.0,0.0,0.0,3.3,2.86,142.34,162.25,235.4,173.36,45.43,8.58,764.94
31.6078,15.4,0.0,0.0,0.0,0.0,0.0,0.0,0.0,0.0,0.0,0.0,120.23,154.11,244.53,178.2,45.43,15.4,742.5
31.6178,27.5,0.0,0.0,0.0,0.0,0.0,0.0,0.0,0.0,4.95,2.86,103.4,145.97,250.03,184.69,44.0,27.5,735.9
31.6278,49.94,0.0,0.0,0.0,0.0,0.0,0.0,0.0,0.0,4.95,2.86,87.01,137.94,255.53,183.15,42.46,49.94,713.9
31.6378,79.2,0.0,0.0,0.0,0.0,0.0,0.0,0.0,0.0,0.0,0.0,73.59,131.45,257.29,183.15,39.6,79.2,685.08
31.6478,120.67,0.0,0.0,2.31,2.75,0.0,0.0,0.0,0.0,4.95,2.86,60.17,112.09,255.53,181.5,39.6,125.73,656.7
31.6578,175.01,0.0,2.75,3.52,2.75,0.0,0.0,0.0,0.0,4.95,0.0,39.82,91.96,253.66,173.36,38.06,184.03,601.81
31.6678,191.18,81.29,64.02,2.31,5.5,2.53,2.86,2.75,0.0,3.3,2.86,30.25,61.05,242.66,159.17,36.63,352.44,535.92
31.6778,189.42,119.13,133.43,4.73,11.11,5.17,4.29,4.07,0.0,4.95,2.86,25.41,43.01,208.67,116.27,38.06,471.35,439.23
31.6878,189.42,125.84,156.42,9.46,9.68,3.85,5.72,4.07,0.0,3.3,0.0,27.06,38.06,151.36,62.37,52.8,504.46,334.95
31.6978,180.4,125.84,158.07,24.75,22.22,5.17,5.72,6.82,0.0,0.0,0.0,23.87,33.11,97.9,28.93,87.89,528.99,271.7
31.7078,171.38,127.49,161.37,40.15,34.76,6.49,5.72,8.25,0.0,4.95,2.86,17.49,28.05,41.47,22.0,101.64,555.61,218.46
31.7178,171.38,134.2,159.72,49.61,43.12,3.85,7.15,9.57,0.0,3.3,0.0,15.84,19.8,28.38,19.25,78.65,578.6,165.22
31.7278,171.38,135.85,159.72,54.34,47.3,6.49,7.15,8.25,0.0,0.0,0.0,12.65,14.85,17.71,17.93,46.86,590.48,110.0
31.7378,171.38,137.5,159.72,59.4,48.73,6.49,8.69,9.57,0.0,0.0,0.0,6.27,9.9,12.98,12.32,29.26,601.48,70.73
31.7478,169.62,137.5,161.37,63.69,52.91,6.49,7.15,9.57,0.0,3.3,0.0,6.27,4.95,9.46,9.57,14.63,608.3,48.18
31.7578,166.1,137.5,159.72,66.55,57.2,5.17,7.15,9.57,0.0,3.3,0.0,0.0,3.3,9.46,8.25,4.4,608.96,28.71
31.7678,162.58,135.85,158.07,69.41,58.63,6.49,8.69,11.0,0.0,0.0,0.0,4.73,4.95,8.25,6.82,4.4,610.72,29.15
31.7778,155.54,130.79,153.12,70.84,60.17,7.81,7.15,9.57,0.0,3.3,0.0,3.08,3.3,7.04,6.82,0.0,594.99,23.54
31.7878,150.37,127.49,149.93,73.7,61.6,5.17,8.69,9.57,0.0,0.0,0.0,3.08,4.95,7.04,6.82,0.0,586.52,21.89
31.7978,141.57,120.78,143.33,73.7,66.0,5.17,8.69,8.25,0.0,0.0,0.0,3.08,3.3,5.83,4.07,4.4,567.49,20.68
31.8078,134.64,114.07,135.08,76.56,68.97,6.49,7.15,9.57,0.0,0.0,0.0,4.73,3.3,5.83,4.07,4.4,552.53,22.33
31.8178,125.84,109.12,128.59,80.85,70.4,7.81,10.12,11.0,0.0,3.3,0.0,3.08,0.0,5.83,5.5,4.4,543.73,22.11
31.8278,117.15,100.87,120.34,85.14,74.8,7.81,8.69,12.32,0.0,0.0,0.0,3.08,3.3,5.83,4.07,2.86,527.12,19.14
31.8378,108.46,94.38,112.2,90.86,79.31,6.49,10.12,11.0,0.0,0.0,0.0,0.0,0.0,4.73,2.75,2.86,512.82,10.34
31.8478,99.88,87.78,104.5,96.58,83.71,9.13,8.69,12.32,0.0,0.0,0.0,3.08,0.0,4.73,4.07,2.86,502.59,14.74
31.8578,91.19,79.64,96.69,102.3,88.11,7.81,12.98,13.75,0.0,0.0,0.0,3.08,0.0,4.73,0.0,0.0,492.47,7.81
31.8678,84.37,74.69,90.42,110.88,92.51,9.13,14.41,12.32,0.0,0.0,0.0,0.0,0.0,4.73,0.0,4.4,488.73,9.13
31.8778,75.68,69.74,82.72,123.2,98.34,9.13,17.38,13.75,0.0,3.3,0.0,3.08,0.0,3.52,2.75,2.86,489.94,15.51
31.8878,68.86,64.9,74.91,134.09,102.85,11.77,21.67,17.93,0.0,3.3,0.0,0.0,0.0,4.73,4.07,2.86,496.98,14.96
31.8978,61.93,59.95,68.64,141.79,107.25,15.73,26.07,16.5,0.0,0.0,0.0,0.0,0.0,0.0,4.07,2.86,497.86,6.93
31.9078,55.11,53.46,62.48,154.22,111.87,22.22,31.79,19.25,0.0,0.0,0.0,0.0,0.0,3.52,2.75,2.86,510.4,9.13
31.9178,48.18,46.97,55.22,163.46,115.28,27.5,39.05,20.68,0.0,0.0,0.0,0.0,0.0,3.52,4.07,0.0,516.34,7.59
31.9278,43.01,40.48,48.29,171.38,123.86,39.27,49.17,23.43,0.0,0.0,0.0,0.0,0.0,4.73,0.0,2.86,538.89,7.59
31.9378,37.84,35.64,41.36,181.06,130.68,51.15,60.83,26.18,0.0,0.0,0.0,3.08,0.0,2.31,4.07,0.0,564.74,9.46
31.9478,34.43,29.15,34.43,190.85,135.74,64.9,71.28,27.5,0.0,0.0,0.0,0.0,0.0,2.31,2.75,0.0,588.28,5.06
31.9578,27.5,24.31,28.93,198.88,144.32,77.66,81.73,28.93,0.0,0.0,0.0,0.0,0.0,3.52,2.75,0.0,612.26,6.27
31.9678,24.09,17.82,20.68,207.02,149.38,91.85,95.15,31.68,0.0,0.0,0.0,0.0,0.0,4.73,0.0,0.0,637.67,4.73
31.9778,20.57,11.33,16.5,210.21,154.55,107.36,105.6,33.11,0.0,0.0,0.0,0.0,0.0,2.31,2.75,2.86,659.23,7.92
31.9878,17.16,9.68,13.75,216.7,161.37,122.32,117.81,34.43,0.0,0.0,0.0,0.0,0.0,2.31,2.75,0.0,693.22,5.06
31.9978,13.75,8.03,12.43,219.89,163.02,139.15,130.68,34.43,0.0,0.0,0.0,0.0,0.0,3.52,0.0,0.0,721.38,3.52
32.0078,10.23,8.03,11.0,223.19,164.78,155.98,140.36,35.86,0.0,0.0,0.0,0.0,0.0,2.31,0.0,0.0,749.43,2.31
32.0178,6.82,6.38,9.57,224.84,166.43,173.36,154.88,38.61,0.0,0.0,0.0,0.0,0.0,0.0,0.0,0.0,780.89,0.0
32.0278,3.41,4.84,6.82,223.19,163.02,188.32,167.75,39.93,0.0,0.0,0.0,0.0,0.0,2.31,0.0,0.0,797.28,2.31
32.0378,0.0,4.84,5.5,221.54,156.2,204.82,177.76,39.93,0.0,0.0,0.0,0.0,0.0,2.31,2.75,0.0,810.59,5.06
32.0478,0.0,4.84,4.07,213.51,151.14,219.78,188.32,39.93,0.0,0.0,0.0,0.0,0.0,0.0,0.0,0.0,821.59,0.0
32.0578,0.0,4.84,4.07,200.53,142.56,234.74,197.12,42.68,2.42,0.0,0.0,0.0,0.0,2.31,2.75,0.0,826.54,7.48
32.0678,0.0,4.84,4.07,184.36,132.33,244.64,205.81,42.68,3.63,0.0,0.0,0.0,0.0,2.31,0.0,0.0,818.73,5.94
32.0778,0.0,3.19,4.07,161.92,123.86,256.3,216.37,44.11,4.84,0.0,0.0,0.0,0.0,2.31,0.0,0.0,809.82,7.15
32.0878,0.0,3.19,4.07,135.63,113.63,264.55,223.41,45.54,6.16,0.0,0.0,0.0,0.0,0.0,0.0,0.0,790.02,6.16
32.0978,0.0,0.0,2.75,113.96,104.28,271.15,225.06,48.29,8.58,0.0,0.0,0.0,0.0,0.0,2.75,0.0,765.49,11.33
32.1078,0.0,3.19,2.75,95.15,89.54,276.1,231.88,49.61,22.11,0.0,0.0,0.0,0.0,0.0,0.0,0.0,748.22,22.11
32.1178,0.0,3.19,4.07,75.13,76.34,279.51,230.12,52.36,44.33,3.3,0.0,0.0,0.0,0.0,0.0,0.0,720.72,47.63
32.1278,0.0,3.19,4.07,55.55,60.17,279.51,221.65,56.54,79.31,3.3,2.86,0.0,0.0,2.31,0.0,0.0,680.68,87.78
32.1378,0.0,3.19,4.07,33.11,38.94,276.1,207.57,59.4,127.16,6.6,2.86,0.0,0.0,0.0,0.0,0.0,622.38,136.62
32.1477,0.0,4.84,4.07,21.23,26.4,247.94,162.91,71.28,152.57,93.28,11.44,3.08,0.0,3.52,0.0,0.0,538.67,263.89
32.1577,0.0,3.19,2.75,17.71,25.08,186.67,101.09,89.21,146.96,161.15,64.9,6.27,3.3,3.52,0.0,0.0,425.7,386.1
32.1677,0.0,4.84,2.75,15.29,22.22,131.45,53.57,123.97,141.24,167.75,100.65,7.92,4.95,3.52,0.0,2.86,354.09,428.89
32.1777,0.0,6.38,2.75,12.98,18.04,76.23,30.36,147.18,142.67,174.46,113.08,9.46,8.25,4.73,5.5,0.0,293.92,458.15
32.1877,0.0,4.84,2.75,9.46,15.29,31.46,24.53,113.19,128.59,172.81,120.67,25.41,11.55,7.04,4.07,4.4,201.52,474.54
32.1977,0.0,4.84,2.75,7.04,11.11,23.54,18.81,66.88,121.44,171.05,123.75,43.01,16.5,5.83,8.25,8.8,134.97,498.63
32.2077,0.0,3.19,2.75,5.83,6.93,17.05,15.84,45.54,117.26,172.81,129.91,55.77,24.75,8.25,9.57,10.23,97.13,528.55
32.2177,0.0,3.19,0.0,4.73,6.93,11.77,12.98,31.68,114.4,174.46,131.45,64.68,31.46,8.25,11.0,13.2,71.28,548.9
32.2277,0.0,3.19,0.0,2.31,4.18,9.13,8.69,17.93,112.97,176.11,134.42,70.62,39.71,9.46,12.32,8.8,45.43,564.41
32.2377,0.0,3.19,0.0,3.52,4.18,5.17,5.72,4.07,108.79,177.87,134.42,79.53,41.36,10.67,12.32,13.2,25.85,578.16
32.2477,0.0,0.0,0.0,3.52,2.75,6.49,5.72,2.75,104.83,176.11,132.88,85.58,46.31,11.77,12.32,13.2,21.23,583.0
32.2577,0.0,3.19,0.0,3.52,0.0,6.49,4.29,2.75,99.44,172.81,129.91,89.98,51.26,11.77,12.32,13.2,20.24,580.69
32.2677,0.0,0.0,0.0,2.31,2.75,5.17,2.86,0.0,92.73,166.1,123.75,92.95,56.21,11.77,13.75,16.06,13.09,573.32
32.2777,0.0,0.0,0.0,2.31,0.0,3.85,4.29,2.75,86.02,157.85,117.59,99.0,57.97,11.77,13.75,14.63,13.2,558.58
32.2877,0.0,0.0,0.0,2.31,2.75,2.53,0.0,2.75,80.74,152.9,108.35,100.43,62.59,11.77,12.32,16.06,10.34,545.16
32.2977,0.0,0.0,0.0,2.31,0.0,3.85,2.86,0.0,74.03,143.0,99.0,104.94,64.13,11.77,13.75,14.63,9.02,525.25
32.3077,0.0,0.0,0.0,2.31,0.0,3.85,0.0,0.0,67.32,133.21,89.76,107.91,65.67,12.98,12.32,16.06,6.16,505.23
32.3177,0.0,0.0,0.0,2.31,0.0,3.85,0.0,0.0,60.61,123.31,81.95,110.88,67.21,12.98,15.18,16.06,6.16,488.18
32.3277,0.0,0.0,0.0,0.0,2.75,0.0,0.0,0.0,54.23,111.76,74.25,115.5,68.75,14.19,15.18,16.06,2.75,469.92
32.3377,0.0,0.0,0.0,0.0,2.75,0.0,2.86,0.0,49.28,102.52,66.44,120.23,73.37,12.98,15.18,19.03,5.61,459.03
32.3477,0.0,0.0,0.0,0.0,0.0,2.53,0.0,0.0,43.12,90.2,58.74,126.61,74.91,14.19,15.18,17.6,2.53,440.55
32.3577,0.0,0.0,0.0,0.0,0.0,2.53,0.0,0.0,38.17,80.96,55.77,132.88,79.64,14.19,16.5,19.03,2.53,437.14
32.3677,0.0,0.0,0.0,0.0,0.0,0.0,0.0,0.0,33.22,71.72,51.48,139.15,85.8,14.19,15.18,20.46,0.0,431.2
32.3777,0.0,0.0,0.0,0.0,0.0,0.0,0.0,0.0,28.27,64.02,47.19,145.53,90.42,16.61,16.5,20.46,0.0,429.0
32.3877,0.0,0.0,0.0,0.0,0.0,0.0,0.0,0.0,24.64,54.45,42.9,153.45,98.23,17.71,17.93,22.0,0.0,431.31
32.3977,0.0,0.0,2.75,0.0,0.0,2.53,0.0,0.0,20.9,47.85,40.04,164.45,107.47,17.71,19.25,23.43,5.28,441.1
32.4077,0.0,0.0,0.0,0.0,0.0,0.0,0.0,0.0,18.48,39.6,35.75,178.09,116.82,20.13,19.25,23.43,0.0,451.55
32.4177,0.0,0.0,0.0,0.0,0.0,2.53,0.0,0.0,14.74,31.35,31.46,191.95,131.45,20.13,24.75,27.83,2.53,473.66
32.4277,0.0,0.0,0.0,0.0,0.0,0.0,0.0,0.0,12.32,24.75,25.74,209.22,142.78,26.07,33.11,30.8,0.0,504.79
32.4377,0.0,0.0,0.0,0.0,0.0,0.0,0.0,0.0,11.0,21.45,21.45,223.08,155.76,35.53,39.93,30.8,0.0,539.0
32.4477,0.0,0.0,2.75,0.0,0.0,0.0,0.0,0.0,9.79,14.85,14.3,233.53,167.09,47.41,52.36,33.66,2.75,572.99
32.4577,0.0,0.0,0.0,0.0,0.0,0.0,0.0,2.75,7.37,13.2,11.44,242.33,175.78,63.25,63.91,38.06,2.75,615.34
32.4677,0.0,0.0,0.0,0.0,0.0,2.53,0.0,0.0,6.16,8.25,8.58,256.3,186.56,81.4,77.33,39.6,2.53,664.18
32.4777,0.0,0.0,2.75,0.0,0.0,0.0,0.0,0.0,6.16,9.9,7.15,265.1,191.95,99.44,89.21,41.03,2.75,709.94
32.4877,0.0,0.0,0.0,0.0,0.0,2.53,0.0,0.0,3.63,6.6,4.29,270.38,199.21,116.49,98.23,42.46,2.53,741.29
32.4977,0.0,0.0,0.0,0.0,0.0,0.0,0.0,0.0,0.0,6.6,4.29,279.07,202.73,135.63,108.68,45.43,0.0,782.43
32.5077,0.0,0.0,0.0,0.0,0.0,0.0,0.0,0.0,0.0,6.6,2.86,282.48,204.6,154.77,119.35,48.4,0.0,819.06
32.5177,0.0,0.0,0.0,0.0,0.0,0.0,0.0,0.0,0.0,6.6,2.86,285.89,200.97,170.5,128.59,48.4,0.0,843.81
32.5277,0.0,0.0,0.0,0.0,0.0,0.0,0.0,0.0,0.0,3.3,4.29,285.89,197.34,189.64,131.56,48.4,0.0,860.42
32.5377,0.0,0.0,0.0,0.0,0.0,0.0,0.0,0.0,0.0,4.95,2.86,277.31,186.56,199.98,137.72,46.86,0.0,856.24
32.5477,0.0,0.0,2.75,0.0,0.0,0.0,0.0,0.0,0.0,3.3,2.86,265.1,172.15,212.19,143.88,46.86,2.75,846.34
32.5577,3.41,0.0,0.0,0.0,0.0,0.0,0.0,0.0,0.0,4.95,2.86,240.57,163.9,222.64,145.42,45.43,3.41,825.77
32.5677,8.58,0.0,0.0,0.0,0.0,0.0,0.0,0.0,0.0,6.6,0.0,216.15,155.76,233.53,148.39,45.43,8.58,805.86
32.5777,15.4,0.0,0.0,0.0,0.0,0.0,0.0,0.0,0.0,4.95,2.86,190.19,147.62,242.66,149.93,44.0,15.4,782.21
32.5877,32.67,0.0,0.0,0.0,0.0,0.0,0.0,0.0,0.0,3.3,2.86,164.45,136.29,246.4,153.01,42.46,32.67,748.77
32.5977,55.11,0.0,0.0,0.0,0.0,0.0,0.0,0.0,0.0,4.95,2.86,143.99,128.15,251.79,153.01,41.03,55.11,725.78
32.6077,80.85,0.0,0.0,0.0,2.75,0.0,0.0,0.0,0.0,3.3,2.86,121.88,113.63,255.53,149.93,39.6,83.6,686.73
32.6177,120.67,0.0,0.0,0.0,2.75,2.53,0.0,0.0,0.0,0.0,0.0,100.43,96.69,257.29,143.88,39.6,125.95,637.89
32.6277,162.58,3.19,5.5,2.31,2.75,2.53,0.0,0.0,0.0,3.3,2.86,78.1,70.29,264.66,134.64,33.66,178.86,587.51
32.6377,171.38,82.94,55.22,4.73,6.93,3.85,2.86,2.75,0.0,3.3,0.0,46.2,43.01,266.42,113.19,35.2,330.66,507.32
32.6477,164.34,102.52,109.12,8.25,11.11,5.17,4.29,4.07,0.0,4.95,2.86,33.44,38.06,224.4,65.34,36.63,408.87,405.68
32.6577,167.86,109.12,130.24,16.5,12.54,5.17,4.29,6.82,0.0,4.95,0.0,30.25,33.11,156.53,31.68,49.83,452.54,306.35
32.6677,164.34,112.42,140.03,33.11,26.4,5.17,7.15,8.25,0.0,4.95,2.86,25.41,28.05,97.9,24.75,74.14,496.87,258.06
32.6777,160.82,115.72,143.33,44.88,36.19,5.17,7.15,9.57,0.0,4.95,0.0,20.68,24.75,41.47,22.0,72.6,522.83,186.45
32.6877,162.58,120.78,143.33,53.13,44.55,5.17,7.15,8.25,0.0,4.95,0.0,14.3,19.8,29.59,17.93,48.4,544.94,134.97
32.6977,160.82,124.08,146.63,57.97,48.73,6.49,7.15,9.57,0.0,4.95,0.0,12.65,11.55,18.92,16.5,32.23,561.44,96.8
32.7077,160.82,125.84,146.63,62.26,52.91,7.81,7.15,9.57,0.0,3.3,0.0,7.92,6.6,10.67,11.0,24.86,572.99,64.35
32.7177,159.06,125.84,144.98,66.55,55.77,6.49,8.69,9.57,0.0,0.0,0.0,7.92,4.95,9.46,8.25,14.63,576.95,45.21
32.7277,157.3,124.08,144.98,72.27,60.17,7.81,8.69,9.57,0.0,3.3,0.0,6.27,4.95,8.25,5.5,5.83,584.87,34.1
32.7377,153.89,124.08,144.98,73.7,63.03,7.81,8.69,9.57,0.0,0.0,0.0,6.27,0.0,9.46,4.07,4.4,585.75,24.2
32.7477,148.61,120.78,140.03,75.13,64.57,7.81,7.15,11.0,0.0,3.3,2.86,3.08,3.3,7.04,5.5,2.86,575.08,27.94
32.7577,143.33,115.72,136.73,77.99,66.0,7.81,8.69,11.0,0.0,3.3,0.0,4.73,0.0,7.04,5.5,4.4,567.27,24.97
32.7677,134.64,112.42,131.89,77.99,67.54,6.49,7.15,11.0,0.0,0.0,0.0,4.73,0.0,7.04,2.75,4.4,549.12,18.92
32.7777,127.6,104.17,125.29,80.85,67.54,7.81,10.12,11.0,0.0,0.0,0.0,4.73,3.3,5.83,4.07,4.4,534.38,22.33
32.7877,120.67,99.22,117.04,85.14,70.4,7.81,10.12,12.32,0.0,0.0,0.0,4.73,3.3,5.83,0.0,2.86,522.72,16.72
32.7977,110.22,89.43,110.66,88.0,70.4,7.81,10.12,12.32,0.0,3.3,0.0,0.0,3.3,5.83,4.07,2.86,498.96,19.36
32.8077,103.29,82.94,99.77,93.72,76.34,9.13,10.12,12.32,0.0,3.3,0.0,3.08,0.0,4.73,2.75,2.86,487.63,16.72
32.8177,92.95,76.34,93.61,98.01,77.77,9.13,10.12,12.32,0.0,0.0,0.0,3.08,0.0,4.73,0.0,2.86,470.25,10.67
32.8277,84.37,68.2,82.72,105.16,85.14,9.13,12.98,13.75,0.0,0.0,0.0,3.08,0.0,4.73,4.07,2.86,461.45,14.74
32.8377,77.44,61.6,74.91,112.42,91.08,11.77,15.84,15.18,0.0,0.0,0.0,0.0,0.0,2.31,4.07,2.86,460.24,9.24
32.8477,68.86,55.11,70.18,123.2,95.48,11.77,20.24,16.5,0.0,3.3,0.0,0.0,0.0,3.52,2.75,2.86,461.34,12.43
32.8577,61.93,46.97,62.48,130.9,104.28,17.05,28.93,17.93,0.0,3.3,0.0,0.0,0.0,3.52,2.75,2.86,470.47,12.43
32.8677,55.11,40.48,57.97,141.79,110.22,20.9,37.62,20.68,0.0,0.0,0.0,0.0,0.0,2.31,2.75,2.86,484.77,7.92
32.8777,49.94,35.64,52.47,149.49,118.69,31.46,44.88,20.68,0.0,3.3,0.0,0.0,0.0,2.31,2.75,2.86,503.25,11.22
32.8877,44.77,27.5,46.86,155.76,125.51,37.95,55.0,22.0,0.0,0.0,0.0,0.0,0.0,3.52,2.75,2.86,515.35,9.13
32.8977,39.6,24.31,40.04,163.46,132.33,51.15,62.37,26.18,0.0,0.0,0.0,0.0,0.0,3.52,0.0,0.0,539.44,3.52
32.9077,36.08,19.36,35.86,171.38,139.15,60.72,75.79,26.18,0.0,0.0,0.0,0.0,0.0,3.52,2.75,0.0,564.52,6.27
32.9177,32.67,16.17,30.36,177.87,147.73,73.48,86.13,28.93,0.0,0.0,0.0,0.0,0.0,2.31,2.75,2.86,593.34,7.92
32.9277,29.26,11.33,23.43,185.9,154.55,86.13,99.55,30.36,0.0,0.0,0.0,0.0,0.0,2.31,0.0,2.86,620.51,5.17
32.9377,25.74,8.03,17.93,192.39,161.37,100.32,111.54,31.68,0.0,0.0,0.0,0.0,0.0,2.31,2.75,0.0,649.0,5.06
32.9477,20.57,6.38,13.75,195.69,166.43,116.16,124.3,34.43,0.0,0.0,0.0,0.0,0.0,2.31,0.0,0.0,677.71,2.31
32.9577,17.16,6.38,12.43,202.18,171.6,130.02,137.17,37.18,0.0,0.0,0.0,0.0,0.0,3.52,0.0,0.0,714.12,3.52
32.9677,13.75,6.38,12.43,208.56,171.6,146.85,148.39,38.61,0.0,0.0,0.0,0.0,0.0,2.31,2.75,0.0,746.57,5.06
32.9777,10.23,6.38,9.57,213.51,176.88,162.14,159.72,39.93,0.0,0.0,0.0,0.0,0.0,2.31,2.75,0.0,778.36,5.06
32.9877,6.82,4.84,8.25,215.05,175.12,178.31,170.94,41.36,0.0,0.0,0.0,0.0,0.0,2.31,2.75,0.0,800.69,5.06
32.9977,3.41,4.84,6.82,218.35,169.84,191.62,181.28,42.68,0.0,0.0,0.0,0.0,0.0,2.31,2.75,0.0,818.84,5.06
33.0077,0.0,4.84,5.5,216.7,163.02,208.23,191.84,42.68,0.0,0.0,0.0,0.0,0.0,0.0,0.0,0.0,832.81,0.0
33.0177,0.0,3.19,4.07,208.56,152.79,224.84,198.77,44.11,2.42,0.0,0.0,0.0,0.0,2.31,0.0,0.0,836.33,4.73
33.0277,0.0,3.19,5.5,198.88,144.32,238.04,209.33,44.11,2.42,0.0,0.0,0.0,0.0,2.31,0.0,0.0,843.37,4.73
33.0377,0.0,3.19,4.07,182.71,132.33,247.94,216.37,45.54,3.63,0.0,0.0,0.0,0.0,2.31,0.0,0.0,832.15,5.94
33.0477,0.0,0.0,4.07,161.92,120.45,257.95,221.65,45.54,3.63,0.0,0.0,0.0,0.0,0.0,0.0,0.0,811.58,3.63
33.0577,0.0,3.19,2.75,140.25,110.22,266.2,226.71,46.86,6.16,0.0,0.0,0.0,0.0,0.0,0.0,0.0,796.18,6.16
33.0677,0.0,0.0,2.75,118.58,98.34,272.8,230.12,49.61,11.0,0.0,0.0,0.0,0.0,0.0,0.0,0.0,772.2,11.0
33.0777,0.0,3.19,4.07,98.01,85.14,279.51,231.88,51.04,25.85,0.0,0.0,0.0,0.0,0.0,0.0,0.0,752.84,25.85
33.0877,0.0,0.0,2.75,75.13,71.94,279.51,226.71,53.79,50.49,3.3,2.86,0.0,0.0,0.0,0.0,0.0,709.83,56.65
33.0977,0.0,3.19,2.75,55.55,51.48,283.03,221.65,57.97,82.06,4.95,2.86,3.08,0.0,0.0,0.0,0.0,675.62,92.95
33.1077,0.0,3.19,4.07,33.11,34.76,279.51,204.05,63.91,127.16,33.0,7.15,3.08,0.0,2.31,0.0,0.0,622.6,172.7
33.1177,0.0,4.84,2.75,20.02,27.83,249.59,158.07,74.36,131.34,116.71,21.45,6.27,4.95,2.31,0.0,0.0,537.46,283.03
33.1277,0.0,4.84,2.75,17.71,25.08,186.67,102.63,92.18,122.87,138.16,71.06,11.11,8.25,4.73,2.75,0.0,431.86,358.93
33.1377,0.0,4.84,2.75,15.29,22.22,132.99,56.43,130.13,125.73,149.6,91.3,20.68,9.9,4.73,4.07,5.83,364.65,411.84
33.1477,0.0,4.84,2.75,12.98,16.72,73.48,31.79,157.96,125.73,156.2,100.65,39.82,11.55,7.04,5.5,5.83,300.52,452.32
33.1577,0.0,4.84,2.75,9.46,15.29,31.46,26.07,125.51,115.83,151.25,105.27,55.77,21.45,7.04,9.57,10.23,215.38,476.41
33.1677,0.0,4.84,0.0,4.73,11.11,23.54,21.67,74.36,110.22,151.25,108.35,70.62,34.76,9.46,8.25,11.66,140.25,504.57
33.1777,0.0,0.0,2.75,3.52,6.93,15.73,15.84,48.29,107.47,154.55,113.08,79.53,44.66,9.46,11.0,13.2,93.06,532.95
33.1877,0.0,0.0,0.0,3.52,6.93,11.77,12.98,33.11,104.83,152.9,114.51,88.55,54.56,9.46,13.75,13.2,68.31,551.76
33.1977,0.0,3.19,0.0,3.52,4.18,9.13,10.12,22.0,100.76,152.9,116.05,94.49,61.05,10.67,12.32,14.63,52.14,562.87
33.2077,0.0,3.19,0.0,3.52,4.18,7.81,7.15,5.5,96.8,152.9,114.51,101.97,65.67,12.98,13.75,16.06,31.35,574.64
33.2177,0.0,0.0,0.0,3.52,2.75,6.49,4.29,0.0,92.73,149.6,111.43,107.91,71.83,12.98,13.75,16.06,17.05,576.29
33.2277,0.0,0.0,0.0,2.31,0.0,5.17,5.72,2.75,88.77,147.95,108.35,109.34,74.91,14.19,12.32,16.06,15.95,571.89
33.2377,0.0,0.0,0.0,3.52,2.75,5.17,4.29,2.75,83.38,139.7,99.0,117.15,79.64,14.19,15.18,14.63,18.48,562.87
33.2477,0.0,0.0,0.0,2.31,2.75,3.85,4.29,0.0,77.99,136.51,92.84,121.88,79.64,12.98,15.18,14.63,13.2,551.65
33.2577,0.0,0.0,0.0,2.31,0.0,3.85,4.29,2.75,72.6,126.61,85.03,124.96,84.26,12.98,16.5,19.03,13.2,541.97
33.2677,0.0,0.0,0.0,2.31,0.0,3.85,2.86,0.0,66.0,118.36,75.79,131.34,85.8,14.19,13.75,17.6,9.02,522.83
33.2777,0.0,0.0,0.0,2.31,2.75,2.53,0.0,2.75,60.61,108.68,67.98,136.07,87.34,15.4,15.18,16.06,10.34,507.32
33.2877,0.0,0.0,0.0,2.31,2.75,0.0,0.0,2.75,54.23,99.44,60.28,142.34,88.88,16.61,15.18,20.46,7.81,497.42
33.2977,0.0,0.0,0.0,0.0,0.0,0.0,0.0,2.75,48.07,90.2,54.34,147.07,91.96,15.4,17.93,17.6,2.75,482.57
33.3077,0.0,0.0,0.0,2.31,0.0,0.0,0.0,0.0,41.91,77.88,48.62,153.45,96.69,17.71,16.5,22.0,2.31,474.76
33.3177,0.0,0.0,0.0,2.31,0.0,0.0,0.0,0.0,36.96,68.64,42.9,158.18,99.77,17.71,19.25,22.0,2.31,465.41
33.3277,0.0,0.0,0.0,0.0,0.0,2.53,0.0,0.0,33.22,59.4,37.18,167.75,104.39,17.71,19.25,23.43,2.53,462.33
33.3377,0.0,0.0,0.0,0.0,0.0,0.0,0.0,0.0,28.27,51.15,35.75,174.68,109.01,18.92,22.0,24.86,0.0,464.64
33.3477,0.0,0.0,0.0,0.0,0.0,2.53,0.0,0.0,24.64,41.25,28.6,188.54,116.82,20.13,23.43,24.86,2.53,468.27
33.3577,0.0,0.0,0.0,0.0,0.0,2.53,0.0,0.0,20.9,33.0,25.74,198.88,124.96,21.34,23.43,27.83,2.53,476.08
33.3677,0.0,0.0,0.0,0.0,0.0,0.0,0.0,0.0,17.16,26.4,22.88,214.39,129.8,24.86,31.68,29.26,0.0,496.43
33.3777,0.0,0.0,0.0,0.0,0.0,0.0,0.0,0.0,14.74,19.8,17.16,224.84,136.29,32.01,37.18,30.8,0.0,512.82
33.3877,0.0,0.0,0.0,0.0,0.0,0.0,0.0,0.0,12.32,14.85,12.87,233.53,149.27,41.47,44.11,33.66,0.0,542.08
33.3977,0.0,0.0,0.0,0.0,0.0,0.0,0.0,0.0,9.79,9.9,8.58,242.33,154.11,54.56,55.11,36.63,0.0,571.01
33.4077,0.0,0.0,0.0,0.0,0.0,0.0,0.0,0.0,8.58,11.55,8.58,251.02,163.9,70.84,62.37,35.2,0.0,612.04
33.4177,0.0,0.0,2.75,0.0,0.0,2.53,0.0,0.0,7.37,9.9,7.15,256.3,168.74,85.91,78.76,36.63,5.28,650.76
33.4277,0.0,0.0,2.75,0.0,0.0,2.53,0.0,2.75,3.63,6.6,4.29,263.34,177.54,102.52,86.24,42.46,8.03,686.62
33.4377,0.0,0.0,0.0,0.0,0.0,0.0,0.0,2.75,2.42,8.25,4.29,266.86,182.93,114.73,99.66,42.46,2.75,721.6
33.4477,0.0,0.0,0.0,0.0,0.0,0.0,0.0,0.0,0.0,4.95,4.29,272.14,184.8,133.87,111.65,45.43,0.0,757.13
33.4577,0.0,0.0,0.0,0.0,0.0,0.0,0.0,0.0,0.0,6.6,0.0,272.14,188.32,149.6,120.89,46.86,0.0,784.41
33.4677,0.0,0.0,2.75,0.0,0.0,0.0,0.0,0.0,0.0,4.95,2.86,270.38,188.32,165.33,127.05,48.4,2.75,807.29
33.4777,3.41,0.0,2.75,0.0,0.0,0.0,0.0,0.0,0.0,4.95,2.86,268.62,182.93,179.19,136.18,46.86,6.16,821.59
33.4877,8.58,0.0,0.0,0.0,0.0,0.0,0.0,2.75,0.0,3.3,2.86,261.58,173.91,191.29,142.34,46.86,11.33,822.14
33.4977,11.99,0.0,0.0,0.0,0.0,0.0,0.0,0.0,0.0,4.95,2.86,249.37,165.44,203.5,146.96,45.43,11.99,818.51
33.5077,13.75,0.0,0.0,0.0,0.0,0.0,0.0,0.0,0.0,4.95,2.86,233.53,160.6,213.95,148.39,46.86,13.75,811.14
33.5177,17.16,0.0,0.0,0.0,0.0,0.0,0.0,0.0,0.0,4.95,2.86,217.91,150.92,222.64,151.47,44.0,17.16,794.75
33.5277,24.09,0.0,0.0,0.0,0.0,0.0,0.0,0.0,0.0,3.3,2.86,200.64,144.43,229.9,156.09,44.0,24.09,781.22
33.5377,34.43,0.0,0.0,0.0,0.0,0.0,0.0,0.0,0.0,4.95,0.0,179.85,136.29,237.16,157.63,42.46,34.43,758.34
33.5477,53.35,0.0,0.0,0.0,0.0,0.0,0.0,0.0,0.0,3.3,0.0,158.18,129.8,242.66,154.55,41.03,53.35,729.52
33.5577,74.03,0.0,0.0,2.31,0.0,0.0,0.0,0.0,0.0,3.3,2.86,140.8,121.66,246.4,156.09,41.03,76.34,712.14
33.5677,103.29,0.0,0.0,2.31,2.75,2.53,0.0,0.0,0.0,0.0,2.86,121.88,110.55,250.03,154.55,39.6,110.88,679.47
33.5776,146.85,0.0,6.82,3.52,4.18,2.53,0.0,0.0,0.0,3.3,2.86,100.43,95.04,251.79,149.93,39.6,163.9,642.95
33.5876,159.06,71.39,60.94,5.83,9.68,2.53,4.29,4.07,0.0,4.95,0.0,78.1,70.29,255.53,139.26,38.06,317.79,586.19
33.5976,150.37,92.73,113.85,10.56,11.11,5.17,4.29,5.5,0.0,3.3,0.0,47.74,43.01,259.16,119.35,32.23,393.58,504.79
33.6076,146.85,99.22,131.89,20.02,27.83,6.49,7.15,8.25,0.0,4.95,0.0,31.79,38.06,213.95,77.33,36.63,447.7,402.71
33.6176,139.92,99.22,140.03,34.21,48.73,7.81,7.15,9.57,0.0,3.3,2.86,28.6,33.11,149.6,33.11,52.8,486.64,303.38
33.6276,132.88,100.87,140.03,47.3,63.03,7.81,7.15,11.0,0.0,4.95,0.0,23.87,28.05,87.34,23.43,80.19,510.07,247.83
33.6376,132.88,105.82,144.98,56.76,73.37,7.81,10.12,12.32,0.0,4.95,0.0,20.68,23.1,36.74,22.0,71.06,544.06,178.53
33.6476,132.88,109.12,148.28,63.69,79.31,9.13,10.12,12.32,0.0,4.95,0.0,14.3,18.15,28.38,17.93,48.4,564.85,132.11
33.6576,134.64,112.42,149.93,66.55,82.17,7.81,10.12,12.32,0.0,4.95,0.0,9.46,13.2,17.71,13.75,30.8,575.96,89.87
33.6676,136.4,114.07,149.93,69.41,85.14,7.81,12.98,13.75,0.0,4.95,0.0,4.73,8.25,11.77,11.0,22.0,589.49,62.7
33.6776,134.64,115.72,151.47,72.27,89.54,9.13,14.41,13.75,0.0,3.3,0.0,6.27,6.6,9.46,8.25,13.2,600.93,47.08
33.6876,132.88,114.07,148.28,76.56,89.54,9.13,17.38,13.75,0.0,0.0,0.0,6.27,4.95,9.46,5.5,4.4,601.59,30.58
33.6976,129.36,112.42,144.98,77.99,92.51,9.13,18.81,13.75,0.0,3.3,0.0,4.73,4.95,8.25,5.5,4.4,598.95,31.13
33.7076,125.84,109.12,141.68,79.42,93.94,10.45,21.67,15.18,0.0,3.3,0.0,4.73,3.3,7.04,5.5,4.4,597.3,28.27
33.7176,118.91,104.17,136.73,82.28,95.48,10.45,21.67,15.18,0.0,0.0,0.0,4.73,4.95,7.04,4.07,4.4,584.87,25.19
33.7276,113.63,99.22,131.89,85.14,95.48,9.13,24.53,15.18,0.0,0.0,0.0,4.73,0.0,5.83,2.75,4.4,574.2,17.71
33.7376,106.7,92.73,123.64,89.43,96.91,10.45,26.07,16.5,0.0,0.0,0.0,4.73,3.3,5.83,4.07,2.86,562.43,20.79
33.7476,99.88,86.13,117.04,90.86,98.34,11.77,28.93,16.5,0.0,3.3,0.0,3.08,3.3,4.73,4.07,4.4,549.45,22.88
33.7576,92.95,79.64,106.04,98.01,101.31,11.77,30.36,16.5,0.0,3.3,0.0,3.08,0.0,4.73,4.07,0.0,536.58,15.18
33.7676,86.02,73.04,96.69,100.87,102.85,11.77,33.22,17.93,0.0,0.0,0.0,3.08,3.3,4.73,5.5,2.86,522.39,19.47
33.7776,77.44,64.9,90.42,106.59,104.28,14.41,36.19,17.93,0.0,0.0,0.0,4.73,0.0,4.73,4.07,2.86,512.16,16.39
33.7876,72.27,59.95,82.72,112.42,107.25,17.05,39.05,17.93,0.0,0.0,0.0,3.08,0.0,3.52,4.07,2.86,508.64,13.53
33.7976,65.34,55.11,74.91,117.04,111.87,19.58,44.88,19.25,0.0,0.0,0.0,0.0,0.0,4.73,4.07,2.86,507.98,11.66
33.8076,58.52,48.62,68.64,123.2,117.04,24.86,49.17,20.68,0.0,3.3,0.0,0.0,0.0,3.52,4.07,2.86,510.73,13.75
33.8176,53.35,42.13,60.94,129.36,120.45,30.14,55.0,22.0,0.0,0.0,0.0,3.08,0.0,3.52,2.75,0.0,513.37,9.35
33.8276,48.18,35.64,53.79,135.63,127.27,35.42,62.37,23.43,0.0,0.0,0.0,0.0,0.0,3.52,2.75,0.0,521.73,6.27
33.8376,41.25,30.69,49.72,141.79,132.33,43.23,69.74,24.75,0.0,0.0,0.0,0.0,0.0,3.52,4.07,2.86,533.5,10.45
33.8476,36.08,24.31,41.36,146.41,140.91,52.47,81.73,27.5,0.0,0.0,0.0,0.0,0.0,3.52,0.0,2.86,550.77,6.38
33.8576,32.67,17.82,35.86,151.14,147.73,62.15,92.18,27.5,0.0,0.0,0.0,0.0,0.0,3.52,0.0,0.0,567.05,3.52
33.8676,29.26,12.87,30.36,155.76,154.55,72.05,102.63,30.36,0.0,0.0,0.0,0.0,0.0,2.31,2.75,0.0,587.84,5.06
33.8776,25.74,8.03,24.86,160.38,161.37,83.38,114.62,31.68,0.0,0.0,0.0,0.0,0.0,0.0,2.75,2.86,610.06,5.61
33.8876,22.33,8.03,17.93,165.0,168.19,94.6,129.14,33.11,0.0,0.0,0.0,0.0,0.0,2.31,2.75,0.0,638.33,5.06
33.8976,17.16,6.38,16.5,168.19,175.12,104.5,138.71,34.43,0.0,0.0,0.0,0.0,0.0,0.0,2.75,2.86,660.99,5.61
33.9076,15.4,6.38,13.75,171.38,180.4,117.7,150.04,37.18,0.0,0.0,0.0,0.0,0.0,0.0,2.75,2.86,692.23,5.61
33.9176,13.75,4.84,12.43,176.22,183.81,134.53,164.45,38.61,0.0,0.0,0.0,0.0,0.0,2.31,2.75,0.0,728.64,5.06
33.9276,8.58,4.84,11.0,177.87,187.33,148.39,176.0,39.93,0.0,0.0,0.0,0.0,0.0,2.31,0.0,0.0,753.94,2.31
33.9376,5.06,4.84,8.25,179.52,187.33,162.14,188.32,42.68,0.0,0.0,0.0,0.0,0.0,0.0,2.75,2.86,778.14,5.61
33.9476,3.41,3.19,6.82,181.06,185.57,176.66,198.77,44.11,0.0,0.0,0.0,0.0,0.0,3.52,0.0,0.0,799.59,3.52
33.9576,0.0,0.0,4.07,177.87,178.64,191.62,211.09,45.54,2.42,0.0,0.0,0.0,0.0,0.0,0.0,0.0,808.83,2.42
33.9676,0.0,3.19,5.5,169.73,169.84,206.58,219.89,46.86,2.42,0.0,0.0,0.0,0.0,2.31,0.0,0.0,821.59,4.73
33.9776,0.0,0.0,2.75,158.84,161.37,219.78,228.47,46.86,3.63,0.0,0.0,0.0,0.0,0.0,2.75,2.86,818.07,9.24
33.9876,0.0,3.19,4.07,144.87,151.14,231.44,238.7,48.29,3.63,0.0,0.0,0.0,0.0,2.31,0.0,0.0,821.7,5.94
33.9976,0.0,0.0,2.75,124.74,137.5,238.04,243.76,48.29,4.84,0.0,0.0,0.0,0.0,2.31,0.0,0.0,795.08,7.15
34.0076,0.0,0.0,2.75,108.02,127.27,246.29,248.93,48.29,7.37,0.0,0.0,0.0,0.0,0.0,0.0,0.0,781.55,7.37
34.0176,0.0,3.19,4.07,89.43,115.28,251.35,253.99,49.61,13.53,0.0,0.0,0.0,0.0,2.31,0.0,0.0,766.92,15.84
34.0276,0.0,3.19,4.07,73.7,102.85,256.3,253.99,52.36,28.27,0.0,0.0,0.0,0.0,2.31,0.0,0.0,746.46,30.58
34.0376,0.0,3.19,2.75,56.76,86.57,259.6,250.58,53.79,48.07,0.0,0.0,0.0,0.0,0.0,0.0,0.0,713.24,48.07
34.0476,0.0,3.19,2.75,40.15,71.94,257.95,248.93,56.54,84.7,3.3,2.86,3.08,0.0,2.31,0.0,0.0,681.45,96.25
34.0576,0.0,4.84,0.0,23.65,51.48,253.0,236.94,60.94,129.91,6.6,0.0,3.08,0.0,0.0,0.0,0.0,630.85,139.59
34.0676,0.0,4.84,4.07,16.5,30.58,228.14,204.05,71.28,158.29,97.9,11.44,0.0,3.3,3.52,0.0,0.0,559.46,274.45
34.0776,0.0,4.84,2.75,15.29,27.83,173.36,140.36,87.78,163.9,152.9,69.52,6.27,4.95,2.31,0.0,0.0,452.21,399.85
34.0876,0.0,4.84,4.07,12.98,23.65,122.32,78.76,119.35,162.47,161.15,99.0,12.65,6.6,4.73,4.07,5.83,365.97,456.5
34.0976,0.0,4.84,2.75,10.56,18.04,67.76,34.76,164.12,163.9,171.05,103.73,28.6,9.9,7.04,8.25,7.26,302.83,499.73
34.1076,0.0,4.84,2.75,7.04,15.29,26.18,27.5,134.75,151.14,167.75,111.43,54.12,16.5,8.25,8.25,8.8,218.35,526.24
34.1176,0.0,4.84,2.75,5.83,11.11,22.22,23.1,77.33,142.67,167.75,113.08,73.59,28.05,9.46,11.0,13.2,147.18,558.8
34.1276,0.0,3.19,0.0,3.52,8.36,15.73,15.84,45.54,139.81,169.4,117.59,87.01,38.06,11.77,12.32,14.63,92.18,590.59
34.1376,0.0,3.19,2.75,3.52,5.5,10.45,12.98,30.36,135.63,167.75,119.13,95.92,47.96,11.77,12.32,14.63,68.75,605.11
34.1476,0.0,3.19,0.0,2.31,5.5,6.49,10.12,13.75,131.34,169.4,122.21,101.97,56.21,10.67,13.75,16.06,41.36,621.61
34.1576,0.0,3.19,0.0,2.31,4.18,6.49,7.15,0.0,127.16,169.4,120.67,107.91,59.51,12.98,13.75,14.63,23.32,626.01
34.1676,0.0,0.0,2.75,2.31,4.18,5.17,5.72,2.75,120.01,166.1,119.13,113.96,61.05,14.19,15.18,17.6,22.88,627.22
34.1776,0.0,0.0,0.0,0.0,2.75,3.85,5.72,2.75,112.97,162.8,113.08,115.5,67.21,15.4,13.75,17.6,15.07,618.31
34.1876,0.0,0.0,0.0,2.31,2.75,3.85,4.29,2.75,103.51,152.9,106.81,121.88,70.29,15.4,12.32,16.06,15.95,599.17
34.1976,0.0,0.0,0.0,0.0,2.75,3.85,4.29,2.75,95.48,144.65,95.92,123.42,73.37,15.4,16.5,19.03,13.64,583.77
34.2076,0.0,0.0,0.0,2.31,0.0,3.85,4.29,2.75,88.77,138.16,91.3,126.61,76.45,14.19,16.5,16.06,13.2,568.04
34.2176,0.0,0.0,0.0,2.31,0.0,0.0,0.0,2.75,80.74,124.96,81.95,131.34,78.1,15.4,15.18,17.6,5.06,545.27
34.2276,0.0,0.0,0.0,0.0,2.75,3.85,2.86,0.0,75.35,115.06,75.79,129.69,79.64,15.4,16.5,19.03,9.46,526.46
34.2376,0.0,0.0,0.0,0.0,2.75,3.85,4.29,0.0,67.32,100.98,71.06,132.88,82.72,16.61,16.5,20.46,10.89,508.53
34.2476,0.0,0.0,0.0,0.0,0.0,2.53,0.0,0.0,60.61,90.2,64.9,137.61,88.88,14.19,16.5,19.03,2.53,491.92
34.2576,0.0,0.0,0.0,0.0,0.0,2.53,2.86,0.0,54.23,80.96,58.74,137.61,90.42,16.61,19.25,20.46,5.39,478.28
34.2676,0.0,0.0,0.0,0.0,2.75,2.53,2.86,0.0,46.86,70.18,54.34,143.99,98.23,16.61,17.93,22.0,8.14,470.14
34.2776,0.0,0.0,0.0,0.0,0.0,0.0,2.86,2.75,40.7,60.94,50.05,150.26,102.85,17.71,17.93,22.0,5.61,462.44
34.2876,0.0,0.0,0.0,0.0,0.0,0.0,0.0,0.0,35.75,56.1,45.76,154.99,109.01,17.71,20.68,23.43,0.0,463.43
34.2976,0.0,0.0,0.0,0.0,0.0,0.0,0.0,0.0,30.8,47.85,41.47,166.1,113.63,18.92,22.0,22.0,0.0,462.77
34.3076,0.0,0.0,0.0,0.0,0.0,2.53,0.0,0.0,27.06,39.6,35.75,172.92,123.31,20.13,20.68,26.4,2.53,465.85
34.3176,0.0,0.0,0.0,0.0,0.0,0.0,0.0,0.0,23.43,36.3,31.46,185.02,131.45,21.34,26.18,26.4,0.0,481.58
34.3276,0.0,0.0,0.0,0.0,0.0,0.0,0.0,0.0,19.69,29.7,27.17,197.12,141.13,24.86,31.68,29.26,0.0,500.61
34.3376,0.0,0.0,0.0,0.0,0.0,0.0,0.0,2.75,17.16,23.1,21.45,212.74,152.46,29.59,38.61,30.8,2.75,525.91
34.3476,0.0,0.0,0.0,0.0,0.0,0.0,0.0,2.75,14.74,18.15,15.73,224.84,157.41,41.47,48.29,33.66,2.75,554.29
34.3576,0.0,0.0,2.75,0.0,0.0,0.0,0.0,0.0,12.32,13.2,11.44,233.53,168.74,52.14,56.54,36.63,2.75,584.54
34.3676,0.0,0.0,0.0,0.0,0.0,0.0,0.0,2.75,11.0,11.55,8.58,242.33,175.78,67.76,63.91,38.06,2.75,618.97
34.3776,0.0,0.0,2.75,0.0,0.0,0.0,0.0,2.75,8.58,8.25,7.15,252.78,184.8,84.37,78.76,41.03,5.5,665.72
34.3876,0.0,0.0,2.75,0.0,0.0,0.0,0.0,0.0,6.16,9.9,5.72,261.58,190.19,99.44,89.21,42.46,2.75,704.66
34.3976,0.0,0.0,0.0,0.0,0.0,2.53,0.0,2.75,3.63,6.6,4.29,268.62,193.71,118.25,96.69,42.46,5.28,734.25
34.4076,0.0,0.0,0.0,0.0,0.0,0.0,0.0,0.0,2.42,8.25,2.86,273.9,195.58,135.63,110.22,46.86,0.0,775.72
34.4176,0.0,0.0,2.75,0.0,0.0,0.0,0.0,0.0,0.0,6.6,2.86,279.07,197.34,151.36,117.81,46.86,2.75,801.9
34.4276,0.0,3.19,0.0,0.0,0.0,0.0,0.0,0.0,2.42,6.6,2.86,279.07,195.58,168.74,125.51,48.4,3.19,829.18
34.4376,0.0,0.0,0.0,0.0,0.0,0.0,0.0,0.0,0.0,6.6,4.29,277.31,190.19,184.36,133.1,49.83,0.0,845.68
34.4476,5.06,0.0,0.0,0.0,0.0,0.0,0.0,0.0,0.0,4.95,2.86,270.38,181.17,198.22,137.72,45.43,5.06,840.73
34.4576,6.82,0.0,0.0,0.0,0.0,0.0,0.0,0.0,0.0,3.3,0.0,259.82,168.74,208.67,140.8,45.43,6.82,826.76
34.4676,10.23,0.0,0.0,0.0,0.0,0.0,0.0,0.0,0.0,4.95,0.0,242.33,160.6,219.12,146.96,45.43,10.23,819.39
34.4776,13.75,0.0,0.0,0.0,0.0,0.0,0.0,0.0,0.0,3.3,0.0,221.32,150.92,229.9,151.47,45.43,13.75,802.34
34.4876,20.57,0.0,0.0,0.0,0.0,0.0,0.0,0.0,0.0,4.95,0.0,195.47,142.78,244.53,154.55,45.43,20.57,787.71
34.4976,34.43,0.0,0.0,0.0,0.0,0.0,0.0,0.0,0.0,4.95,0.0,172.92,134.64,253.66,157.63,42.46,34.43,766.26
34.5076,55.11,0.0,0.0,0.0,0.0,0.0,0.0,0.0,0.0,0.0,2.86,148.72,129.8,259.16,157.63,44.0,55.11,742.17
34.5176,77.44,0.0,0.0,0.0,2.75,0.0,0.0,0.0,0.0,4.95,2.86,129.69,120.12,266.42,157.63,42.46,80.19,724.13
34.5276,113.63,0.0,0.0,2.31,2.75,0.0,0.0,0.0,0.0,4.95,2.86,109.34,107.47,268.29,154.55,42.46,118.69,689.92
34.5376,152.13,29.15,11.0,2.31,5.5,2.53,2.86,0.0,0.0,0.0,2.86,91.52,90.42,270.16,151.47,41.03,205.48,647.46
34.5476,150.37,74.69,70.18,5.83,11.11,2.53,2.86,4.07,0.0,0.0,0.0,70.62,67.21,273.79,139.26,39.6,321.64,590.48
34.5576,145.09,87.78,107.58,17.71,22.22,3.85,5.72,8.25,0.0,4.95,2.86,41.36,43.01,268.29,119.35,36.63,398.2,516.45
34.5676,145.09,96.03,118.69,28.38,38.94,6.49,5.72,9.57,0.0,3.3,0.0,31.79,36.41,228.03,69.85,32.23,448.91,401.61
34.5776,138.16,94.38,126.94,40.15,55.77,7.81,8.69,9.57,0.0,3.3,0.0,28.6,34.76,166.98,38.61,51.26,481.47,323.51
34.5876,136.4,99.22,126.94,50.82,64.57,6.49,10.12,11.0,0.0,4.95,2.86,23.87,28.05,110.0,24.75,78.65,505.56,273.13
34.5976,136.4,104.17,128.59,59.4,74.8,7.81,10.12,11.0,0.0,0.0,0.0,22.22,24.75,46.2,22.0,80.19,532.29,195.36
34.6076,134.64,105.82,128.59,66.55,80.74,7.81,11.55,12.32,0.0,4.95,0.0,17.49,19.8,29.59,19.25,58.74,548.02,149.82
34.6176,132.88,105.82,126.94,70.84,83.71,7.81,11.55,12.32,0.0,3.3,0.0,14.3,14.85,17.71,16.5,38.06,551.87,104.72
34.6276,132.88,109.12,126.94,76.56,89.54,7.81,14.41,13.75,0.0,0.0,0.0,9.46,9.9,12.98,12.32,29.26,571.01,73.92
34.6376,129.36,109.12,123.64,79.42,92.51,7.81,15.84,15.18,0.0,3.3,0.0,4.73,8.25,10.67,11.0,14.63,572.88,52.58
34.6476,125.84,105.82,123.64,82.28,93.94,10.45,20.24,15.18,0.0,0.0,0.0,6.27,4.95,9.46,6.82,8.8,577.39,36.3
34.6576,122.43,100.87,120.34,88.0,98.34,10.45,24.53,15.18,0.0,0.0,0.0,6.27,3.3,8.25,5.5,0.0,580.14,23.32
34.6676,117.15,99.22,115.39,90.86,101.31,10.45,28.93,16.5,0.0,0.0,0.0,4.73,3.3,8.25,5.5,4.4,579.81,26.18
34.6776,111.87,94.38,110.66,95.15,102.85,11.77,33.22,16.5,0.0,0.0,0.0,4.73,3.3,8.25,2.75,2.86,576.4,21.89
34.6876,105.05,87.78,106.04,99.44,105.71,11.77,34.76,16.5,0.0,0.0,0.0,4.73,0.0,7.04,4.07,4.4,567.05,20.24
34.6976,98.12,81.29,98.23,103.73,108.68,13.09,40.48,17.93,0.0,0.0,0.0,4.73,3.3,5.83,2.75,2.86,561.55,19.47
34.7076,91.19,76.34,90.42,108.02,111.87,14.41,44.88,17.93,0.0,0.0,0.0,4.73,3.3,5.83,4.07,2.86,555.06,20.79
34.7176,82.61,68.2,82.72,113.96,117.04,18.26,49.17,19.25,0.0,0.0,0.0,4.73,3.3,7.04,2.75,2.86,551.21,20.68
34.7276,75.68,61.6,71.83,121.66,120.45,22.22,53.57,20.68,0.0,0.0,0.0,4.73,0.0,4.73,2.75,0.0,547.69,12.21
34.7376,67.1,55.11,65.56,127.82,125.51,26.18,60.83,22.0,0.0,0.0,0.0,3.08,3.3,4.73,4.07,4.4,550.11,19.58
34.7476,60.17,48.62,59.4,130.9,128.92,35.42,66.77,24.75,0.0,0.0,0.0,0.0,0.0,5.83,0.0,0.0,554.95,5.83
34.7576,53.35,42.13,51.04,137.17,134.09,40.59,74.25,24.75,0.0,0.0,0.0,0.0,0.0,3.52,4.07,4.4,557.37,11.99
34.7676,48.18,35.64,46.86,141.79,140.91,48.51,83.16,24.75,0.0,0.0,0.0,3.08,0.0,4.73,2.75,2.86,569.8,13.42
34.7776,43.01,30.69,40.04,146.41,145.97,55.11,90.64,26.18,0.0,0.0,0.0,0.0,0.0,2.31,2.75,2.86,578.05,7.92
34.7876,37.84,25.85,34.43,154.22,151.14,64.9,99.55,27.5,0.0,0.0,0.0,3.08,0.0,2.31,0.0,0.0,595.43,5.39
34.7976,32.67,21.01,28.93,157.3,154.55,74.8,108.57,31.68,0.0,0.0,0.0,0.0,0.0,3.52,4.07,2.86,609.51,10.45
34.8076,29.26,12.87,22.0,163.46,159.61,83.38,117.81,30.36,0.0,0.0,0.0,0.0,0.0,3.52,2.75,2.86,618.75,9.13
34.8176,25.74,9.68,19.25,165.0,166.43,91.85,125.84,33.11,0.0,0.0,0.0,0.0,0.0,4.73,0.0,2.86,636.9,7.59
34.8276,22.33,8.03,13.75,169.73,171.6,103.07,135.52,34.43,0.0,0.0,0.0,0.0,0.0,4.73,0.0,2.86,658.46,7.59
34.8376,18.92,6.38,13.75,171.38,176.88,113.08,143.55,34.43,0.0,0.0,0.0,0.0,0.0,2.31,2.75,0.0,678.37,5.06
34.8476,15.4,6.38,12.43,174.57,180.4,125.4,156.42,35.86,0.0,0.0,0.0,0.0,0.0,3.52,2.75,0.0,706.86,6.27
34.8576,11.99,4.84,12.43,177.87,182.05,137.61,167.75,38.61,0.0,0.0,0.0,0.0,0.0,3.52,2.75,0.0,733.15,6.27
34.8676,8.58,6.38,9.57,179.52,183.81,151.36,177.76,39.93,0.0,3.3,0.0,0.0,0.0,3.52,0.0,0.0,756.91,6.82
34.8776,6.82,4.84,8.25,181.06,183.81,162.14,186.56,39.93,0.0,3.3,0.0,0.0,0.0,2.31,0.0,0.0,773.41,5.61
34.8876,3.41,3.19,6.82,179.52,180.4,173.36,198.77,41.36,0.0,0.0,0.0,0.0,0.0,2.31,0.0,0.0,786.83,2.31
34.8976,0.0,3.19,4.07,176.22,171.6,188.32,205.81,42.68,0.0,0.0,0.0,0.0,0.0,2.31,2.75,0.0,791.89,5.06
34.9076,0.0,3.19,4.07,165.0,164.78,198.22,214.61,42.68,0.0,0.0,0.0,0.0,0.0,2.31,0.0,0.0,792.55,2.31
34.9176,0.0,3.19,4.07,157.3,156.2,209.88,225.06,42.68,0.0,0.0,0.0,0.0,0.0,0.0,2.75,0.0,798.38,2.75
34.9276,0.0,3.19,4.07,144.87,147.73,221.43,228.47,42.68,2.42,0.0,0.0,0.0,0.0,2.31,0.0,0.0,792.44,4.73
34.9376,0.0,0.0,4.07,132.55,137.5,231.44,236.94,44.11,3.63,0.0,0.0,0.0,0.0,2.31,0.0,0.0,786.61,5.94
34.9476,0.0,0.0,4.07,118.58,123.86,239.69,240.35,42.68,3.63,0.0,0.0,0.0,0.0,2.31,0.0,0.0,769.23,5.94
34.9576,0.0,3.19,4.07,103.73,115.28,244.64,243.76,41.36,4.84,0.0,0.0,0.0,0.0,2.31,0.0,0.0,756.03,7.15
34.9676,0.0,3.19,2.75,90.86,104.28,251.35,247.17,42.68,7.37,0.0,0.0,0.0,0.0,3.52,0.0,0.0,742.28,10.89
34.9776,0.0,3.19,2.75,77.99,93.94,256.3,247.17,42.68,13.53,0.0,0.0,0.0,0.0,2.31,0.0,0.0,724.02,15.84
34.9876,0.0,0.0,2.75,63.69,79.31,261.25,247.17,39.93,25.85,0.0,0.0,0.0,0.0,0.0,0.0,0.0,694.1,25.85
34.9976,0.0,3.19,4.07,49.61,64.57,262.9,242.11,39.93,46.86,0.0,0.0,0.0,0.0,2.31,0.0,0.0,666.38,49.17
35.0075,0.0,0.0,4.07,34.21,47.3,264.55,235.29,38.61,77.99,0.0,2.86,3.08,0.0,3.52,0.0,0.0,624.03,87.45
35.0175,0.0,3.19,2.75,18.92,29.26,254.65,212.85,41.36,125.73,8.25,0.0,4.73,3.3,2.31,0.0,0.0,562.98,144.32
35.0275,0.0,3.19,2.75,15.29,25.08,213.18,154.88,53.79,139.81,136.51,38.61,6.27,3.3,3.52,0.0,2.86,468.16,330.88
35.0375,0.0,4.84,0.0,14.19,23.65,159.06,99.55,78.76,135.63,167.75,111.43,11.11,6.6,4.73,5.5,2.86,380.05,445.61
35.0475,0.0,3.19,2.75,12.98,20.9,111.65,47.74,127.05,138.49,179.52,129.91,27.06,13.2,7.04,6.82,5.83,326.26,507.87
35.0575,0.0,4.84,2.75,9.46,16.72,45.87,28.93,144.1,127.16,177.87,131.45,49.39,16.5,9.46,9.57,10.23,252.67,531.63
35.0675,0.0,3.19,0.0,5.83,12.54,22.22,21.67,96.69,110.22,169.4,126.83,73.59,34.76,9.46,12.32,11.66,162.14,548.24
35.0775,0.0,3.19,2.75,5.83,8.36,17.05,18.81,55.11,103.51,169.4,122.21,89.98,46.31,11.77,13.75,14.63,111.1,571.56
35.0875,0.0,0.0,2.75,3.52,6.93,11.77,14.41,33.11,102.08,172.81,123.75,101.97,52.91,14.19,12.32,16.06,72.49,596.09
35.0975,0.0,3.19,2.75,3.52,4.18,7.81,10.12,17.93,98.12,172.81,123.75,107.91,57.97,12.98,15.18,16.06,49.5,604.78
35.1075,0.0,3.19,0.0,3.52,5.5,6.49,5.72,4.07,94.05,171.05,122.21,115.5,62.59,15.4,12.32,16.06,28.49,609.18
35.1175,0.0,0.0,0.0,0.0,4.18,6.49,7.15,0.0,87.34,164.45,113.08,120.23,67.21,16.61,13.75,17.6,17.82,600.27
35.1275,0.0,0.0,0.0,0.0,2.75,6.49,5.72,0.0,80.74,159.5,108.35,129.69,71.83,14.19,15.18,17.6,14.96,597.08
35.1375,0.0,0.0,0.0,2.31,4.18,5.17,5.72,2.75,75.35,152.9,100.65,136.07,76.45,16.61,15.18,20.46,20.13,593.67
35.1475,0.0,0.0,0.0,0.0,2.75,5.17,2.86,2.75,68.64,143.0,91.3,142.34,81.18,15.4,17.93,20.46,13.53,580.25
35.1575,0.0,0.0,0.0,0.0,2.75,2.53,2.86,0.0,60.61,129.91,83.49,145.53,84.26,16.61,16.5,20.46,8.14,557.37
35.1675,0.0,0.0,0.0,2.31,0.0,3.85,4.29,2.75,54.23,118.36,72.71,153.45,87.34,17.71,19.25,20.46,13.2,543.51
35.1775,0.0,0.0,0.0,2.31,2.75,3.85,4.29,2.75,49.28,108.68,63.36,158.18,91.96,17.71,19.25,19.03,15.95,527.45
35.1875,0.0,0.0,0.0,0.0,0.0,3.85,2.86,2.75,43.12,97.9,57.2,164.45,93.5,17.71,19.25,22.0,9.46,515.13
35.1975,0.0,0.0,0.0,0.0,0.0,3.85,2.86,0.0,38.17,85.58,50.05,167.75,96.69,18.92,20.68,23.43,6.71,501.27
35.2075,0.0,0.0,0.0,0.0,0.0,0.0,2.86,0.0,33.22,73.26,45.76,176.44,102.85,18.92,22.0,23.43,2.86,495.88
35.2175,0.0,0.0,0.0,0.0,0.0,2.53,2.86,0.0,29.59,64.02,40.04,181.61,107.47,20.13,22.0,23.43,5.39,488.29
35.2275,0.0,0.0,0.0,0.0,0.0,0.0,0.0,0.0,25.85,54.45,35.75,188.54,113.63,18.92,22.0,24.86,0.0,484.0
35.2375,0.0,0.0,0.0,0.0,0.0,2.53,0.0,0.0,22.11,47.85,32.89,193.71,116.82,21.34,22.0,26.4,2.53,483.12
35.2475,0.0,0.0,0.0,0.0,0.0,2.53,2.86,0.0,18.48,39.6,27.17,202.29,123.31,23.65,23.43,27.83,5.39,485.76
35.2575,0.0,0.0,0.0,0.0,0.0,0.0,0.0,0.0,15.95,33.0,25.74,212.74,129.8,23.65,27.5,29.26,0.0,497.64
35.2675,0.0,0.0,0.0,0.0,0.0,0.0,0.0,0.0,13.53,26.4,21.45,221.32,134.64,26.07,30.36,29.26,0.0,503.03
35.2775,0.0,0.0,0.0,0.0,0.0,2.53,0.0,0.0,12.32,21.45,17.16,231.77,142.78,30.8,35.86,33.66,2.53,525.8
35.2875,0.0,0.0,0.0,0.0,0.0,0.0,0.0,0.0,11.0,16.5,14.3,237.05,154.11,37.95,42.68,30.8,0.0,544.39
35.2975,0.0,0.0,0.0,0.0,0.0,0.0,0.0,2.75,9.79,14.85,10.01,242.33,162.25,46.2,51.04,32.23,2.75,568.7
35.3075,0.0,0.0,0.0,0.0,0.0,0.0,0.0,2.75,7.37,9.9,8.58,249.37,168.74,58.74,57.97,36.63,2.75,597.3
35.3175,0.0,0.0,0.0,0.0,0.0,2.53,0.0,4.07,7.37,9.9,7.15,254.54,177.54,70.84,69.85,39.6,6.6,636.79
35.3275,0.0,0.0,0.0,0.0,0.0,0.0,0.0,2.75,4.84,8.25,7.15,259.82,186.56,87.34,81.84,41.03,2.75,676.83
35.3375,0.0,0.0,2.75,0.0,0.0,0.0,0.0,2.75,2.42,6.6,4.29,261.58,193.71,102.52,89.21,41.03,5.5,701.36
35.3475,0.0,0.0,0.0,0.0,0.0,0.0,0.0,2.75,2.42,8.25,2.86,265.1,200.97,114.73,102.74,44.0,2.75,741.07
35.3575,0.0,0.0,0.0,0.0,0.0,0.0,0.0,0.0,0.0,6.6,4.29,265.1,204.6,132.22,111.65,45.43,0.0,769.89
35.3675,0.0,0.0,0.0,0.0,0.0,0.0,0.0,2.75,0.0,4.95,2.86,265.1,206.36,147.84,117.81,46.86,2.75,791.78
35.3775,0.0,0.0,2.75,0.0,0.0,0.0,0.0,2.75,0.0,6.6,4.29,261.58,202.73,161.81,128.59,48.4,5.5,814.0
35.3875,5.06,0.0,0.0,0.0,0.0,0.0,0.0,2.75,0.0,3.3,0.0,261.58,202.73,175.67,136.18,48.4,7.81,827.86
35.3975,11.99,0.0,0.0,0.0,0.0,0.0,0.0,0.0,0.0,4.95,2.86,251.02,191.95,187.88,137.72,46.86,11.99,823.24
35.4075,13.75,0.0,0.0,0.0,0.0,0.0,0.0,2.75,0.0,4.95,0.0,238.81,182.93,198.22,145.42,45.43,16.5,815.76
35.4175,15.4,0.0,0.0,0.0,0.0,0.0,0.0,0.0,0.0,4.95,0.0,219.56,173.91,208.67,151.47,44.0,15.4,802.56
35.4275,20.57,0.0,0.0,0.0,0.0,0.0,0.0,0.0,0.0,4.95,2.86,204.05,165.44,217.36,156.09,45.43,20.57,796.18
35.4375,27.5,0.0,0.0,0.0,0.0,0.0,0.0,0.0,0.0,4.95,2.86,181.61,158.95,224.4,159.17,41.03,27.5,772.97
35.4475,37.84,0.0,0.0,0.0,0.0,0.0,0.0,0.0,0.0,4.95,0.0,159.72,154.11,233.53,159.17,41.03,37.84,752.51
35.4575,56.76,0.0,0.0,0.0,0.0,0.0,0.0,0.0,0.0,4.95,0.0,139.15,147.62,239.03,162.25,42.46,56.76,735.46
35.4675,75.68,0.0,0.0,2.31,2.75,0.0,0.0,0.0,0.0,4.95,0.0,123.42,139.59,242.66,162.25,41.03,80.74,713.9
35.4775,103.29,0.0,0.0,2.31,2.75,0.0,0.0,0.0,0.0,4.95,0.0,107.91,126.61,244.53,162.25,39.6,108.35,685.85
35.4875,146.85,16.17,9.57,3.52,4.18,2.53,0.0,0.0,0.0,4.95,2.86,88.55,109.01,248.16,156.09,38.06,182.82,647.68
35.4975,152.13,66.55,64.02,5.83,11.11,3.85,4.29,4.07,0.0,0.0,0.0,69.08,84.26,248.16,148.39,38.06,311.85,587.95
35.5075,145.09,81.29,98.23,16.5,23.65,6.49,5.72,8.25,0.0,4.95,0.0,43.01,52.91,250.03,131.56,35.2,385.22,517.66
35.5175,145.09,86.13,110.66,29.48,38.94,7.81,8.69,8.25,0.0,3.3,2.86,33.44,41.36,210.43,80.3,35.2,435.05,406.89
35.5275,139.92,89.43,113.85,40.15,57.2,7.81,8.69,8.25,0.0,3.3,2.86,30.25,34.76,153.12,39.93,52.8,465.3,317.02
35.5375,138.16,96.03,113.85,52.03,63.03,6.49,10.12,11.0,0.0,0.0,0.0,25.41,33.11,93.39,26.18,83.27,490.71,261.36
35.5475,139.92,100.87,120.34,60.83,70.4,9.13,10.12,9.57,0.0,3.3,0.0,22.22,24.75,39.05,22.0,81.73,521.18,193.05
35.5575,143.33,105.82,125.29,67.98,77.77,9.13,11.55,12.32,0.0,0.0,0.0,17.49,21.45,27.28,20.68,55.77,553.19,142.67
35.5675,143.33,109.12,130.24,72.27,80.74,9.13,11.55,12.32,0.0,3.3,0.0,12.65,13.2,17.71,16.5,36.63,568.7,99.99
35.5775,143.33,110.77,133.43,75.13,83.71,9.13,11.55,12.32,0.0,4.95,0.0,7.92,9.9,11.77,11.0,27.83,579.37,73.37
35.5875,143.33,114.07,133.43,79.42,88.11,10.45,10.12,12.32,0.0,0.0,0.0,6.27,6.6,9.46,11.0,17.6,591.25,50.93
35.5975,141.57,114.07,130.24,83.71,91.08,10.45,14.41,13.75,0.0,0.0,0.0,4.73,4.95,9.46,5.5,7.26,599.28,31.9
35.6075,138.16,110.77,130.24,88.0,93.94,10.45,14.41,13.75,0.0,0.0,0.0,6.27,3.3,9.46,6.82,2.86,599.72,28.71
35.6175,132.88,107.47,125.29,90.86,98.34,11.77,14.41,15.18,0.0,3.3,0.0,4.73,4.95,5.83,5.5,4.4,596.2,28.71
35.6275,125.84,100.87,121.99,95.15,99.88,10.45,17.38,13.75,0.0,0.0,0.0,6.27,0.0,5.83,5.5,4.4,585.31,22.0
35.6375,117.15,96.03,115.39,98.01,101.31,10.45,17.38,13.75,0.0,0.0,0.0,4.73,3.3,7.04,6.82,4.4,569.47,26.29
35.6475,111.87,91.08,107.58,99.44,104.28,11.77,21.67,15.18,0.0,3.3,0.0,4.73,3.3,5.83,5.5,4.4,562.87,27.06
35.6575,105.05,84.48,102.85,103.73,105.71,11.77,23.1,15.18,0.0,0.0,0.0,4.73,3.3,7.04,2.75,4.4,551.87,22.22
35.6675,96.36,77.99,93.61,108.02,107.25,13.09,24.53,16.5,0.0,3.3,0.0,3.08,3.3,4.73,4.07,4.4,537.35,22.88
35.6775,87.78,69.74,87.34,112.42,108.68,11.77,28.93,17.93,0.0,3.3,0.0,4.73,0.0,5.83,4.07,4.4,524.59,22.33
35.6875,80.85,63.25,79.53,117.04,111.87,15.73,30.36,17.93,0.0,0.0,0.0,3.08,0.0,4.73,4.07,2.86,516.56,14.74
35.6975,72.27,56.65,73.37,121.66,115.28,17.05,36.19,19.25,0.0,0.0,0.0,3.08,0.0,3.52,4.07,2.86,511.72,13.53
35.7075,67.1,51.81,67.1,126.28,120.45,20.9,40.48,19.25,0.0,3.3,0.0,0.0,3.3,4.73,4.07,2.86,513.37,18.26
35.7175,60.17,45.32,59.4,130.9,125.51,24.86,46.31,20.68,0.0,0.0,0.0,4.73,0.0,4.73,2.75,2.86,513.15,15.07
35.7275,51.59,37.18,56.54,137.17,128.92,30.14,50.6,23.43,0.0,0.0,0.0,3.08,0.0,4.73,0.0,2.86,515.57,10.67
35.7375,48.18,33.99,48.29,141.79,134.09,37.95,59.4,23.43,0.0,0.0,0.0,0.0,0.0,3.52,4.07,0.0,527.12,7.59
35.7475,43.01,27.5,44.11,149.49,140.91,44.55,68.31,24.75,0.0,0.0,0.0,0.0,0.0,2.31,4.07,2.86,542.63,9.24
35.7575,36.08,22.66,40.04,154.22,149.38,53.79,77.22,26.18,0.0,0.0,0.0,0.0,0.0,2.31,4.07,2.86,559.57,9.24
35.7675,32.67,16.17,33.11,155.76,156.2,64.9,89.21,27.5,0.0,0.0,0.0,3.08,0.0,3.52,2.75,2.86,575.52,12.21
35.7775,29.26,11.33,27.61,163.46,159.61,73.48,101.09,28.93,0.0,0.0,0.0,3.08,0.0,3.52,2.75,0.0,594.77,9.35
35.7875,27.5,8.03,23.43,168.19,168.19,86.13,110.0,31.68,0.0,0.0,0.0,0.0,0.0,2.31,2.75,0.0,623.15,5.06
35.7975,22.33,6.38,16.5,169.73,173.36,94.6,121.11,34.43,0.0,0.0,0.0,0.0,0.0,2.31,2.75,0.0,638.44,5.06
35.8075,18.92,6.38,15.18,174.57,180.4,104.5,130.68,35.86,0.0,0.0,0.0,0.0,0.0,3.52,0.0,2.86,666.49,6.38
35.8175,17.16,6.38,13.75,179.52,183.81,119.24,143.55,37.18,0.0,0.0,0.0,0.0,0.0,2.31,0.0,2.86,700.59,5.17
35.8275,13.75,6.38,11.0,182.71,187.33,130.02,153.23,37.18,0.0,0.0,0.0,0.0,0.0,2.31,2.75,2.86,721.6,7.92
35.8375,11.99,4.84,12.43,185.9,190.85,146.85,166.1,38.61,0.0,0.0,0.0,0.0,0.0,2.31,2.75,0.0,757.57,5.06
35.8475,6.82,4.84,8.25,187.55,190.85,160.6,177.76,38.61,0.0,0.0,0.0,0.0,0.0,3.52,0.0,0.0,775.28,3.52
35.8575,3.41,3.19,6.82,185.9,189.09,173.36,188.32,42.68,0.0,0.0,0.0,0.0,0.0,2.31,0.0,0.0,792.77,2.31
35.8675,0.0,3.19,5.5,187.55,187.33,188.32,197.12,42.68,0.0,0.0,0.0,0.0,0.0,3.52,0.0,2.86,811.69,6.38
35.8775,0.0,3.19,5.5,179.52,180.4,201.52,207.57,44.11,3.63,0.0,0.0,0.0,0.0,2.31,0.0,0.0,821.81,5.94
35.8875,0.0,0.0,4.07,168.19,169.84,214.83,218.13,45.54,2.42,3.3,0.0,0.0,0.0,2.31,2.75,0.0,820.6,10.78
35.8975,0.0,3.19,2.75,157.3,159.61,228.14,226.71,45.54,3.63,0.0,0.0,0.0,0.0,2.31,2.75,2.86,823.24,11.55
35.9075,0.0,3.19,4.07,144.87,147.73,238.04,233.53,46.86,4.84,3.3,0.0,0.0,0.0,2.31,0.0,0.0,818.29,10.45
35.9175,0.0,3.19,4.07,124.74,137.5,246.29,238.7,48.29,6.16,0.0,0.0,0.0,0.0,2.31,0.0,0.0,802.78,8.47
35.9275,0.0,3.19,2.75,106.59,123.86,254.65,243.76,48.29,12.32,0.0,0.0,0.0,0.0,3.52,0.0,0.0,783.09,15.84
35.9375,0.0,3.19,4.07,90.86,111.87,257.95,245.52,51.04,23.43,3.3,0.0,0.0,0.0,0.0,0.0,0.0,764.5,26.73
35.9475,0.0,3.19,2.75,72.27,98.34,262.9,247.17,51.04,36.96,0.0,0.0,0.0,0.0,2.31,0.0,0.0,737.66,39.27
35.9575,0.0,3.19,2.75,55.55,83.71,264.55,245.52,55.11,59.29,6.6,2.86,3.08,0.0,2.31,0.0,0.0,710.38,74.14
35.9675,0.0,3.19,4.07,36.63,64.57,261.25,238.7,57.97,95.48,51.15,8.58,0.0,3.3,4.73,0.0,0.0,666.38,163.24
35.9775,0.0,3.19,4.07,20.02,43.12,253.0,223.41,65.34,103.51,131.56,52.91,6.27,8.25,4.73,4.07,4.4,612.15,315.7
35.9875,0.0,4.84,2.75,16.5,27.83,211.53,177.76,75.79,96.8,143.0,95.92,15.84,11.55,5.83,5.5,5.83,517.0,380.27
35.9975,0.0,4.84,2.75,14.19,25.08,145.31,102.63,95.15,98.12,152.9,103.73,33.44,14.85,8.25,5.5,5.83,389.95,422.62
36.0075,0.0,4.84,2.75,10.56,20.9,90.42,49.17,145.64,91.41,147.95,105.27,49.39,29.81,7.04,11.0,8.8,324.28,450.67
36.0175,0.0,4.84,2.75,5.83,15.29,31.46,27.5,151.8,86.02,146.3,106.81,67.65,41.36,10.67,8.25,11.66,239.47,478.72
36.0275,0.0,4.84,0.0,4.73,13.86,23.54,21.67,92.18,86.02,154.55,108.35,79.53,51.26,11.77,9.57,13.2,160.82,514.25
36.0375,0.0,3.19,2.75,3.52,9.68,17.05,17.38,46.86,86.02,156.2,114.51,88.55,56.21,10.67,12.32,13.2,100.43,537.68
36.0475,0.0,3.19,0.0,3.52,5.5,10.45,12.98,31.68,84.7,157.85,116.05,94.49,64.13,12.98,11.0,14.63,67.32,555.83
36.0575,0.0,3.19,0.0,3.52,4.18,9.13,8.69,15.18,82.06,157.85,119.13,100.43,67.21,10.67,12.32,13.2,43.89,562.87
36.0675,0.0,3.19,0.0,2.31,2.75,5.17,5.72,2.75,79.31,154.55,119.13,106.37,71.83,11.77,12.32,14.63,21.89,569.91
36.0775,0.0,0.0,0.0,3.52,4.18,5.17,5.72,2.75,76.67,154.55,116.05,109.34,74.91,14.19,12.32,16.06,21.34,574.09
36.0875,0.0,0.0,0.0,0.0,2.75,5.17,5.72,0.0,74.03,147.95,111.43,115.5,79.64,12.98,15.18,16.06,13.64,572.77
36.0975,0.0,0.0,0.0,2.31,2.75,3.85,4.29,2.75,67.32,141.35,105.27,120.23,82.72,12.98,15.18,13.2,15.95,558.25
36.1075,0.0,0.0,0.0,0.0,2.75,3.85,4.29,2.75,63.25,133.21,100.65,120.23,82.72,12.98,12.32,16.06,13.64,541.42
36.1175,0.0,0.0,0.0,0.0,2.75,3.85,2.86,2.75,57.97,126.61,91.3,123.42,84.26,14.19,13.75,17.6,12.21,529.1
36.1275,0.0,0.0,0.0,0.0,2.75,3.85,4.29,0.0,53.02,118.36,85.03,128.15,84.26,12.98,15.18,17.6,10.89,514.58
36.1375,0.0,0.0,0.0,0.0,2.75,3.85,2.86,2.75,49.28,108.68,78.87,129.69,87.34,12.98,13.75,16.06,12.21,496.65
36.1475,0.0,0.0,0.0,0.0,2.75,0.0,2.86,0.0,44.33,96.36,72.71,134.42,88.88,15.4,13.75,17.6,5.61,483.45
36.1575,0.0,0.0,0.0,0.0,0.0,0.0,2.86,0.0,40.7,87.12,66.44,137.61,90.42,15.4,13.75,17.6,2.86,469.04
36.1675,0.0,0.0,0.0,0.0,0.0,3.85,0.0,0.0,34.43,76.34,60.28,142.34,95.04,15.4,16.5,19.03,3.85,459.36
36.1775,0.0,0.0,0.0,0.0,2.75,0.0,2.86,0.0,30.8,68.64,58.74,147.07,95.04,15.4,16.5,16.06,5.61,448.25
36.1875,0.0,0.0,0.0,0.0,0.0,2.53,0.0,0.0,27.06,62.48,54.34,154.99,99.77,16.61,15.18,20.46,2.53,450.89
36.1975,0.0,0.0,0.0,0.0,0.0,0.0,0.0,2.75,23.43,54.45,48.62,162.91,105.93,16.61,19.25,20.46,2.75,451.66
36.2075,0.0,0.0,0.0,0.0,0.0,0.0,0.0,0.0,19.69,46.2,44.33,169.51,112.09,18.92,17.93,22.0,0.0,450.67
36.2175,0.0,0.0,0.0,0.0,0.0,0.0,0.0,0.0,17.16,42.9,40.04,183.37,116.82,20.13,19.25,23.43,0.0,463.1
36.2275,0.0,0.0,0.0,0.0,0.0,2.53,0.0,0.0,15.95,36.3,34.32,195.47,126.61,20.13,23.43,24.86,2.53,477.07
36.2375,0.0,0.0,0.0,0.0,0.0,0.0,0.0,2.75,13.53,29.7,30.03,207.46,134.64,23.65,28.93,26.4,2.75,494.34
36.2475,0.0,0.0,0.0,0.0,0.0,2.53,0.0,0.0,11.0,23.1,25.74,219.56,142.78,29.59,35.86,30.8,2.53,518.43
36.2575,0.0,0.0,0.0,0.0,0.0,0.0,0.0,2.75,9.79,16.5,20.02,230.01,152.46,41.47,41.36,32.23,2.75,543.84
36.2675,0.0,0.0,0.0,0.0,0.0,0.0,0.0,2.75,8.58,14.85,15.73,237.05,160.6,52.14,51.04,35.2,2.75,575.19
36.2775,0.0,0.0,0.0,0.0,0.0,0.0,0.0,2.75,6.16,9.9,11.44,249.37,168.74,70.84,55.11,35.2,2.75,606.76
36.2875,0.0,0.0,2.75,0.0,0.0,0.0,0.0,2.75,6.16,9.9,10.01,256.3,173.91,85.91,68.31,39.6,5.5,650.1
36.2975,0.0,0.0,0.0,0.0,0.0,0.0,0.0,0.0,4.84,9.9,7.15,263.34,181.17,102.52,74.36,38.06,0.0,681.34
36.3075,0.0,0.0,2.75,0.0,0.0,0.0,0.0,2.75,2.42,6.6,5.72,266.86,190.19,116.49,86.24,42.46,5.5,716.98
36.3175,0.0,0.0,0.0,0.0,0.0,0.0,0.0,0.0,0.0,4.95,4.29,272.14,193.71,135.63,95.26,44.0,0.0,749.98
36.3275,0.0,0.0,2.75,0.0,0.0,0.0,0.0,2.75,0.0,4.95,4.29,277.31,193.71,153.12,105.71,45.43,5.5,784.52
36.3375,0.0,0.0,2.75,0.0,0.0,0.0,0.0,0.0,0.0,3.3,4.29,279.07,195.58,168.74,111.65,46.86,2.75,809.49
36.3475,0.0,0.0,0.0,0.0,0.0,0.0,0.0,0.0,0.0,4.95,2.86,279.07,191.95,184.36,119.35,48.4,0.0,830.94
36.3575,0.0,0.0,0.0,0.0,0.0,0.0,0.0,2.75,0.0,3.3,0.0,279.07,186.56,198.22,123.97,46.86,2.75,837.98
36.3675,3.41,0.0,0.0,0.0,0.0,0.0,0.0,0.0,0.0,4.95,2.86,273.9,173.91,208.67,127.05,45.43,3.41,836.77
36.3775,5.06,0.0,0.0,0.0,0.0,0.0,0.0,0.0,0.0,3.3,2.86,261.58,163.9,220.88,131.56,44.0,5.06,828.08
36.3875,8.58,0.0,0.0,0.0,0.0,0.0,0.0,0.0,0.0,4.95,0.0,242.33,154.11,235.4,136.18,41.03,8.58,814.0
36.3975,13.75,0.0,0.0,0.0,0.0,0.0,0.0,0.0,0.0,4.95,0.0,221.32,145.97,240.9,139.26,42.46,13.75,794.86
36.4075,22.33,0.0,0.0,0.0,0.0,0.0,0.0,0.0,0.0,3.3,2.86,195.47,136.29,255.53,142.34,44.0,22.33,779.79
36.4175,36.08,0.0,0.0,0.0,0.0,0.0,0.0,0.0,0.0,3.3,2.86,169.51,133.1,261.03,143.88,42.46,36.08,756.14
36.4275,61.93,0.0,0.0,0.0,0.0,0.0,0.0,0.0,0.0,3.3,2.86,145.53,124.96,268.29,146.96,42.46,61.93,734.36
36.4374,89.54,0.0,0.0,2.31,0.0,0.0,0.0,0.0,0.0,0.0,0.0,124.96,115.28,273.79,142.34,39.6,91.85,695.97
36.4474,134.64,6.38,6.82,3.52,2.75,2.53,0.0,0.0,0.0,0.0,2.86,101.97,99.77,275.66,142.34,41.03,156.64,663.63
36.4574,152.13,66.55,44.11,5.83,11.11,2.53,4.29,4.07,0.0,4.95,2.86,78.1,79.64,279.4,134.64,35.2,290.62,614.79
36.4674,145.09,81.29,90.42,22.44,25.08,5.17,7.15,6.82,0.0,3.3,2.86,50.93,54.56,275.66,119.35,35.2,383.46,541.86
36.4774,146.85,91.08,110.66,33.11,36.19,6.49,7.15,8.25,0.0,3.3,2.86,33.44,39.71,242.66,80.3,33.66,439.78,435.93
36.4874,141.57,94.38,115.39,44.88,55.77,6.49,8.69,11.0,0.0,4.95,2.86,30.25,34.76,168.74,41.36,46.86,478.17,329.78
36.4974,138.16,96.03,117.04,55.55,66.0,7.81,10.12,11.0,0.0,3.3,2.86,28.6,31.46,111.54,26.18,71.06,501.71,275.0
36.5074,139.92,102.52,121.99,63.69,73.37,9.13,11.55,9.57,0.0,4.95,2.86,20.68,23.1,47.41,22.0,74.14,531.74,195.14
36.5174,141.57,105.82,125.29,72.27,77.77,10.45,10.12,12.32,0.0,4.95,2.86,17.49,19.8,32.01,19.25,51.26,555.61,147.62
36.5274,143.33,109.12,130.24,76.56,82.17,9.13,11.55,12.32,0.0,4.95,0.0,14.3,14.85,20.13,16.5,30.8,574.42,101.53
36.5374,143.33,110.77,131.89,80.85,85.14,9.13,12.98,13.75,0.0,0.0,0.0,7.92,9.9,11.77,12.32,24.86,587.84,66.77
36.5474,141.57,112.42,130.24,83.71,88.11,10.45,12.98,13.75,0.0,0.0,0.0,6.27,6.6,9.46,9.57,13.2,593.23,45.1
36.5574,139.92,110.77,133.43,88.0,93.94,10.45,12.98,15.18,0.0,3.3,0.0,3.08,4.95,9.46,6.82,2.86,604.67,30.47
36.5674,134.64,107.47,131.89,92.29,92.51,9.13,14.41,15.18,0.0,0.0,0.0,6.27,4.95,8.25,5.5,4.4,597.52,29.37
36.5774,131.12,105.82,126.94,93.72,98.34,10.45,15.84,15.18,0.0,0.0,0.0,6.27,4.95,8.25,5.5,4.4,597.41,29.37
36.5874,124.19,100.87,125.29,93.72,101.31,10.45,15.84,15.18,0.0,0.0,0.0,6.27,4.95,7.04,4.07,4.4,586.85,26.73
36.5974,118.91,96.03,118.69,96.58,104.28,10.45,20.24,16.5,0.0,0.0,0.0,4.73,4.95,5.83,5.5,4.4,581.68,25.41
36.6074,111.87,89.43,112.2,99.44,105.71,11.77,23.1,16.5,0.0,0.0,0.0,0.0,3.3,5.83,4.07,2.86,570.02,16.06
36.6174,105.05,79.64,104.5,103.73,107.25,10.45,26.07,16.5,0.0,0.0,0.0,4.73,3.3,5.83,5.5,4.4,553.19,23.76
36.6274,94.71,74.69,98.23,105.16,110.22,13.09,28.93,16.5,0.0,3.3,0.0,4.73,0.0,5.83,5.5,0.0,541.53,19.36
36.6374,87.78,66.55,87.34,112.42,111.87,13.09,31.79,16.5,0.0,3.3,0.0,4.73,0.0,4.73,4.07,0.0,527.34,16.83
36.6474,79.2,59.95,79.53,115.5,117.04,14.41,36.19,17.93,0.0,3.3,0.0,4.73,0.0,5.83,0.0,2.86,519.75,16.72
36.6574,70.51,51.81,71.83,120.12,122.1,18.26,41.91,19.25,0.0,3.3,0.0,3.08,0.0,3.52,4.07,2.86,515.79,16.83
36.6674,63.69,45.32,67.1,123.2,127.27,22.22,47.74,19.25,0.0,0.0,0.0,4.73,0.0,4.73,0.0,2.86,515.79,12.32
36.6774,56.76,38.83,59.4,129.36,130.68,27.5,53.57,22.0,0.0,0.0,0.0,0.0,0.0,4.73,0.0,0.0,518.1,4.73
36.6874,49.94,32.34,52.47,134.09,135.74,32.78,59.4,22.0,0.0,0.0,0.0,3.08,0.0,3.52,2.75,0.0,518.76,9.35
36.6974,44.77,27.5,45.54,137.17,142.56,39.27,66.77,24.75,0.0,3.3,0.0,0.0,0.0,4.73,0.0,2.86,528.33,10.89
36.7074,39.6,22.66,41.36,141.79,147.73,45.87,74.25,24.75,0.0,0.0,0.0,0.0,0.0,3.52,4.07,0.0,538.01,7.59
36.7174,36.08,17.82,34.43,144.87,156.2,52.47,83.16,27.5,0.0,0.0,0.0,0.0,0.0,3.52,2.75,0.0,552.53,6.27
36.7274,32.67,12.87,30.36,144.87,163.02,60.72,92.18,28.93,0.0,0.0,0.0,0.0,0.0,2.31,2.75,0.0,565.62,5.06
36.7374,27.5,6.38,26.18,147.95,169.84,69.19,104.06,31.68,0.0,0.0,0.0,3.08,0.0,3.52,2.75,0.0,582.78,9.35
36.7474,24.09,6.38,20.68,152.68,176.88,77.66,114.62,31.68,0.0,0.0,0.0,0.0,0.0,2.31,2.75,2.86,604.67,7.92
36.7574,22.33,4.84,16.5,155.76,185.57,86.13,125.84,34.43,0.0,0.0,0.0,0.0,0.0,2.31,2.75,0.0,631.4,5.06
36.7674,18.92,4.84,15.18,158.84,192.61,97.46,138.71,34.43,0.0,0.0,0.0,0.0,0.0,3.52,0.0,2.86,660.99,6.38
36.7774,15.4,4.84,13.75,163.46,194.26,108.79,150.04,37.18,0.0,0.0,0.0,0.0,0.0,2.31,2.75,0.0,687.72,5.06
36.7874,11.99,3.19,12.43,166.54,203.06,122.32,162.91,38.61,0.0,0.0,0.0,0.0,0.0,3.52,0.0,0.0,721.05,3.52
36.7974,10.23,4.84,9.57,168.19,204.82,136.07,174.24,39.93,0.0,0.0,0.0,0.0,0.0,2.31,2.75,0.0,747.89,5.06
36.8074,6.82,4.84,8.25,168.19,204.82,149.82,186.56,41.36,0.0,0.0,0.0,0.0,0.0,2.31,2.75,0.0,770.66,5.06
36.8174,3.41,4.84,5.5,168.19,204.82,163.68,195.36,42.68,0.0,3.3,0.0,0.0,0.0,0.0,2.75,0.0,788.48,6.05
36.8274,0.0,3.19,4.07,161.92,199.54,178.31,209.33,44.11,0.0,0.0,0.0,0.0,0.0,2.31,0.0,0.0,800.47,2.31
36.8374,0.0,0.0,5.5,155.76,190.85,188.32,218.13,45.54,6.16,3.3,0.0,0.0,0.0,0.0,0.0,2.86,804.1,12.32
36.8474,0.0,3.19,4.07,143.33,178.64,199.87,226.71,44.11,4.84,3.3,0.0,0.0,0.0,2.31,2.75,2.86,799.92,16.06
36.8574,0.0,0.0,4.07,129.36,164.78,209.88,231.88,45.54,6.16,0.0,0.0,0.0,0.0,2.31,0.0,0.0,785.51,8.47
36.8674,0.0,3.19,4.07,112.42,152.79,218.13,236.94,45.54,11.0,0.0,0.0,0.0,0.0,2.31,0.0,0.0,773.08,13.31
36.8774,0.0,0.0,2.75,98.01,137.5,228.14,243.76,48.29,18.48,0.0,0.0,0.0,0.0,2.31,0.0,0.0,758.45,20.79
36.8874,0.0,3.19,4.07,82.28,122.1,234.74,245.52,49.61,32.01,0.0,0.0,0.0,0.0,2.31,0.0,0.0,741.51,34.32
36.8974,0.0,3.19,4.07,66.55,105.71,238.04,248.93,51.04,53.02,0.0,0.0,0.0,0.0,0.0,0.0,0.0,717.53,53.02
36.9074,0.0,0.0,2.75,52.03,92.51,241.34,247.17,51.04,87.34,3.3,0.0,3.08,0.0,2.31,0.0,0.0,686.84,96.03
36.9174,0.0,4.84,0.0,37.84,74.8,239.69,240.35,55.11,124.3,76.34,10.01,3.08,3.3,3.52,2.75,0.0,652.63,223.3
36.9274,0.0,4.84,4.07,20.02,54.34,234.74,230.12,57.97,125.73,138.16,75.79,7.92,4.95,5.83,5.5,2.86,606.1,366.74
36.9374,0.0,4.84,2.75,14.19,30.58,208.23,197.12,62.37,115.83,146.3,109.89,20.68,11.55,8.25,8.25,7.26,520.08,428.01
36.9474,0.0,4.84,2.75,12.98,25.08,149.82,125.84,81.73,110.22,151.25,111.43,41.36,21.45,9.46,8.25,10.23,403.04,463.65
36.9574,0.0,4.84,2.75,9.46,20.9,101.75,68.31,120.89,95.48,144.65,103.73,64.68,43.01,10.67,12.32,14.63,328.9,489.17
36.9674,0.0,4.84,2.75,8.25,18.04,39.27,30.36,157.96,86.02,144.65,100.65,89.98,64.13,11.77,16.5,16.06,261.47,529.76
36.9774,0.0,4.84,2.75,4.73,13.86,22.22,23.1,108.57,84.7,149.6,102.19,106.37,73.37,15.4,15.18,17.6,180.07,564.41
36.9874,0.0,4.84,2.75,3.52,11.11,18.26,17.38,49.61,83.38,149.6,108.35,117.15,79.64,17.71,16.5,20.46,107.47,592.79
36.9974,0.0,3.19,0.0,2.31,8.36,11.77,12.98,33.11,82.06,151.25,109.89,124.96,88.88,16.61,19.25,19.03,71.72,611.93
37.0074,0.0,3.19,0.0,0.0,4.18,7.81,11.55,13.75,77.99,149.6,111.43,131.34,95.04,17.71,16.5,19.03,40.48,618.64
37.0174,0.0,3.19,0.0,2.31,4.18,5.17,7.15,5.5,76.67,149.6,108.35,139.15,98.23,17.71,20.68,22.0,27.5,632.39
37.0274,0.0,3.19,0.0,2.31,5.5,3.85,5.72,0.0,72.6,149.6,106.81,142.34,102.85,17.71,20.68,22.0,20.57,634.59
37.0374,0.0,0.0,0.0,2.31,2.75,3.85,7.15,0.0,68.64,143.0,100.65,145.53,105.93,17.71,19.25,23.43,16.06,624.14
37.0474,0.0,0.0,0.0,0.0,4.18,5.17,4.29,0.0,63.25,134.86,91.3,153.45,107.47,18.92,22.0,20.46,13.64,611.71
37.0574,0.0,0.0,0.0,0.0,4.18,3.85,5.72,2.75,56.65,123.31,80.41,156.53,110.55,18.92,20.68,24.86,16.5,591.91
37.0674,0.0,0.0,0.0,2.31,4.18,0.0,4.29,2.75,50.49,113.41,72.71,159.72,112.09,20.13,20.68,22.0,13.53,571.23
37.0774,0.0,0.0,0.0,0.0,2.75,2.53,4.29,2.75,45.54,102.52,64.9,162.91,112.09,20.13,20.68,24.86,12.32,553.63
37.0874,0.0,0.0,0.0,0.0,4.18,2.53,2.86,2.75,40.7,90.2,57.2,171.27,113.63,18.92,23.43,24.86,12.32,540.21
37.0974,0.0,0.0,0.0,0.0,2.75,2.53,2.86,2.75,36.96,79.42,50.05,174.68,118.47,20.13,24.75,24.86,10.89,529.32
37.1074,0.0,0.0,0.0,0.0,2.75,2.53,0.0,0.0,32.01,68.64,45.76,178.09,121.66,20.13,24.75,26.4,5.28,517.44
37.1174,0.0,0.0,0.0,0.0,0.0,2.53,2.86,0.0,28.27,60.94,40.04,183.37,123.31,20.13,23.43,26.4,5.39,505.89
37.1274,0.0,0.0,0.0,0.0,2.75,0.0,2.86,0.0,24.64,52.8,35.75,186.78,126.61,21.34,23.43,26.4,5.61,497.75
37.1374,0.0,0.0,0.0,0.0,2.75,2.53,0.0,0.0,20.9,42.9,31.46,193.71,128.15,22.44,26.18,24.86,5.28,490.6
37.1474,0.0,0.0,0.0,0.0,0.0,0.0,2.86,2.75,18.48,36.3,27.17,202.29,134.64,22.44,27.5,29.26,5.61,498.08
37.1574,0.0,0.0,0.0,0.0,0.0,0.0,2.86,2.75,15.95,29.7,22.88,209.22,137.94,24.86,28.93,29.26,5.61,498.74
37.1674,0.0,0.0,0.0,0.0,0.0,0.0,0.0,2.75,13.53,26.4,21.45,214.39,141.13,26.07,31.68,32.23,2.75,506.88
37.1774,0.0,0.0,0.0,0.0,0.0,0.0,0.0,0.0,13.53,23.1,17.16,223.08,142.78,29.59,34.43,33.66,0.0,517.33
37.1874,0.0,0.0,0.0,0.0,0.0,0.0,0.0,2.75,11.0,16.5,14.3,231.77,149.27,33.22,37.18,33.66,2.75,526.9
37.1974,0.0,0.0,0.0,0.0,0.0,0.0,2.86,0.0,9.79,11.55,10.01,237.05,158.95,37.95,42.68,35.2,2.86,543.18
37.2074,0.0,0.0,0.0,0.0,0.0,0.0,0.0,0.0,8.58,13.2,10.01,242.33,163.9,47.41,49.61,36.63,0.0,571.67
37.2174,0.0,0.0,0.0,0.0,0.0,0.0,0.0,0.0,7.37,11.55,10.01,244.09,170.39,57.2,55.11,36.63,0.0,592.35
37.2274,0.0,0.0,0.0,0.0,0.0,0.0,0.0,4.07,6.16,8.25,7.15,254.54,177.54,69.3,65.34,38.06,4.07,626.34
37.2374,0.0,0.0,0.0,0.0,0.0,0.0,0.0,2.75,3.63,6.6,5.72,259.82,186.56,82.83,77.33,39.6,2.75,662.09
37.2474,0.0,0.0,0.0,0.0,2.75,0.0,0.0,2.75,2.42,6.6,4.29,263.34,190.19,99.44,84.81,41.03,5.5,692.12
37.2574,0.0,0.0,2.75,0.0,0.0,0.0,0.0,4.07,0.0,4.95,4.29,266.86,191.95,114.73,98.23,44.0,6.82,725.01
37.2674,0.0,0.0,2.75,0.0,0.0,0.0,0.0,4.07,0.0,3.3,0.0,270.38,195.58,130.46,107.14,44.0,6.82,750.86
37.2774,0.0,0.0,0.0,0.0,0.0,0.0,0.0,2.75,0.0,4.95,2.86,272.14,197.34,146.08,114.73,45.43,2.75,783.53
37.2874,0.0,0.0,0.0,0.0,0.0,0.0,0.0,2.75,0.0,4.95,0.0,270.38,199.21,163.57,120.89,46.86,2.75,805.86
37.2974,0.0,0.0,2.75,0.0,0.0,0.0,0.0,0.0,0.0,3.3,2.86,268.62,195.58,179.19,125.51,45.43,2.75,820.49
37.3074,3.41,0.0,0.0,0.0,0.0,0.0,0.0,2.75,0.0,3.3,0.0,261.58,186.56,189.64,131.56,46.86,6.16,819.5
37.3174,6.82,0.0,0.0,0.0,0.0,0.0,0.0,0.0,0.0,3.3,2.86,249.37,179.3,201.74,136.18,45.43,6.82,818.18
37.3274,8.58,0.0,0.0,0.0,0.0,0.0,0.0,2.75,0.0,3.3,0.0,237.05,170.39,212.19,140.8,46.86,11.33,810.59
37.3374,11.99,0.0,0.0,0.0,0.0,0.0,0.0,2.75,0.0,0.0,0.0,217.91,163.9,224.4,145.42,45.43,14.74,797.06
37.3474,18.92,0.0,0.0,0.0,0.0,0.0,0.0,2.75,0.0,4.95,0.0,200.64,154.11,235.4,146.96,45.43,21.67,787.49
37.3574,25.74,0.0,0.0,0.0,0.0,0.0,0.0,0.0,0.0,3.3,0.0,181.61,145.97,244.53,148.39,45.43,25.74,769.23
37.3674,49.94,0.0,0.0,0.0,0.0,0.0,0.0,0.0,0.0,4.95,2.86,156.53,139.59,250.03,154.55,45.43,49.94,753.94
37.3774,70.51,0.0,0.0,0.0,2.75,0.0,0.0,0.0,0.0,4.95,2.86,140.8,134.64,251.79,154.55,42.46,73.26,732.05
37.3874,98.12,0.0,0.0,0.0,2.75,0.0,0.0,0.0,0.0,4.95,2.86,120.23,124.96,257.29,156.09,42.46,100.87,708.84
37.3974,141.57,8.03,8.25,3.52,5.5,0.0,2.86,0.0,0.0,0.0,2.86,103.4,113.63,261.03,149.93,39.6,169.73,670.45
37.4074,150.37,64.9,51.04,5.83,11.11,3.85,7.15,4.07,0.0,4.95,0.0,84.04,95.04,259.16,148.39,41.03,298.32,632.61
37.4174,145.09,77.99,95.15,17.71,27.83,5.17,7.15,6.82,0.0,3.3,2.86,61.71,71.83,259.16,137.72,39.6,382.91,576.18
37.4274,145.09,86.13,109.12,30.69,41.8,6.49,8.69,8.25,0.0,4.95,2.86,36.63,41.36,244.53,114.73,36.63,436.26,481.69
37.4374,138.16,87.78,112.2,41.36,61.6,7.81,8.69,9.57,0.0,0.0,2.86,30.25,38.06,187.88,62.37,41.03,467.17,362.45
37.4474,132.88,91.08,112.2,53.13,73.37,7.81,10.12,9.57,0.0,0.0,0.0,28.6,33.11,130.46,30.36,66.44,490.16,288.97
37.4574,132.88,96.03,117.04,60.83,82.17,9.13,10.12,12.32,0.0,4.95,0.0,20.68,26.4,64.79,23.43,86.35,520.52,226.6
37.4674,132.88,99.22,118.69,69.41,88.11,10.45,11.55,13.75,0.0,3.3,0.0,19.03,23.1,30.8,19.25,78.65,544.06,174.13
37.4774,132.88,102.52,121.99,75.13,92.51,10.45,12.98,13.75,0.0,4.95,0.0,12.65,16.5,22.44,17.93,49.83,562.21,124.3
37.4874,132.88,105.82,121.99,82.28,98.34,10.45,12.98,13.75,0.0,3.3,0.0,11.11,9.9,14.19,13.75,32.23,578.49,84.48
37.4974,132.88,105.82,123.64,86.57,102.85,10.45,12.98,15.18,0.0,0.0,0.0,7.92,8.25,10.67,9.57,20.46,590.37,56.87
37.5074,131.12,105.82,121.99,90.86,105.71,10.45,14.41,15.18,0.0,0.0,0.0,6.27,6.6,10.67,6.82,13.2,595.54,43.56
37.5174,125.84,104.17,120.34,95.15,108.68,10.45,18.81,16.5,0.0,3.3,0.0,6.27,4.95,9.46,4.07,4.4,599.94,32.45
37.5274,122.43,102.52,117.04,98.01,111.87,10.45,21.67,15.18,0.0,0.0,0.0,6.27,4.95,8.25,4.07,5.83,599.17,29.37
37.5374,117.15,97.68,112.2,99.44,113.63,13.09,21.67,17.93,0.0,0.0,0.0,4.73,3.3,7.04,2.75,2.86,592.79,20.68
37.5474,111.87,92.73,109.12,105.16,115.28,11.77,24.53,16.5,0.0,0.0,0.0,4.73,0.0,7.04,4.07,4.4,586.96,20.24
37.5574,105.05,87.78,102.85,108.02,115.28,13.09,27.5,16.5,0.0,0.0,0.0,0.0,3.3,7.04,2.75,2.86,576.07,15.95
37.5674,96.36,81.29,95.15,113.96,115.28,14.41,28.93,19.25,0.0,0.0,0.0,4.73,3.3,4.73,5.5,4.4,564.63,22.66
37.5774,89.54,74.69,87.34,118.58,118.69,14.41,33.22,19.25,0.0,3.3,0.0,0.0,0.0,5.83,2.75,4.4,555.72,16.28
37.5874,82.61,68.2,77.99,121.66,120.45,17.05,36.19,17.93,0.0,0.0,0.0,3.08,3.3,4.73,4.07,4.4,542.08,19.58
37.5974,75.68,61.6,71.83,127.82,122.1,18.26,37.62,20.68,0.0,0.0,0.0,3.08,0.0,4.73,4.07,4.4,535.59,16.28
37.6074,70.51,56.65,67.1,132.55,122.1,20.9,40.48,20.68,0.0,0.0,0.0,3.08,0.0,4.73,0.0,4.4,530.97,12.21
37.6174,63.69,51.81,62.48,137.17,125.51,22.22,44.88,22.0,0.0,0.0,0.0,3.08,0.0,3.52,4.07,4.4,529.76,15.07
37.6274,58.52,45.32,55.22,143.33,127.27,26.18,49.17,23.43,0.0,3.3,0.0,3.08,0.0,4.73,2.75,5.83,528.44,19.69
37.6374,53.35,42.13,51.04,144.87,130.68,31.46,55.0,23.43,0.0,0.0,0.0,0.0,0.0,4.73,4.07,4.4,531.96,13.2
37.6474,48.18,37.18,46.86,149.49,135.74,36.74,57.86,24.75,0.0,0.0,0.0,0.0,0.0,3.52,2.75,2.86,536.8,9.13
37.6574,44.77,32.34,42.79,152.68,137.5,40.59,63.8,26.18,0.0,0.0,0.0,0.0,0.0,3.52,4.07,2.86,540.65,10.45
37.6674,39.6,27.5,37.29,154.22,145.97,47.19,69.74,27.5,0.0,0.0,0.0,3.08,0.0,3.52,4.07,0.0,549.01,10.67
37.6774,36.08,22.66,35.86,157.3,149.38,52.47,74.25,28.93,0.0,0.0,0.0,0.0,0.0,4.73,4.07,4.4,556.93,13.2
37.6874,34.43,19.36,31.68,163.46,156.2,56.43,84.7,28.93,0.0,0.0,0.0,3.08,0.0,2.31,0.0,2.86,575.19,8.25
37.6974,30.91,14.52,28.93,168.19,161.37,64.9,92.18,30.36,0.0,0.0,0.0,0.0,0.0,3.52,2.75,2.86,591.36,9.13
37.7074,29.26,11.33,23.43,171.38,169.84,72.05,98.12,30.36,0.0,3.3,0.0,0.0,0.0,2.31,2.75,2.86,605.77,11.22
37.7174,25.74,8.03,19.25,176.22,175.12,83.38,108.57,33.11,0.0,0.0,0.0,0.0,0.0,3.52,2.75,2.86,629.42,9.13
37.7274,22.33,8.03,15.18,179.52,180.4,93.17,119.46,34.43,0.0,0.0,0.0,0.0,0.0,2.31,0.0,2.86,652.52,5.17
37.7374,18.92,6.38,13.75,184.36,185.57,103.07,125.84,35.86,0.0,0.0,0.0,0.0,0.0,2.31,2.75,2.86,673.75,7.92
37.7474,15.4,6.38,12.43,189.2,189.09,113.08,138.71,37.18,0.0,0.0,0.0,0.0,0.0,2.31,2.75,0.0,701.47,5.06
37.7574,13.75,6.38,12.43,190.85,192.61,123.86,148.39,38.61,0.0,0.0,0.0,0.0,0.0,3.52,0.0,0.0,726.88,3.52
37.7674,10.23,6.38,11.0,195.69,196.02,137.61,158.07,39.93,0.0,0.0,0.0,0.0,0.0,0.0,2.75,2.86,754.93,5.61
37.7774,6.82,4.84,9.57,198.88,194.26,149.82,166.1,41.36,0.0,0.0,0.0,0.0,0.0,0.0,2.75,2.86,771.65,5.61
37.7874,5.06,4.84,6.82,197.23,192.61,160.6,177.76,41.36,0.0,3.3,0.0,0.0,0.0,2.31,2.75,2.86,786.28,11.22
37.7974,3.41,3.19,5.5,200.53,190.85,173.36,186.56,42.68,0.0,0.0,0.0,0.0,0.0,3.52,0.0,2.86,806.08,6.38
37.8074,0.0,3.19,5.5,197.23,182.05,184.91,195.36,45.54,2.42,0.0,0.0,0.0,0.0,2.31,0.0,2.86,813.78,7.59
37.8174,0.0,3.19,5.5,190.85,171.6,196.57,205.81,45.54,2.42,0.0,0.0,0.0,0.0,0.0,0.0,0.0,819.06,2.42
37.8274,0.0,0.0,4.07,182.71,161.37,208.23,209.33,46.86,3.63,0.0,0.0,0.0,0.0,2.31,0.0,2.86,812.57,8.8
37.8374,0.0,3.19,4.07,169.73,147.73,218.13,218.13,48.29,6.16,0.0,0.0,0.0,0.0,2.31,0.0,2.86,809.27,11.33
37.8474,0.0,3.19,2.75,152.68,135.74,224.84,221.65,46.86,9.79,0.0,0.0,0.0,0.0,2.31,0.0,0.0,787.71,12.1
37.8573,0.0,3.19,4.07,130.9,122.1,233.09,226.71,48.29,20.9,0.0,0.0,0.0,0.0,0.0,0.0,0.0,768.35,20.9
37.8673,0.0,3.19,4.07,109.45,110.22,238.04,228.47,49.61,36.96,0.0,0.0,0.0,0.0,0.0,0.0,0.0,743.05,36.96
37.8773,0.0,0.0,2.75,90.86,95.48,244.64,228.47,51.04,61.93,3.3,2.86,3.08,0.0,2.31,0.0,0.0,713.24,73.48
37.8873,0.0,3.19,2.75,70.84,77.77,246.29,225.06,52.36,103.51,21.45,7.15,4.73,0.0,3.52,0.0,0.0,678.26,140.36
37.8973,0.0,4.84,0.0,49.61,61.6,246.29,216.37,55.11,112.97,105.6,28.6,6.27,8.25,4.73,4.07,0.0,633.82,270.49
37.9073,0.0,0.0,2.75,28.38,40.37,242.99,200.53,57.97,108.79,129.91,81.95,15.84,8.25,7.04,6.82,5.83,572.99,364.43
37.9173,0.0,0.0,4.07,17.71,27.83,201.52,148.39,66.88,108.79,141.35,97.46,31.79,14.85,9.46,6.82,8.8,466.4,419.32
37.9273,0.0,4.84,0.0,15.29,23.65,145.31,89.21,92.18,107.47,143.0,97.46,46.2,23.1,9.46,11.0,11.66,370.48,449.35
37.9373,0.0,4.84,2.75,12.98,20.9,97.46,39.05,137.83,96.8,134.86,94.38,63.14,39.71,10.67,11.0,14.63,315.81,465.19
37.9473,0.0,4.84,2.75,8.25,16.72,35.42,26.07,144.1,94.05,139.7,95.92,78.1,54.56,14.19,12.32,16.06,238.15,504.9
37.9573,0.0,3.19,2.75,4.73,12.54,22.22,23.1,87.78,94.05,144.65,99.0,91.52,64.13,14.19,15.18,16.06,156.31,538.78
37.9673,0.0,4.84,0.0,3.52,8.36,15.73,17.38,46.86,92.73,149.6,106.81,94.49,70.29,14.19,16.5,19.03,96.69,563.64
37.9773,0.0,0.0,2.75,3.52,5.5,10.45,12.98,30.36,88.77,146.3,108.35,103.4,81.18,15.4,15.18,17.6,65.56,576.18
37.9873,0.0,0.0,0.0,3.52,4.18,9.13,8.69,15.18,87.34,147.95,114.51,109.34,84.26,15.4,17.93,19.03,40.7,595.76
37.9973,0.0,0.0,0.0,3.52,4.18,5.17,7.15,4.07,84.7,146.3,113.08,117.15,91.96,14.19,17.93,20.46,24.09,605.77
38.0073,0.0,0.0,0.0,2.31,4.18,5.17,4.29,2.75,82.06,146.3,113.08,118.69,95.04,16.61,16.5,20.46,18.7,608.74
38.0173,0.0,3.19,0.0,2.31,4.18,6.49,5.72,2.75,79.31,139.7,108.35,124.96,96.69,15.4,19.25,20.46,24.64,604.12
38.0273,0.0,0.0,0.0,2.31,2.75,3.85,5.72,0.0,75.35,136.51,103.73,126.61,98.23,16.61,19.25,19.03,14.63,595.32
38.0373,0.0,0.0,0.0,0.0,4.18,3.85,4.29,2.75,69.96,128.26,97.46,129.69,101.31,15.4,19.25,22.0,15.07,583.33
38.0473,0.0,0.0,0.0,2.31,4.18,3.85,4.29,2.75,64.57,120.01,91.3,131.34,102.85,15.4,19.25,22.0,17.38,566.72
38.0573,0.0,0.0,0.0,2.31,2.75,2.53,4.29,2.75,59.29,111.76,85.03,132.88,104.39,16.61,19.25,23.43,14.63,552.64
38.0673,0.0,0.0,0.0,2.31,0.0,0.0,2.86,2.75,55.44,102.52,80.41,136.07,105.93,16.61,19.25,22.0,7.92,538.23
38.0773,0.0,0.0,0.0,2.31,2.75,2.53,2.86,2.75,50.49,94.82,75.79,136.07,110.55,17.71,20.68,20.46,13.2,526.57
38.0873,0.0,0.0,0.0,2.31,2.75,2.53,0.0,0.0,45.54,85.58,71.06,142.34,112.09,17.71,20.68,22.0,7.59,517.0
38.0973,0.0,0.0,0.0,0.0,0.0,2.53,0.0,0.0,41.91,77.88,63.36,142.34,115.28,18.92,22.0,23.43,2.53,505.12
38.1073,0.0,0.0,0.0,0.0,2.75,0.0,2.86,0.0,36.96,70.18,61.82,150.26,118.47,17.71,22.0,24.86,5.61,502.26
38.1173,0.0,0.0,0.0,0.0,0.0,2.53,2.86,2.75,33.22,62.48,57.2,153.45,124.96,18.92,20.68,23.43,8.14,494.34
38.1273,0.0,0.0,0.0,0.0,0.0,2.53,0.0,0.0,29.59,56.1,52.91,158.18,129.8,20.13,24.75,26.4,2.53,497.86
38.1373,0.0,0.0,0.0,0.0,0.0,2.53,0.0,0.0,25.85,51.15,48.62,164.45,137.94,18.92,24.75,26.4,2.53,498.08
38.1473,0.0,0.0,0.0,0.0,0.0,0.0,0.0,2.75,22.11,42.9,44.33,172.92,142.78,21.34,27.5,27.83,2.75,501.71
38.1573,0.0,0.0,0.0,0.0,0.0,2.53,0.0,0.0,19.69,36.3,40.04,181.61,152.46,22.44,28.93,27.83,2.53,509.3
38.1673,0.0,0.0,0.0,0.0,0.0,0.0,0.0,0.0,15.95,29.7,34.32,190.19,162.25,23.65,35.86,29.26,0.0,521.18
38.1773,0.0,0.0,0.0,0.0,0.0,0.0,0.0,2.75,14.74,26.4,31.46,193.71,168.74,28.38,39.93,32.23,2.75,535.59
38.1873,0.0,0.0,0.0,0.0,0.0,0.0,0.0,2.75,13.53,21.45,27.17,204.05,177.54,32.01,46.86,33.66,2.75,556.27
38.1973,0.0,0.0,0.0,0.0,0.0,0.0,0.0,0.0,11.0,14.85,22.88,212.74,186.56,37.95,55.11,35.2,0.0,576.29
38.2073,0.0,0.0,0.0,0.0,0.0,2.53,0.0,2.75,9.79,13.2,17.16,219.56,191.95,47.41,60.94,36.63,5.28,596.64
38.2173,0.0,0.0,0.0,0.0,0.0,0.0,0.0,2.75,8.58,11.55,11.44,226.49,199.21,55.77,71.39,39.6,2.75,624.03
38.2273,0.0,0.0,0.0,0.0,0.0,0.0,0.0,0.0,7.37,11.55,10.01,235.29,204.6,67.76,81.84,39.6,0.0,658.02
38.2373,0.0,0.0,2.75,0.0,0.0,0.0,0.0,2.75,6.16,8.25,8.58,240.57,211.75,81.4,92.29,39.6,5.5,688.6
38.2473,0.0,0.0,0.0,0.0,0.0,0.0,0.0,2.75,4.84,8.25,5.72,249.37,215.38,93.39,101.2,44.0,2.75,722.15
38.2573,0.0,0.0,0.0,0.0,0.0,0.0,0.0,0.0,2.42,8.25,4.29,258.06,217.14,108.46,107.14,45.43,0.0,751.19
38.2673,0.0,0.0,2.75,0.0,0.0,0.0,0.0,0.0,0.0,4.95,4.29,263.34,219.01,120.01,117.81,45.43,2.75,774.84
38.2773,0.0,0.0,0.0,0.0,0.0,0.0,0.0,0.0,0.0,6.6,4.29,266.86,217.14,139.15,125.51,45.43,0.0,804.98
38.2873,0.0,0.0,0.0,0.0,0.0,0.0,0.0,0.0,0.0,6.6,2.86,272.14,213.62,153.12,131.56,46.86,0.0,826.76
38.2973,0.0,0.0,0.0,0.0,0.0,0.0,0.0,2.75,0.0,4.95,2.86,272.14,204.6,170.5,136.18,46.86,2.75,838.09
38.3073,0.0,0.0,0.0,0.0,0.0,0.0,0.0,2.75,0.0,6.6,2.86,263.34,195.58,184.36,139.26,44.0,2.75,836.0
38.3173,0.0,0.0,0.0,0.0,0.0,0.0,0.0,0.0,0.0,4.95,2.86,252.78,181.17,199.98,142.34,41.03,0.0,825.11
38.3273,3.41,0.0,0.0,0.0,0.0,0.0,0.0,0.0,0.0,3.3,2.86,237.05,170.39,213.95,143.88,42.46,3.41,813.89
38.3373,8.58,0.0,0.0,0.0,0.0,0.0,0.0,0.0,0.0,4.95,0.0,219.56,158.95,228.03,149.93,44.0,8.58,805.42
38.3473,11.99,0.0,0.0,0.0,0.0,0.0,0.0,0.0,0.0,4.95,0.0,197.12,150.92,240.9,153.01,45.43,11.99,792.33
38.3573,22.33,0.0,0.0,0.0,0.0,0.0,0.0,0.0,0.0,3.3,0.0,171.27,142.78,253.66,153.01,44.0,22.33,768.02
38.3673,39.6,0.0,0.0,0.0,0.0,0.0,0.0,0.0,0.0,4.95,0.0,150.26,134.64,261.03,157.63,45.43,39.6,753.94
38.3773,61.93,0.0,0.0,0.0,0.0,0.0,0.0,0.0,0.0,3.3,2.86,129.69,126.61,264.66,160.71,44.0,61.93,731.83
38.3873,94.71,0.0,0.0,0.0,2.75,0.0,0.0,0.0,0.0,0.0,0.0,107.91,115.28,275.66,156.09,45.43,97.46,700.37
38.3973,134.64,3.19,4.07,3.52,2.75,2.53,2.86,0.0,0.0,0.0,2.86,89.98,98.23,275.66,154.55,42.46,153.56,663.74
38.4073,150.37,71.39,35.86,4.73,9.68,3.85,2.86,4.07,0.0,4.95,0.0,70.62,78.1,277.53,145.42,41.03,282.81,617.65
38.4173,145.09,89.43,85.8,14.19,13.86,5.17,4.29,6.82,0.0,3.3,2.86,47.74,54.56,277.53,133.1,44.0,364.65,563.09
38.4273,150.37,99.22,106.04,21.23,20.9,5.17,7.15,8.25,0.0,4.95,2.86,33.44,38.06,253.66,104.17,42.46,418.33,479.6
38.4373,148.61,102.52,115.39,36.63,37.62,5.17,8.69,8.25,0.0,4.95,0.0,30.25,33.11,182.6,49.61,51.26,462.88,351.78
38.4473,148.61,109.12,115.39,44.88,45.98,5.17,7.15,9.57,0.0,3.3,0.0,23.87,31.46,118.25,24.75,74.14,485.87,275.77
38.4573,150.37,114.07,117.04,50.82,48.73,7.81,10.12,9.57,0.0,4.95,0.0,22.22,26.4,53.35,22.0,86.35,508.53,215.27
38.4673,150.37,117.37,118.69,56.76,51.48,7.81,10.12,11.0,0.0,0.0,0.0,19.03,21.45,29.59,20.68,69.52,523.6,160.27
38.4773,152.13,122.43,117.04,62.26,54.34,7.81,10.12,11.0,0.0,4.95,0.0,12.65,16.5,22.44,17.93,44.0,537.13,118.47
38.4873,152.13,125.84,118.69,66.55,55.77,7.81,8.69,11.0,0.0,3.3,0.0,9.46,9.9,14.19,15.18,27.83,546.48,79.86
38.4973,152.13,127.49,117.04,72.27,58.63,6.49,10.12,12.32,0.0,3.3,0.0,6.27,8.25,11.77,9.57,20.46,556.49,59.62
38.5073,152.13,129.14,115.39,75.13,60.17,9.13,10.12,12.32,0.0,3.3,0.0,4.73,6.6,10.67,6.82,11.66,563.53,43.78
38.5173,148.61,129.14,115.39,80.85,61.6,7.81,11.55,12.32,0.0,0.0,0.0,4.73,4.95,8.25,6.82,5.83,567.27,30.58
38.5273,145.09,127.49,113.85,82.28,63.03,9.13,11.55,12.32,0.0,3.3,0.0,4.73,4.95,7.04,5.5,5.83,564.74,31.35
38.5373,141.57,125.84,110.66,85.14,64.57,10.45,10.12,12.32,0.0,3.3,0.0,4.73,0.0,8.25,2.75,2.86,560.67,21.89
38.5473,136.4,124.08,107.58,88.0,67.54,7.81,10.12,13.75,0.0,0.0,0.0,3.08,3.3,5.83,5.5,4.4,555.28,22.11
38.5573,131.12,119.13,102.85,90.86,68.97,9.13,11.55,13.75,0.0,0.0,0.0,0.0,4.95,5.83,5.5,4.4,547.36,20.68
38.5673,124.19,115.72,96.69,96.58,70.4,10.45,10.12,12.32,0.0,3.3,0.0,4.73,0.0,7.04,2.75,2.86,536.47,20.68
38.5773,115.39,109.12,87.34,102.3,71.94,10.45,12.98,13.75,0.0,0.0,0.0,3.08,0.0,4.73,4.07,2.86,523.27,14.74
38.5873,108.46,104.17,82.72,109.45,71.94,9.13,12.98,13.75,0.0,0.0,0.0,4.73,0.0,5.83,5.5,2.86,512.6,18.92
38.5973,99.88,96.03,74.91,115.5,74.8,9.13,11.55,13.75,0.0,0.0,0.0,3.08,0.0,4.73,4.07,4.4,495.55,16.28
38.6073,91.19,87.78,68.64,123.2,76.34,10.45,12.98,13.75,0.0,3.3,0.0,3.08,0.0,4.73,4.07,2.86,484.33,18.04
38.6173,84.37,79.64,62.48,129.36,77.77,11.77,14.41,15.18,0.0,0.0,0.0,0.0,3.3,4.73,4.07,2.86,474.98,14.96
38.6273,75.68,74.69,57.97,135.63,80.74,10.45,12.98,15.18,0.0,3.3,0.0,0.0,0.0,3.52,2.75,2.86,463.32,12.43
38.6373,67.1,66.55,52.47,143.33,88.11,13.09,15.84,15.18,0.0,0.0,0.0,0.0,0.0,2.31,4.07,4.4,461.67,10.78
38.6473,60.17,59.95,51.04,154.22,91.08,14.41,17.38,16.5,0.0,3.3,0.0,0.0,0.0,3.52,4.07,2.86,464.75,13.75
38.6573,53.35,51.81,46.86,161.92,99.88,14.41,20.24,19.25,0.0,0.0,0.0,0.0,0.0,2.31,2.75,2.86,467.72,7.92
38.6673,48.18,46.97,44.11,169.73,107.25,23.54,28.93,19.25,0.0,0.0,0.0,0.0,0.0,2.31,4.07,2.86,487.96,9.24
38.6773,41.25,42.13,41.36,177.87,115.28,30.14,36.19,22.0,0.0,0.0,0.0,0.0,3.3,2.31,2.75,2.86,506.22,11.22
38.6873,37.84,35.64,37.29,185.9,122.1,40.59,47.74,24.75,0.0,0.0,0.0,0.0,0.0,3.52,2.75,2.86,531.85,9.13
38.6973,32.67,30.69,33.11,192.39,132.33,52.47,57.86,26.18,0.0,0.0,0.0,0.0,0.0,3.52,2.75,2.86,557.7,9.13
38.7073,30.91,25.85,28.93,198.88,139.15,64.9,68.31,28.93,0.0,0.0,0.0,0.0,0.0,3.52,0.0,0.0,585.86,3.52
38.7173,29.26,17.82,24.86,203.72,147.73,74.8,80.19,30.36,0.0,0.0,0.0,0.0,0.0,2.31,2.75,2.86,608.74,7.92
38.7273,24.09,14.52,19.25,211.86,154.55,86.13,89.21,31.68,0.0,0.0,0.0,0.0,0.0,2.31,4.07,2.86,631.29,9.24
38.7373,22.33,11.33,15.18,218.35,159.61,98.89,101.09,31.68,0.0,0.0,0.0,0.0,0.0,3.52,0.0,0.0,658.46,3.52
38.7473,18.92,8.03,13.75,223.19,163.02,111.65,113.08,35.86,0.0,0.0,0.0,0.0,3.3,0.0,0.0,2.86,687.5,6.16
38.7573,15.4,8.03,13.75,229.57,168.19,130.02,122.65,35.86,0.0,0.0,0.0,0.0,0.0,3.52,2.75,0.0,723.47,6.27
38.7673,13.75,8.03,12.43,232.65,169.84,143.77,133.98,38.61,0.0,0.0,0.0,0.0,0.0,2.31,2.75,0.0,753.06,5.06
38.7773,11.99,8.03,12.43,235.84,173.36,159.06,143.55,39.93,0.0,0.0,0.0,0.0,0.0,2.31,2.75,2.86,784.19,7.92
38.7873,6.82,6.38,8.25,234.3,173.36,173.36,154.88,41.36,0.0,0.0,0.0,0.0,0.0,0.0,0.0,0.0,798.71,0.0
38.7973,3.41,4.84,5.5,237.38,171.6,183.26,164.45,42.68,3.63,0.0,2.86,0.0,0.0,2.31,0.0,0.0,813.12,8.8
38.8073,0.0,3.19,5.5,235.84,166.43,198.22,172.59,41.36,3.63,0.0,0.0,0.0,0.0,2.31,2.75,2.86,823.13,11.55
38.8173,0.0,4.84,4.07,231.11,157.96,213.18,179.52,44.11,2.42,0.0,0.0,0.0,0.0,2.31,0.0,0.0,834.79,4.73
38.8273,0.0,3.19,4.07,221.54,147.73,223.08,190.08,44.11,4.84,3.3,0.0,0.0,0.0,0.0,0.0,0.0,833.8,8.14
38.8373,0.0,3.19,2.75,203.72,135.74,234.74,197.12,44.11,4.84,0.0,0.0,0.0,0.0,3.52,0.0,0.0,821.37,8.36
38.8473,0.0,0.0,4.07,184.36,125.51,242.99,204.05,44.11,8.58,0.0,0.0,0.0,0.0,0.0,0.0,0.0,805.09,8.58
38.8573,0.0,3.19,4.07,158.84,110.22,251.35,207.57,45.54,15.95,0.0,0.0,0.0,0.0,2.31,0.0,0.0,780.78,18.26
38.8673,0.0,3.19,2.75,130.9,98.34,254.65,211.09,45.54,28.27,0.0,0.0,0.0,0.0,0.0,0.0,0.0,746.46,28.27
38.8773,0.0,3.19,4.07,106.59,88.11,261.25,212.85,45.54,49.28,4.95,2.86,0.0,0.0,2.31,0.0,0.0,721.6,59.4
38.8873,0.0,3.19,4.07,86.57,73.37,266.2,212.85,45.54,83.38,9.9,4.29,0.0,3.3,3.52,0.0,0.0,691.79,104.39
38.8973,0.0,3.19,4.07,62.26,55.77,267.85,204.05,46.86,104.83,68.64,11.44,6.27,8.25,5.83,5.5,5.83,644.05,216.59
38.9073,0.0,3.19,2.75,38.94,34.76,264.55,184.8,46.86,106.15,99.44,57.2,27.06,14.85,7.04,9.57,8.8,575.85,330.11
38.9173,0.0,4.84,4.07,21.23,26.4,233.09,133.98,56.54,107.47,115.06,78.87,55.77,26.4,10.67,11.0,11.66,480.15,416.9
38.9273,0.0,4.84,2.75,17.71,22.22,160.6,78.76,78.76,110.22,120.01,88.22,63.14,41.36,11.77,15.18,13.2,365.64,463.1
38.9373,0.0,4.84,0.0,15.29,19.47,111.65,34.76,127.05,103.51,118.36,86.68,73.59,54.56,12.98,15.18,14.63,313.06,479.49
38.9473,0.0,3.19,2.75,10.56,13.86,44.55,24.53,130.13,103.51,121.66,88.22,84.04,64.13,12.98,13.75,16.06,229.57,504.35
38.9573,0.0,4.84,0.0,8.25,11.11,23.54,20.24,83.27,103.51,123.31,91.3,92.95,71.83,12.98,16.5,17.6,151.25,529.98
38.9673,0.0,4.84,0.0,4.73,8.36,17.05,12.98,48.29,106.15,129.91,95.92,99.0,76.45,15.4,17.93,17.6,96.25,558.36
38.9773,0.0,3.19,0.0,4.73,6.93,11.77,11.55,31.68,104.83,133.21,100.65,100.43,82.72,15.4,17.93,17.6,69.85,572.77
38.9873,0.0,3.19,0.0,3.52,4.18,9.13,10.12,17.93,103.51,133.21,102.19,109.34,87.34,14.19,17.93,19.03,48.07,586.74
38.9973,0.0,3.19,0.0,3.52,4.18,6.49,5.72,5.5,102.08,136.51,103.73,115.5,91.96,15.4,19.25,19.03,28.6,603.46
39.0073,0.0,3.19,0.0,2.31,4.18,3.85,4.29,0.0,99.44,133.21,100.65,120.23,95.04,16.61,19.25,20.46,17.82,604.89
39.0173,0.0,0.0,0.0,3.52,2.75,5.17,4.29,2.75,96.8,133.21,97.46,123.42,96.69,16.61,19.25,19.03,18.48,602.47
39.0273,0.0,0.0,0.0,0.0,0.0,3.85,4.29,2.75,91.41,128.26,91.3,126.61,99.77,17.71,17.93,19.03,10.89,592.02
39.0373,0.0,0.0,0.0,2.31,2.75,2.53,2.86,2.75,87.34,124.96,86.68,129.69,99.77,16.61,17.93,22.0,13.2,584.98
39.0473,0.0,0.0,0.0,0.0,2.75,3.85,2.86,2.75,80.74,116.71,78.87,129.69,102.85,16.61,19.25,22.0,12.21,566.72
39.0573,0.0,0.0,0.0,2.31,0.0,3.85,2.86,2.75,74.03,108.68,74.25,134.42,102.85,17.71,17.93,20.46,11.77,550.33
39.0673,0.0,0.0,0.0,0.0,0.0,3.85,2.86,2.75,68.64,100.98,67.98,136.07,104.39,16.61,20.68,22.0,9.46,537.35
39.0773,0.0,0.0,0.0,0.0,0.0,0.0,2.86,2.75,61.93,90.2,63.36,139.15,107.47,18.92,19.25,23.43,5.61,523.71
39.0873,0.0,0.0,0.0,2.31,2.75,0.0,0.0,0.0,55.44,79.42,55.77,142.34,110.55,18.92,20.68,23.43,5.06,506.55
39.0973,0.0,0.0,0.0,0.0,0.0,2.53,0.0,0.0,50.49,73.26,52.91,143.99,112.09,17.71,22.0,24.86,2.53,497.31
39.1073,0.0,0.0,0.0,0.0,0.0,0.0,0.0,0.0,43.12,64.02,48.62,151.8,116.82,18.92,22.0,23.43,0.0,488.73
39.1173,0.0,0.0,0.0,0.0,0.0,2.53,0.0,0.0,36.96,56.1,44.33,154.99,123.31,18.92,23.43,22.0,2.53,480.04
39.1273,0.0,0.0,0.0,0.0,0.0,0.0,0.0,0.0,33.22,49.5,40.04,162.91,128.15,20.13,23.43,26.4,0.0,483.78
39.1373,0.0,0.0,0.0,0.0,0.0,0.0,0.0,0.0,28.27,41.25,37.18,169.51,134.64,21.34,24.75,26.4,0.0,483.34
39.1473,0.0,0.0,0.0,0.0,0.0,0.0,0.0,0.0,23.43,33.0,32.89,178.09,144.43,22.44,30.36,29.26,0.0,493.9
39.1573,0.0,0.0,0.0,0.0,0.0,2.53,0.0,0.0,19.69,26.4,28.6,186.78,150.92,24.86,34.43,30.8,2.53,502.48
39.1673,0.0,0.0,0.0,0.0,0.0,0.0,0.0,0.0,17.16,21.45,25.74,193.71,160.6,28.38,42.68,32.23,0.0,521.95
39.1773,0.0,0.0,0.0,0.0,0.0,0.0,0.0,0.0,14.74,18.15,22.88,198.88,167.09,35.53,49.61,33.66,0.0,540.54
39.1873,0.0,0.0,0.0,0.0,0.0,2.53,0.0,0.0,12.32,11.55,17.16,205.81,177.54,44.99,59.4,35.2,2.53,563.97
39.1973,0.0,0.0,0.0,0.0,0.0,0.0,0.0,2.75,11.0,11.55,12.87,209.22,186.56,53.35,66.88,38.06,2.75,589.49
39.2073,0.0,0.0,0.0,0.0,0.0,0.0,0.0,0.0,8.58,8.25,8.58,216.15,195.58,66.22,80.3,39.6,0.0,623.26
39.2173,0.0,0.0,0.0,0.0,0.0,0.0,0.0,0.0,7.37,8.25,8.58,221.32,204.6,79.86,92.29,42.46,0.0,664.73
39.2273,0.0,0.0,0.0,0.0,0.0,0.0,0.0,0.0,6.16,8.25,2.86,224.84,213.62,94.93,107.14,44.0,0.0,701.8
39.2373,0.0,0.0,0.0,0.0,0.0,0.0,0.0,0.0,3.63,6.6,5.72,230.01,217.14,111.54,114.73,45.43,0.0,734.8
39.2473,0.0,0.0,2.75,0.0,0.0,0.0,0.0,0.0,2.42,4.95,4.29,231.77,222.64,126.94,127.05,48.4,2.75,768.46
39.2573,0.0,0.0,2.75,0.0,0.0,0.0,0.0,0.0,0.0,4.95,4.29,231.77,226.05,142.67,136.18,49.83,2.75,795.74
39.2673,0.0,0.0,2.75,0.0,0.0,0.0,0.0,0.0,0.0,3.3,0.0,228.25,229.46,160.05,145.42,46.86,2.75,813.34
39.2773,0.0,0.0,0.0,0.0,0.0,0.0,0.0,0.0,0.0,3.3,0.0,223.08,226.05,175.67,151.47,48.4,0.0,827.97
39.2872,0.0,0.0,2.75,0.0,0.0,0.0,0.0,0.0,0.0,3.3,2.86,217.91,211.75,187.88,156.09,51.26,2.75,831.05
39.2972,8.58,4.84,2.75,0.0,0.0,0.0,0.0,0.0,0.0,3.3,2.86,204.05,202.73,194.81,159.17,48.4,16.17,815.32
39.3072,11.99,0.0,0.0,0.0,0.0,0.0,0.0,0.0,0.0,4.95,0.0,186.78,184.8,208.67,163.79,45.43,11.99,794.42
39.3172,22.33,0.0,0.0,0.0,0.0,0.0,0.0,0.0,0.0,3.3,0.0,169.51,173.91,217.36,168.52,46.86,22.33,779.46
39.3272,53.35,0.0,0.0,2.31,0.0,0.0,0.0,0.0,0.0,4.95,0.0,150.26,158.95,228.03,171.71,45.43,55.66,759.33
39.3372,55.11,0.0,0.0,2.31,0.0,0.0,0.0,0.0,0.0,3.3,2.86,128.15,150.92,231.77,175.01,46.86,57.42,738.87
39.3472,80.85,0.0,0.0,0.0,4.18,0.0,0.0,0.0,0.0,3.3,2.86,109.34,139.59,240.9,176.66,44.0,85.03,716.65
39.3572,111.87,0.0,6.82,3.52,6.93,2.53,2.86,2.75,0.0,4.95,0.0,88.55,129.8,244.53,179.85,44.0,137.28,691.68
39.3672,141.57,16.17,20.68,15.29,43.12,5.17,4.29,6.82,0.0,4.95,0.0,73.59,116.82,244.53,179.85,42.46,253.11,662.2
39.3772,139.92,24.31,52.47,22.44,48.73,7.81,7.15,8.25,0.0,3.3,0.0,54.12,101.31,244.53,175.01,42.46,311.08,620.73
39.3872,145.09,32.34,67.1,40.15,70.4,7.81,8.69,8.25,0.0,3.3,0.0,34.98,79.64,237.16,165.33,42.46,379.83,562.87
39.3972,138.16,32.34,68.64,48.4,85.14,9.13,11.55,11.0,0.0,4.95,0.0,28.6,46.31,212.19,146.96,44.0,404.36,483.01
39.4072,138.16,37.18,65.56,62.26,95.48,10.45,12.98,12.32,0.0,4.95,0.0,25.41,38.06,158.29,95.26,46.86,434.39,368.83
39.4172,139.92,42.13,65.56,76.56,105.71,10.45,14.41,13.75,0.0,4.95,0.0,22.22,31.46,107.03,46.86,63.36,468.49,275.88
39.4272,139.92,45.32,70.18,86.57,113.63,10.45,18.81,15.18,0.0,0.0,2.86,20.68,29.81,50.93,24.75,100.1,500.06,229.13
39.4372,139.92,46.97,74.91,92.29,118.69,11.77,27.5,16.5,0.0,3.3,0.0,15.84,23.1,29.59,20.68,100.1,528.55,192.61
39.4472,141.57,51.81,79.53,98.01,122.1,15.73,34.76,17.93,0.0,3.3,0.0,12.65,19.8,21.34,17.93,71.06,561.44,146.08
39.4572,141.57,51.81,79.53,103.73,127.27,19.58,40.48,19.25,0.0,4.95,0.0,9.46,13.2,15.4,15.18,36.63,583.22,94.82
39.4672,141.57,55.11,79.53,106.59,127.27,20.9,46.31,17.93,0.0,3.3,0.0,4.73,9.9,9.46,11.0,23.43,595.21,61.82
39.4772,138.16,51.81,84.26,110.88,130.68,24.86,50.6,19.25,0.0,0.0,0.0,4.73,8.25,9.46,9.57,13.2,610.5,45.21
39.4872,136.4,53.46,82.72,110.88,132.33,27.5,53.57,22.0,0.0,0.0,0.0,3.08,3.3,9.46,6.82,5.83,618.86,28.49
39.4972,132.88,51.81,81.07,112.42,134.09,30.14,55.0,20.68,0.0,0.0,0.0,3.08,4.95,7.04,6.82,4.4,618.09,26.29
39.5072,129.36,48.62,79.53,113.96,137.5,32.78,57.86,22.0,0.0,0.0,0.0,3.08,3.3,7.04,4.07,5.83,621.61,23.32
39.5172,122.43,45.32,73.37,117.04,137.5,34.1,62.37,23.43,0.0,3.3,0.0,0.0,3.3,5.83,5.5,5.83,615.56,23.76
39.5272,115.39,42.13,67.1,118.58,139.15,37.95,65.34,22.0,0.0,0.0,0.0,0.0,3.3,5.83,5.5,5.83,607.64,20.46
39.5372,108.46,37.18,60.94,121.66,142.56,40.59,69.74,24.75,0.0,3.3,0.0,3.08,3.3,7.04,2.75,4.4,605.88,23.87
39.5472,101.53,32.34,52.47,123.2,145.97,44.55,72.71,24.75,0.0,0.0,0.0,3.08,0.0,5.83,5.5,5.83,597.52,20.24
39.5572,94.71,27.5,48.29,124.74,149.38,45.87,75.79,26.18,0.0,0.0,0.0,0.0,3.3,5.83,4.07,4.4,592.46,17.6
39.5672,86.02,24.31,44.11,124.74,151.14,48.51,80.19,27.5,0.0,0.0,0.0,0.0,0.0,5.83,4.07,0.0,586.52,9.9
39.5772,80.85,21.01,40.04,129.36,152.79,53.79,84.7,27.5,0.0,0.0,0.0,3.08,3.3,4.73,4.07,4.4,590.04,19.58
39.5872,74.03,17.82,34.43,130.9,156.2,57.86,86.13,28.93,0.0,0.0,0.0,0.0,0.0,4.73,4.07,4.4,586.3,13.2
39.5972,67.1,12.87,28.93,134.09,157.96,62.15,92.18,28.93,0.0,0.0,0.0,0.0,0.0,5.83,0.0,2.86,584.21,8.69
39.6072,61.93,9.68,26.18,135.63,163.02,64.9,96.58,28.93,0.0,3.3,0.0,0.0,3.3,4.73,2.75,4.4,586.85,18.48
39.6172,56.76,8.03,23.43,135.63,164.78,70.62,102.63,28.93,0.0,0.0,0.0,0.0,3.3,3.52,4.07,4.4,590.81,15.29
39.6272,51.59,6.38,20.68,138.71,171.6,74.8,108.57,30.36,0.0,0.0,0.0,0.0,0.0,2.31,2.75,2.86,602.69,7.92
39.6372,44.77,4.84,17.93,140.25,176.88,79.09,113.08,31.68,0.0,0.0,0.0,0.0,0.0,4.73,0.0,2.86,608.52,7.59
39.6472,41.25,0.0,15.18,141.79,180.4,84.7,119.46,30.36,0.0,0.0,0.0,0.0,0.0,3.52,4.07,4.4,613.14,11.99
39.6572,36.08,3.19,11.0,141.79,189.09,88.99,125.84,31.68,0.0,0.0,0.0,0.0,0.0,3.52,2.75,5.83,627.66,12.1
39.6672,30.91,3.19,11.0,143.33,194.26,97.46,135.52,34.43,0.0,0.0,0.0,0.0,0.0,2.31,4.07,2.86,650.1,9.24
39.6772,25.74,3.19,12.43,144.87,197.78,104.5,142.01,35.86,0.0,0.0,0.0,0.0,0.0,2.31,4.07,4.4,666.38,10.78
39.6872,22.33,3.19,9.57,146.41,203.06,113.08,151.58,35.86,0.0,0.0,0.0,0.0,0.0,2.31,4.07,2.86,685.08,9.24
39.6972,18.92,0.0,9.57,147.95,206.58,120.78,161.26,37.18,0.0,0.0,0.0,0.0,0.0,3.52,2.75,4.4,702.24,10.67
39.7072,11.99,0.0,8.25,149.49,208.23,131.45,169.29,38.61,0.0,0.0,0.0,0.0,0.0,2.31,2.75,0.0,717.31,5.06
39.7172,8.58,3.19,6.82,151.14,209.99,140.69,179.52,39.93,0.0,0.0,0.0,0.0,0.0,3.52,0.0,0.0,739.86,3.52
39.7272,6.82,0.0,6.82,149.49,213.51,151.36,190.08,42.68,0.0,0.0,0.0,0.0,0.0,0.0,2.75,2.86,760.76,5.61
39.7372,5.06,3.19,5.5,147.95,209.99,163.68,197.12,44.11,0.0,3.3,0.0,0.0,0.0,2.31,4.07,0.0,776.6,9.68
39.7472,3.41,0.0,4.07,146.41,206.58,171.71,207.57,44.11,0.0,0.0,0.0,0.0,0.0,3.52,2.75,2.86,783.86,9.13
39.7572,0.0,0.0,4.07,140.25,203.06,179.96,214.61,46.86,9.79,3.3,0.0,0.0,0.0,0.0,0.0,2.86,788.81,15.95
39.7672,0.0,0.0,2.75,130.9,194.26,191.62,218.13,44.11,7.37,0.0,0.0,0.0,0.0,2.31,2.75,2.86,781.77,15.29
39.7772,0.0,0.0,4.07,120.12,185.57,199.87,226.71,46.86,6.16,0.0,0.0,0.0,0.0,0.0,0.0,2.86,783.2,9.02
39.7872,0.0,0.0,0.0,109.45,175.12,206.58,235.29,46.86,7.37,0.0,0.0,0.0,0.0,0.0,2.75,0.0,773.3,10.12
39.7972,0.0,0.0,4.07,95.15,164.78,214.83,242.11,48.29,8.58,0.0,0.0,0.0,0.0,2.31,0.0,2.86,769.23,13.75
39.8072,0.0,0.0,4.07,85.14,156.2,221.43,245.52,48.29,11.0,0.0,0.0,0.0,0.0,2.31,0.0,2.86,760.65,16.17
39.8172,0.0,0.0,0.0,75.13,142.56,224.84,248.93,49.61,17.16,0.0,0.0,0.0,0.0,2.31,0.0,0.0,741.07,19.47
39.8272,0.0,0.0,2.75,63.69,132.33,229.79,255.64,51.04,24.64,0.0,0.0,0.0,0.0,2.31,2.75,2.86,735.24,32.56
39.8372,0.0,0.0,2.75,50.82,118.69,233.09,255.64,52.36,39.38,0.0,0.0,0.0,0.0,0.0,0.0,2.86,713.35,42.24
39.8472,0.0,3.19,0.0,38.94,104.28,234.74,259.05,55.11,63.25,0.0,0.0,0.0,0.0,3.52,0.0,0.0,695.31,66.77
39.8572,0.0,3.19,2.75,24.75,91.08,231.44,257.4,59.4,99.44,6.6,2.86,0.0,0.0,2.31,0.0,0.0,670.01,111.21
39.8672,0.0,0.0,2.75,15.29,73.37,221.43,252.23,65.34,118.69,90.2,18.59,6.27,4.95,3.52,2.75,0.0,630.41,244.97
39.8772,0.0,3.19,0.0,11.77,50.16,198.22,242.11,72.82,117.26,128.26,64.9,9.46,9.9,5.83,2.75,4.4,578.27,342.76
39.8872,0.0,0.0,0.0,10.56,30.58,159.06,205.81,81.73,110.22,136.51,85.03,20.68,13.2,7.04,8.25,5.83,487.74,386.76
39.8972,0.0,3.19,2.75,9.46,27.83,114.62,135.52,101.2,102.08,136.51,85.03,46.2,19.8,8.25,9.57,10.23,394.57,417.67
39.9072,0.0,3.19,0.0,8.25,23.65,72.05,75.79,145.64,90.09,131.56,85.03,67.65,38.06,11.77,11.0,14.63,328.57,449.79
39.9172,0.0,0.0,2.75,5.83,18.04,30.14,33.22,177.21,84.7,133.21,86.68,87.01,51.26,12.98,13.75,16.06,267.19,485.65
39.9272,0.0,4.84,2.75,3.52,15.29,23.54,26.07,119.35,84.7,139.7,91.3,103.4,62.59,12.98,15.18,16.06,195.36,525.91
39.9372,0.0,0.0,0.0,2.31,12.54,19.58,21.67,55.11,83.38,143.0,95.92,112.42,68.75,14.19,15.18,17.6,111.21,550.44
39.9472,0.0,3.19,0.0,0.0,8.36,13.09,15.84,37.18,82.06,144.65,97.46,120.23,78.1,14.19,16.5,19.03,77.66,572.22
39.9572,0.0,3.19,0.0,0.0,6.93,9.13,12.98,22.0,80.74,146.3,97.46,128.15,84.26,16.61,15.18,20.46,54.23,589.16
39.9672,0.0,0.0,0.0,0.0,5.5,6.49,8.69,11.0,79.31,144.65,97.46,137.61,85.8,15.4,16.5,20.46,31.68,597.19
39.9772,0.0,0.0,0.0,0.0,4.18,5.17,7.15,2.75,75.35,141.35,92.84,140.8,91.96,17.71,17.93,20.46,19.25,598.4
39.9872,0.0,0.0,0.0,0.0,2.75,3.85,7.15,2.75,69.96,138.16,88.22,147.07,95.04,17.71,19.25,22.0,16.5,597.41
39.9972,0.0,0.0,0.0,0.0,4.18,3.85,7.15,2.75,66.0,131.56,83.49,151.8,98.23,16.61,17.93,23.43,17.93,589.05
40.0072,0.0,0.0,0.0,0.0,2.75,3.85,5.72,2.75,60.61,123.31,75.79,156.53,102.85,17.71,20.68,23.43,15.07,580.91
40.0172,0.0,0.0,0.0,0.0,4.18,2.53,5.72,0.0,55.44,113.41,67.98,161.26,104.39,18.92,19.25,22.0,12.43,562.65
40.0272,0.0,0.0,0.0,0.0,0.0,3.85,4.29,2.75,50.49,104.06,61.82,166.1,107.47,20.13,19.25,23.43,10.89,552.75
40.0372,0.0,0.0,0.0,0.0,2.75,2.53,5.72,2.75,44.33,91.74,57.2,171.27,110.55,18.92,22.0,24.86,13.75,540.87
40.0472,0.0,0.0,0.0,0.0,0.0,2.53,4.29,2.75,40.7,84.04,50.05,176.44,115.28,20.13,22.0,26.4,9.57,535.04
40.0572,0.0,0.0,0.0,0.0,2.75,2.53,4.29,2.75,35.75,71.72,47.19,179.85,118.47,20.13,23.43,24.86,12.32,521.4
40.0672,0.0,0.0,0.0,0.0,2.75,0.0,2.86,0.0,32.01,64.02,41.47,185.02,123.31,20.13,22.0,27.83,5.61,515.79
40.0772,0.0,0.0,0.0,0.0,2.75,0.0,2.86,2.75,28.27,59.4,37.18,191.95,123.31,21.34,23.43,26.4,8.36,511.28
40.0872,0.0,0.0,0.0,0.0,2.75,0.0,2.86,0.0,25.85,51.15,34.32,195.47,123.31,22.44,24.75,27.83,5.61,505.12
40.0972,0.0,0.0,0.0,0.0,0.0,2.53,2.86,2.75,23.43,46.2,30.03,204.05,129.8,22.44,26.18,29.26,8.14,511.39
40.1072,0.0,0.0,0.0,0.0,0.0,0.0,0.0,2.75,20.9,39.6,27.17,210.98,131.45,23.65,27.5,29.26,2.75,510.51
40.1172,0.0,0.0,0.0,0.0,0.0,0.0,0.0,2.75,18.48,34.65,22.88,217.91,134.64,27.28,28.93,29.26,2.75,514.03
40.1272,0.0,0.0,0.0,0.0,2.75,0.0,0.0,0.0,15.95,26.4,20.02,226.49,139.59,32.01,33.11,32.23,2.75,525.8
40.1372,0.0,0.0,0.0,0.0,0.0,0.0,2.86,0.0,14.74,24.75,18.59,230.01,141.13,36.74,35.86,32.23,2.86,534.05
40.1472,0.0,0.0,0.0,0.0,0.0,0.0,0.0,2.75,13.53,19.8,17.16,235.29,145.97,42.68,42.68,36.63,2.75,553.74
40.1572,0.0,0.0,0.0,0.0,0.0,0.0,0.0,2.75,12.32,16.5,15.73,240.57,147.62,50.93,46.86,36.63,2.75,567.16
40.1672,0.0,0.0,0.0,0.0,0.0,0.0,0.0,2.75,11.0,14.85,11.44,244.09,150.92,58.74,52.36,38.06,2.75,581.46
40.1772,0.0,0.0,0.0,0.0,0.0,0.0,2.86,2.75,9.79,13.2,10.01,247.61,157.41,70.84,57.97,38.06,5.61,604.89
40.1872,0.0,0.0,0.0,0.0,0.0,0.0,0.0,2.75,8.58,11.55,8.58,252.78,160.6,81.4,68.31,41.03,2.75,632.83
40.1972,0.0,0.0,0.0,0.0,0.0,0.0,0.0,2.75,8.58,9.9,7.15,256.3,162.25,91.96,75.79,41.03,2.75,652.96
40.2072,0.0,0.0,0.0,0.0,0.0,0.0,2.86,4.07,7.37,8.25,7.15,261.58,165.44,102.52,81.84,41.03,6.93,675.18
40.2172,0.0,0.0,0.0,0.0,0.0,0.0,0.0,2.75,4.84,6.6,5.72,265.1,165.44,114.73,86.24,42.46,2.75,691.13
40.2272,0.0,0.0,0.0,0.0,0.0,0.0,0.0,2.75,3.63,8.25,4.29,272.14,167.09,126.94,93.72,44.0,2.75,720.06
40.2372,0.0,0.0,0.0,0.0,0.0,0.0,0.0,2.75,2.42,4.95,2.86,275.66,170.39,139.15,101.2,48.4,2.75,745.03
40.2472,0.0,0.0,0.0,0.0,0.0,0.0,0.0,0.0,0.0,4.95,4.29,277.31,167.09,154.77,108.68,45.43,0.0,762.52
40.2572,0.0,0.0,0.0,0.0,0.0,0.0,0.0,0.0,0.0,6.6,2.86,280.72,163.9,166.98,113.19,48.4,0.0,782.65
40.2672,0.0,0.0,2.75,0.0,2.75,0.0,0.0,2.75,0.0,4.95,2.86,282.48,165.44,179.19,117.81,49.83,8.25,802.56
40.2772,0.0,0.0,0.0,0.0,0.0,0.0,0.0,0.0,0.0,4.95,0.0,280.72,160.6,191.29,120.89,51.26,0.0,809.71
40.2872,6.82,0.0,0.0,0.0,0.0,0.0,0.0,0.0,0.0,4.95,0.0,280.72,155.76,201.74,125.51,51.26,6.82,819.94
40.2972,6.82,0.0,0.0,0.0,0.0,0.0,0.0,0.0,0.0,3.3,2.86,275.66,147.62,213.95,123.97,48.4,6.82,815.76
40.3072,10.23,0.0,0.0,0.0,0.0,0.0,0.0,0.0,0.0,3.3,2.86,268.62,137.94,222.64,127.05,49.83,10.23,812.24
40.3172,11.99,0.0,0.0,0.0,0.0,0.0,0.0,0.0,0.0,0.0,2.86,259.82,128.15,229.9,131.56,49.83,11.99,802.12
40.3272,13.75,0.0,0.0,0.0,0.0,0.0,0.0,0.0,0.0,0.0,0.0,245.85,120.12,240.9,131.56,45.43,13.75,783.86
40.3372,22.33,0.0,0.0,0.0,0.0,0.0,0.0,0.0,0.0,3.3,0.0,228.25,109.01,251.79,134.64,46.86,22.33,773.85
40.3472,36.08,0.0,0.0,0.0,0.0,0.0,0.0,0.0,0.0,3.3,0.0,205.81,107.47,261.03,137.72,46.86,36.08,762.19
40.3572,60.17,0.0,0.0,0.0,2.75,0.0,0.0,0.0,0.0,4.95,0.0,181.61,101.31,270.16,136.18,46.86,62.92,741.07
40.3672,84.37,0.0,0.0,0.0,2.75,0.0,0.0,0.0,0.0,4.95,0.0,159.72,90.42,279.4,140.8,46.86,87.12,722.15
40.3772,113.63,0.0,0.0,0.0,4.18,0.0,2.86,0.0,0.0,0.0,0.0,137.61,87.34,288.75,140.8,46.86,120.67,701.36
40.3872,148.61,25.85,8.25,2.31,8.36,2.53,2.86,2.75,0.0,0.0,0.0,123.42,76.45,292.6,137.72,44.0,201.52,674.19
40.3972,141.57,64.9,55.22,4.73,12.54,3.85,4.29,4.07,0.0,0.0,0.0,106.37,71.83,290.73,134.64,46.86,291.17,650.43
40.4072,131.12,71.39,85.8,17.71,15.29,3.85,7.15,5.5,0.0,3.3,0.0,94.49,61.05,286.88,125.51,44.0,337.81,615.23
40.4172,122.43,71.39,95.15,31.9,40.37,6.49,7.15,9.57,0.0,3.3,0.0,78.1,44.66,283.14,108.68,41.03,384.45,558.91
40.4272,111.87,69.74,96.69,49.61,64.57,7.81,10.12,11.0,0.0,4.95,0.0,54.12,33.11,275.66,84.81,39.6,421.41,492.25
40.4372,103.29,71.39,93.61,66.55,82.17,9.13,12.98,12.32,0.0,0.0,0.0,33.44,31.46,244.53,46.86,35.2,451.44,391.49
40.4472,98.12,73.04,95.15,79.42,99.88,10.45,17.38,15.18,0.0,0.0,0.0,30.25,28.05,177.43,27.5,42.46,488.62,305.69
40.4572,92.95,71.39,96.69,89.43,115.28,13.09,31.79,16.5,0.0,3.3,0.0,25.41,24.75,120.01,22.0,51.26,527.12,246.73
40.4672,86.02,69.74,98.23,99.44,127.27,15.73,46.31,19.25,0.0,0.0,0.0,22.22,19.8,61.71,19.25,57.2,561.99,180.18
40.4772,82.61,68.2,93.61,105.16,135.74,19.58,60.83,20.68,0.0,3.3,0.0,19.03,14.85,32.01,16.5,42.46,586.41,128.15
40.4872,77.44,64.9,93.61,110.88,144.32,26.18,72.71,23.43,0.0,3.3,0.0,12.65,13.2,23.65,13.75,29.26,613.47,95.81
40.4972,74.03,61.6,88.88,118.58,149.38,34.1,84.7,24.75,0.0,0.0,0.0,9.46,8.25,15.4,12.32,22.0,636.02,67.43
40.5072,68.86,58.3,84.26,120.12,157.96,39.27,95.15,27.5,0.0,3.3,0.0,6.27,6.6,10.67,11.0,19.03,651.42,56.87
40.5172,65.34,53.46,77.99,126.28,161.37,48.51,104.06,27.5,0.0,0.0,0.0,6.27,4.95,8.25,9.57,11.66,664.51,40.7
40.5272,61.93,50.16,71.83,130.9,166.43,53.79,113.08,28.93,0.0,0.0,0.0,6.27,4.95,9.46,4.07,5.83,677.05,30.58
40.5372,58.52,46.97,65.56,135.63,168.19,59.29,121.11,31.68,0.0,0.0,0.0,6.27,4.95,8.25,5.5,4.4,686.95,29.37
40.5472,55.11,43.67,59.4,140.25,171.6,67.76,129.14,33.11,0.0,0.0,0.0,3.08,3.3,8.25,5.5,4.4,700.04,24.53
40.5572,51.59,38.83,51.04,143.33,175.12,74.8,133.98,31.68,0.0,3.3,0.0,4.73,3.3,8.25,5.5,2.86,700.37,27.94
40.5672,46.42,37.18,45.54,147.95,175.12,81.95,142.01,34.43,0.0,0.0,0.0,4.73,3.3,7.04,2.75,2.86,710.6,20.68
40.5772,43.01,32.34,40.04,152.68,173.36,86.13,146.85,35.86,0.0,3.3,0.0,0.0,3.3,7.04,2.75,4.4,710.27,20.79
40.5872,39.6,27.5,33.11,155.76,175.12,91.85,150.04,35.86,0.0,0.0,0.0,4.73,0.0,5.83,4.07,2.86,708.84,17.49
40.5972,36.08,24.31,28.93,158.84,171.6,96.03,153.23,37.18,0.0,0.0,0.0,4.73,3.3,7.04,5.5,5.83,706.2,26.4
40.6072,32.67,19.36,23.43,160.38,173.36,101.75,156.42,38.61,0.0,3.3,0.0,4.73,0.0,5.83,0.0,0.0,705.98,13.86
40.6172,27.5,14.52,19.25,165.0,168.19,107.36,159.72,37.18,0.0,0.0,0.0,3.08,3.3,4.73,4.07,2.86,698.72,18.04
40.6272,24.09,9.68,16.5,168.19,168.19,111.65,162.91,38.61,0.0,0.0,0.0,0.0,0.0,5.83,2.75,2.86,699.82,11.44
40.6372,20.57,8.03,12.43,169.73,168.19,119.24,164.45,38.61,0.0,0.0,0.0,3.08,3.3,4.73,4.07,4.4,701.25,19.58
40.6472,18.92,6.38,11.0,173.03,163.02,123.86,167.75,39.93,0.0,0.0,0.0,3.08,0.0,5.83,4.07,4.4,703.89,17.38
40.6572,17.16,6.38,11.0,173.03,164.78,128.48,169.29,39.93,0.0,0.0,0.0,3.08,0.0,4.73,4.07,2.86,710.05,14.74
40.6672,15.4,6.38,11.0,176.22,163.02,130.02,172.59,39.93,0.0,0.0,0.0,0.0,3.3,4.73,4.07,2.86,714.56,14.96
40.6772,13.75,4.84,11.0,176.22,161.37,134.53,174.24,41.36,0.0,3.3,0.0,3.08,0.0,3.52,4.07,2.86,717.31,16.83
40.6872,11.99,4.84,9.57,174.57,161.37,139.15,179.52,41.36,0.0,0.0,0.0,0.0,0.0,4.73,4.07,0.0,722.37,8.8
40.6972,11.99,4.84,8.25,173.03,159.61,143.77,183.04,39.93,0.0,0.0,0.0,3.08,0.0,4.73,2.75,0.0,724.46,10.56
40.7072,8.58,4.84,9.57,174.57,157.96,146.85,184.8,41.36,0.0,0.0,0.0,0.0,3.3,4.73,2.75,2.86,728.53,13.64
40.7171,6.82,3.19,9.57,173.03,159.61,149.82,190.08,41.36,0.0,0.0,0.0,0.0,0.0,3.52,4.07,2.86,733.48,10.45
40.7271,6.82,4.84,6.82,173.03,159.61,154.44,191.84,42.68,0.0,0.0,0.0,0.0,0.0,3.52,4.07,2.86,740.08,10.45
40.7371,5.06,3.19,6.82,174.57,157.96,160.6,197.12,42.68,0.0,0.0,0.0,0.0,0.0,3.52,4.07,2.86,748.0,10.45
40.7471,5.06,3.19,6.82,171.38,159.61,165.22,198.77,42.68,0.0,0.0,0.0,0.0,0.0,3.52,0.0,4.4,752.73,7.92
40.7571,3.41,3.19,4.07,169.73,159.61,170.06,204.05,45.54,0.0,0.0,0.0,0.0,0.0,3.52,4.07,0.0,759.66,7.59
40.7671,3.41,0.0,5.5,171.38,159.61,173.36,209.33,44.11,0.0,0.0,0.0,0.0,0.0,3.52,4.07,2.86,766.7,10.45
40.7771,0.0,0.0,5.5,171.38,154.55,175.01,212.85,44.11,0.0,0.0,0.0,0.0,0.0,3.52,4.07,2.86,763.4,10.45
40.7871,0.0,3.19,5.5,168.19,156.2,179.96,214.61,45.54,0.0,0.0,0.0,3.08,3.3,3.52,4.07,2.86,773.19,16.83
40.7971,0.0,0.0,4.07,165.0,151.14,184.91,219.89,45.54,0.0,0.0,0.0,3.08,3.3,3.52,2.75,2.86,770.55,15.51
40.8071,0.0,0.0,4.07,163.46,151.14,189.97,221.65,46.86,0.0,0.0,0.0,3.08,3.3,3.52,0.0,0.0,777.15,9.9
40.8171,0.0,0.0,4.07,158.84,147.73,193.27,225.06,46.86,0.0,0.0,0.0,0.0,3.3,3.52,2.75,0.0,775.83,9.57
40.8271,0.0,0.0,4.07,152.68,145.97,198.22,228.47,46.86,0.0,0.0,0.0,3.08,0.0,4.73,0.0,2.86,776.27,10.67
40.8371,0.0,0.0,0.0,146.41,142.56,203.17,231.88,48.29,0.0,0.0,0.0,0.0,0.0,3.52,2.75,0.0,772.31,6.27
40.8471,0.0,0.0,0.0,140.25,137.5,208.23,233.53,46.86,0.0,0.0,0.0,3.08,3.3,4.73,0.0,0.0,766.37,11.11
40.8571,0.0,0.0,2.75,134.09,134.09,211.53,238.7,48.29,0.0,0.0,0.0,0.0,3.3,3.52,0.0,0.0,769.45,6.82
40.8671,0.0,0.0,0.0,121.66,130.68,214.83,242.11,48.29,0.0,0.0,0.0,3.08,4.95,4.73,2.75,0.0,757.57,15.51
40.8771,0.0,0.0,0.0,112.42,127.27,219.78,240.35,51.04,0.0,0.0,0.0,6.27,6.6,5.83,4.07,0.0,750.86,22.77
40.8871,0.0,0.0,2.75,100.87,118.69,219.78,245.52,49.61,0.0,0.0,0.0,7.92,49.61,5.83,6.82,4.4,737.22,74.58
40.8971,0.0,0.0,0.0,89.43,113.63,221.43,243.76,52.36,0.0,0.0,0.0,30.25,62.59,8.25,11.0,10.23,720.61,122.32
40.9071,0.0,0.0,0.0,79.42,108.68,221.43,242.11,52.36,0.0,0.0,0.0,67.65,71.83,11.77,13.75,13.2,704.0,178.2
40.9171,0.0,0.0,0.0,66.55,99.88,223.08,242.11,52.36,0.0,0.0,0.0,104.94,85.8,12.98,17.93,16.06,683.98,237.71
40.9271,0.0,3.19,0.0,53.13,92.51,219.78,240.35,55.11,0.0,0.0,0.0,123.42,102.85,16.61,19.25,17.6,664.07,279.73
40.9371,0.0,3.19,0.0,42.57,82.17,218.13,233.53,56.54,0.0,0.0,0.0,143.99,128.15,18.92,24.75,24.86,636.13,340.67
40.9471,0.0,0.0,0.0,31.9,70.4,214.83,230.12,57.97,2.42,0.0,0.0,166.1,149.27,22.44,28.93,29.26,605.22,398.42
40.9571,0.0,3.19,0.0,22.44,60.17,208.23,223.41,59.4,3.63,0.0,0.0,191.95,162.25,29.59,39.93,33.66,576.84,461.01
40.9671,0.0,0.0,0.0,15.29,47.3,199.87,211.09,62.37,6.16,4.95,4.29,204.05,170.39,35.53,51.04,35.2,535.92,511.61
40.9771,0.0,3.19,0.0,12.98,32.01,184.91,200.53,66.88,11.0,6.6,5.72,204.05,181.17,41.47,59.4,35.2,500.5,544.61
40.9871,0.0,3.19,0.0,10.56,20.9,163.68,176.0,71.28,11.0,6.6,5.72,209.22,188.32,44.99,66.88,36.63,445.61,569.36
40.9971,0.0,3.19,2.75,8.25,16.72,142.23,146.85,75.79,12.32,6.6,5.72,209.22,191.95,47.41,68.31,38.06,395.78,579.59
41.0071,0.0,3.19,0.0,8.25,16.72,119.24,116.27,83.27,12.32,4.95,5.72,212.74,193.71,52.14,71.39,38.06,346.94,591.03
41.0171,0.0,3.19,0.0,8.25,15.29,98.89,90.64,93.72,12.32,4.95,7.15,210.98,195.58,55.77,74.36,38.06,309.98,599.17
41.0271,0.0,3.19,0.0,7.04,13.86,80.52,69.74,105.6,13.53,6.6,5.72,212.74,195.58,57.2,81.84,41.03,279.95,614.24
41.0371,0.0,3.19,0.0,7.04,13.86,63.58,50.6,116.27,13.53,6.6,5.72,212.74,195.58,63.25,83.27,39.6,254.54,620.29
41.0471,0.0,0.0,2.75,4.73,12.54,43.23,37.62,128.59,12.32,4.95,5.72,214.39,195.58,67.76,86.24,41.03,229.46,627.99
41.0571,0.0,0.0,0.0,4.73,12.54,27.5,27.5,134.75,12.32,6.6,4.29,214.39,191.95,69.3,89.21,39.6,207.02,627.66
41.0671,0.0,0.0,0.0,5.83,9.68,14.41,18.81,134.75,11.0,3.3,4.29,214.39,193.71,73.81,90.75,42.46,183.48,633.71
41.0771,0.0,0.0,0.0,4.73,8.36,14.41,15.84,119.35,9.79,4.95,7.15,214.39,191.95,73.81,93.72,42.46,162.69,638.22
41.0871,0.0,0.0,0.0,2.31,9.68,11.77,14.41,101.2,9.79,4.95,5.72,214.39,191.95,76.78,95.26,42.46,139.37,641.3
41.0971,0.0,0.0,0.0,3.52,8.36,11.77,12.98,86.24,9.79,6.6,5.72,216.15,195.58,76.78,96.69,42.46,122.87,649.77
41.1071,0.0,0.0,0.0,2.31,8.36,10.45,11.55,75.79,9.79,6.6,2.86,216.15,191.95,81.4,98.23,42.46,108.46,649.44
41.1171,0.0,0.0,0.0,2.31,5.5,9.13,11.55,66.88,9.79,6.6,5.72,221.32,191.95,82.83,98.23,44.0,95.37,660.44
41.1271,0.0,0.0,0.0,3.52,6.93,9.13,11.55,56.54,8.58,3.3,4.29,224.84,191.95,82.83,98.23,44.0,87.67,658.02
41.1371,0.0,3.19,0.0,3.52,6.93,9.13,10.12,48.29,8.58,4.95,5.72,228.25,191.95,84.37,99.66,42.46,81.18,665.94
41.1471,0.0,0.0,0.0,2.31,5.5,7.81,10.12,42.68,8.58,3.3,2.86,233.53,191.95,85.91,98.23,44.0,68.42,668.36
41.1571,0.0,0.0,0.0,0.0,5.5,6.49,8.69,35.86,7.37,4.95,4.29,240.57,186.56,88.88,99.66,44.0,56.54,676.28
41.1671,0.0,0.0,0.0,2.31,6.93,6.49,7.15,34.43,7.37,6.6,2.86,245.85,184.8,91.96,96.69,42.46,57.31,678.59
41.1771,0.0,0.0,0.0,2.31,5.5,3.85,7.15,33.11,6.16,3.3,2.86,254.54,181.17,91.96,98.23,44.0,51.92,682.22
41.1871,0.0,0.0,0.0,0.0,4.18,5.17,7.15,28.93,6.16,6.6,4.29,261.58,177.54,93.39,96.69,44.0,45.43,690.25
41.1971,0.0,0.0,0.0,0.0,4.18,3.85,8.69,26.18,4.84,4.95,2.86,270.38,173.91,96.47,93.72,45.43,42.9,692.56
41.2071,0.0,0.0,0.0,0.0,5.5,3.85,8.69,23.43,4.84,4.95,2.86,277.31,168.74,99.44,95.26,45.43,41.47,698.83
41.2171,0.0,0.0,0.0,0.0,4.18,3.85,10.12,24.75,3.63,0.0,0.0,282.48,168.74,102.52,92.29,45.43,42.9,695.09
41.2271,0.0,0.0,0.0,0.0,4.18,3.85,11.55,23.43,3.63,0.0,4.29,290.95,162.25,102.52,93.72,45.43,43.01,702.79
41.2371,0.0,0.0,0.0,0.0,2.75,2.53,12.98,23.43,3.63,0.0,2.86,296.12,160.6,105.49,92.29,45.43,41.69,706.42
41.2471,0.0,0.0,0.0,0.0,4.18,2.53,14.41,20.68,3.63,3.3,2.86,297.77,160.6,107.03,92.29,46.86,41.8,714.34
41.2571,0.0,0.0,0.0,0.0,4.18,2.53,15.84,20.68,2.42,0.0,0.0,301.18,158.95,110.0,93.72,46.86,43.23,713.13
41.2671,0.0,0.0,0.0,2.31,2.75,0.0,18.81,19.25,2.42,0.0,0.0,304.59,158.95,113.08,95.26,46.86,43.12,721.16
41.2771,0.0,0.0,0.0,0.0,4.18,2.53,21.67,17.93,0.0,0.0,0.0,306.35,155.76,118.25,96.69,48.4,46.31,725.45
41.2871,0.0,0.0,0.0,0.0,4.18,2.53,23.1,15.18,0.0,0.0,0.0,309.76,155.76,121.77,95.26,46.86,44.99,729.41
41.2971,0.0,0.0,0.0,0.0,2.75,0.0,26.07,12.32,2.42,0.0,0.0,313.17,154.11,126.94,92.29,46.86,41.14,735.79
41.3071,0.0,0.0,0.0,0.0,4.18,2.53,27.5,9.57,0.0,0.0,0.0,316.58,150.92,130.46,92.29,44.0,43.78,734.25
41.3171,0.0,0.0,0.0,2.31,0.0,2.53,27.5,9.57,0.0,0.0,0.0,316.58,147.62,133.87,87.78,46.86,41.91,732.71
41.3271,0.0,0.0,0.0,0.0,4.18,2.53,27.5,8.25,0.0,0.0,0.0,319.99,145.97,137.39,87.78,48.4,42.46,739.53
41.3371,0.0,0.0,0.0,0.0,2.75,0.0,26.07,8.25,0.0,0.0,0.0,323.4,141.13,144.32,84.81,45.43,37.07,739.09
41.3471,0.0,0.0,0.0,0.0,2.75,0.0,26.07,6.82,0.0,0.0,0.0,326.81,137.94,149.6,83.27,45.43,35.64,743.05
41.3571,0.0,0.0,0.0,0.0,2.75,0.0,24.53,8.25,0.0,0.0,0.0,326.81,136.29,154.77,84.81,46.86,35.53,749.54
41.3671,0.0,0.0,0.0,0.0,2.75,0.0,26.07,8.25,0.0,0.0,0.0,330.22,134.64,160.05,84.81,44.0,37.07,753.72
41.3771,0.0,0.0,0.0,0.0,2.75,2.53,26.07,6.82,0.0,0.0,0.0,333.63,133.1,161.81,83.27,46.86,38.17,758.67
41.3871,0.0,0.0,0.0,0.0,2.75,2.53,24.53,6.82,0.0,0.0,0.0,335.39,129.8,165.33,80.3,46.86,36.63,757.68
41.3971,0.0,0.0,0.0,0.0,2.75,0.0,26.07,6.82,0.0,0.0,0.0,338.91,129.8,168.74,81.84,48.4,35.64,767.69
41.4071,0.0,0.0,0.0,0.0,2.75,2.53,24.53,4.07,0.0,0.0,0.0,340.67,128.15,170.5,78.76,46.86,33.88,764.94
41.4171,0.0,0.0,0.0,0.0,2.75,0.0,27.5,6.82,0.0,0.0,0.0,344.19,126.61,172.26,81.84,45.43,37.07,770.33
41.4271,0.0,0.0,0.0,0.0,2.75,0.0,28.93,5.5,0.0,0.0,0.0,347.71,124.96,173.91,78.76,45.43,37.18,770.77
41.4371,0.0,0.0,0.0,0.0,2.75,0.0,30.36,6.82,0.0,0.0,0.0,349.47,121.66,173.91,80.3,46.86,39.93,772.2
41.4471,0.0,0.0,0.0,0.0,2.75,0.0,31.79,5.5,0.0,0.0,0.0,351.23,124.96,172.26,77.33,48.4,40.04,774.18
41.4571,0.0,0.0,0.0,0.0,4.18,0.0,33.22,6.82,0.0,0.0,0.0,354.75,123.31,170.5,77.33,45.43,44.22,771.32
41.4671,0.0,0.0,0.0,0.0,0.0,0.0,34.76,5.5,0.0,0.0,0.0,352.99,120.12,172.26,74.36,45.43,40.26,765.16
41.4771,0.0,0.0,0.0,0.0,2.75,0.0,36.19,4.07,0.0,0.0,0.0,360.03,116.82,170.5,72.82,45.43,43.01,765.6
41.4871,0.0,0.0,0.0,0.0,2.75,0.0,36.19,6.82,0.0,0.0,0.0,363.66,116.82,170.5,69.85,45.43,45.76,766.26
41.4971,0.0,0.0,0.0,0.0,4.18,0.0,39.05,5.5,0.0,0.0,0.0,365.42,116.82,168.74,68.31,45.43,48.73,764.72
41.5071,0.0,0.0,0.0,0.0,4.18,0.0,40.48,4.07,0.0,0.0,0.0,368.94,116.82,166.98,66.88,45.43,48.73,765.05
41.5171,0.0,0.0,0.0,0.0,2.75,0.0,41.91,4.07,0.0,0.0,0.0,372.46,113.63,163.57,66.88,45.43,48.73,761.97
41.5271,0.0,0.0,0.0,0.0,4.18,0.0,41.91,5.5,0.0,0.0,0.0,374.22,115.28,158.29,65.34,45.43,51.59,758.56
41.5371,0.0,0.0,0.0,0.0,5.5,0.0,41.91,4.07,0.0,0.0,2.86,374.22,113.63,156.53,62.37,45.43,51.48,755.04
41.5471,0.0,0.0,0.0,0.0,5.5,2.53,39.05,4.07,2.42,0.0,0.0,377.74,113.63,156.53,59.4,45.43,51.15,755.15
41.5571,0.0,0.0,0.0,0.0,6.93,2.53,37.62,5.5,0.0,0.0,0.0,379.5,113.63,153.12,60.94,44.0,52.58,751.19
41.5671,0.0,0.0,0.0,0.0,6.93,0.0,33.22,6.82,0.0,0.0,0.0,377.74,115.28,151.36,59.4,44.0,46.97,747.78
41.5771,0.0,0.0,0.0,0.0,6.93,2.53,27.5,5.5,0.0,0.0,0.0,377.74,116.82,147.84,59.4,44.0,42.46,745.8
41.5871,0.0,0.0,0.0,0.0,6.93,2.53,21.67,6.82,0.0,0.0,0.0,375.98,115.28,151.36,57.97,44.0,37.95,744.59
41.5971,0.0,0.0,0.0,0.0,6.93,2.53,17.38,6.82,0.0,0.0,2.86,379.5,113.63,149.6,59.4,45.43,33.66,750.42
41.6071,0.0,0.0,0.0,0.0,6.93,0.0,11.55,4.07,2.42,0.0,0.0,375.98,118.47,149.6,56.54,42.46,22.55,745.47
41.6171,0.0,0.0,0.0,0.0,5.5,0.0,7.15,5.5,2.42,0.0,2.86,374.22,118.47,149.6,56.54,45.43,18.15,749.54
41.6271,0.0,0.0,0.0,0.0,4.18,0.0,7.15,5.5,2.42,0.0,0.0,377.74,120.12,147.84,59.4,42.46,16.83,749.98
41.6371,0.0,0.0,0.0,0.0,4.18,0.0,7.15,4.07,2.42,0.0,0.0,375.98,121.66,146.08,59.4,45.43,15.4,750.97
41.6471,0.0,0.0,0.0,0.0,2.75,0.0,5.72,4.07,2.42,0.0,2.86,375.98,123.31,144.32,57.97,44.0,12.54,750.86
41.6571,0.0,0.0,0.0,0.0,2.75,0.0,5.72,2.75,2.42,0.0,0.0,375.98,121.66,144.32,55.11,44.0,11.22,743.49
41.6671,0.0,0.0,0.0,0.0,2.75,0.0,4.29,0.0,2.42,0.0,0.0,377.74,123.31,142.67,57.97,45.43,7.04,749.54
41.6771,0.0,0.0,0.0,0.0,4.18,0.0,5.72,2.75,2.42,0.0,0.0,374.22,123.31,144.32,56.54,45.43,12.65,746.24
41.6871,0.0,0.0,0.0,0.0,4.18,0.0,2.86,0.0,2.42,0.0,0.0,375.98,124.96,142.67,56.54,44.0,7.04,746.57
41.6971,0.0,0.0,0.0,0.0,4.18,0.0,4.29,2.75,2.42,0.0,0.0,375.98,124.96,139.15,56.54,44.0,11.22,743.05
41.7071,3.41,0.0,2.75,0.0,4.18,0.0,4.29,2.75,2.42,0.0,0.0,374.22,124.96,140.91,57.97,45.43,17.38,745.91
41.7171,5.06,0.0,2.75,0.0,2.75,0.0,4.29,4.07,2.42,0.0,2.86,374.22,123.31,139.15,56.54,44.0,18.92,742.5
41.7271,5.06,0.0,4.07,0.0,5.5,0.0,4.29,2.75,3.63,0.0,0.0,375.98,121.66,139.15,56.54,45.43,21.67,742.39
41.7371,6.82,0.0,2.75,0.0,5.5,0.0,4.29,2.75,2.42,0.0,2.86,375.98,123.31,137.39,56.54,45.43,22.11,743.93
41.7471,6.82,0.0,4.07,0.0,4.18,0.0,5.72,2.75,2.42,0.0,0.0,375.98,123.31,139.15,56.54,45.43,23.54,742.83
41.7571,8.58,0.0,4.07,2.31,11.11,0.0,4.29,4.07,2.42,0.0,0.0,374.22,116.82,142.67,53.79,45.43,34.43,735.35
41.7671,8.58,0.0,2.75,0.0,16.72,2.53,4.29,2.75,2.42,0.0,0.0,375.98,118.47,142.67,56.54,45.43,37.62,741.51
41.7771,11.99,0.0,5.5,0.0,22.22,0.0,7.15,2.75,2.42,0.0,0.0,374.22,116.82,144.32,55.11,44.0,49.61,736.89
41.7871,13.75,0.0,6.82,2.31,27.83,0.0,5.72,4.07,2.42,0.0,0.0,375.98,112.09,142.67,56.54,45.43,60.5,735.13
41.7971,13.75,0.0,5.5,3.52,30.58,2.53,5.72,4.07,2.42,0.0,0.0,370.7,113.63,144.32,53.79,41.03,65.67,725.89
41.8071,13.75,0.0,4.07,0.0,34.76,2.53,5.72,5.5,0.0,0.0,0.0,372.46,112.09,144.32,56.54,41.03,66.33,726.44
41.8171,15.4,0.0,5.5,3.52,38.94,2.53,5.72,4.07,0.0,0.0,0.0,374.22,105.93,144.32,56.54,42.46,75.68,723.47
41.8271,17.16,0.0,8.25,3.52,43.12,0.0,7.15,5.5,0.0,0.0,0.0,370.7,102.85,146.08,55.11,41.03,84.7,715.77
41.8371,22.33,0.0,8.25,3.52,50.16,3.85,7.15,5.5,0.0,0.0,0.0,372.46,99.77,146.08,55.11,41.03,100.76,714.45
41.8471,27.5,0.0,8.25,9.46,55.77,3.85,8.69,6.82,0.0,0.0,0.0,367.18,98.23,144.32,53.79,38.06,120.34,701.58
41.8571,37.84,0.0,11.0,15.29,55.77,5.17,8.69,8.25,0.0,0.0,0.0,360.03,93.5,144.32,53.79,38.06,142.01,689.7
41.8671,56.76,3.19,12.43,22.44,54.34,5.17,10.12,6.82,0.0,0.0,0.0,356.51,88.88,146.08,53.79,38.06,171.27,683.32
41.8771,82.61,19.36,22.0,25.96,54.34,3.85,10.12,8.25,0.0,0.0,0.0,345.95,84.26,144.32,51.04,35.2,226.49,660.77
41.8871,99.88,29.15,34.43,25.96,58.63,5.17,10.12,8.25,0.0,0.0,0.0,330.22,74.91,144.32,51.04,32.23,271.59,632.72
41.8971,108.46,37.18,45.54,25.96,58.63,5.17,10.12,9.57,0.0,0.0,0.0,306.35,70.29,142.67,49.61,30.8,300.63,599.72
41.9071,115.39,40.48,49.72,28.38,63.03,5.17,8.69,9.57,0.0,0.0,0.0,268.62,62.59,144.32,48.29,13.2,320.43,537.02
41.9171,120.67,48.62,53.79,31.9,63.03,3.85,8.69,9.57,0.0,0.0,0.0,217.91,54.56,140.91,53.79,27.83,340.12,495.0
41.9271,125.84,56.65,55.22,34.21,61.6,5.17,8.69,11.0,0.0,0.0,0.0,162.91,51.26,144.32,55.11,26.4,358.38,440.0
41.9371,131.12,61.6,57.97,35.42,60.17,6.49,8.69,9.57,0.0,0.0,0.0,115.5,43.01,139.15,60.94,24.86,371.03,383.46
41.9471,136.4,68.2,59.4,38.94,61.6,5.17,10.12,9.57,0.0,0.0,0.0,70.62,31.46,132.22,65.34,26.4,389.4,326.04
41.9571,143.33,77.99,62.48,41.36,57.2,6.49,10.12,9.57,0.0,0.0,0.0,33.44,19.8,108.46,68.31,22.0,408.54,252.01
41.9671,152.13,89.43,65.56,43.67,51.48,5.17,10.12,9.57,0.0,0.0,0.0,25.41,14.85,64.79,56.54,19.03,427.13,180.62
41.9771,159.06,100.87,67.1,46.09,45.98,5.17,10.12,11.0,0.0,0.0,0.0,20.68,9.9,39.05,49.61,20.46,445.39,139.7
41.9871,166.1,110.77,70.18,47.3,43.12,7.81,8.69,9.57,0.0,0.0,0.0,19.03,11.55,18.92,39.93,35.2,463.54,124.63
41.9971,173.14,117.37,73.37,47.3,40.37,6.49,10.12,11.0,0.0,0.0,0.0,15.84,6.6,14.19,27.5,27.83,479.16,91.96
42.0071,175.01,124.08,77.99,49.61,38.94,6.49,8.69,9.57,0.0,0.0,0.0,14.3,8.25,11.77,16.5,14.63,490.38,65.45
42.0171,182.16,132.55,82.72,48.4,34.76,6.49,10.12,11.0,0.0,0.0,0.0,12.65,6.6,10.67,9.57,10.23,508.2,49.72
42.0271,185.79,135.85,84.26,49.61,32.01,5.17,10.12,11.0,0.0,0.0,0.0,11.11,4.95,8.25,9.57,10.23,513.81,44.11
42.0371,189.42,140.91,87.34,47.3,32.01,6.49,8.69,11.0,0.0,0.0,0.0,11.11,6.6,7.04,6.82,5.83,523.16,37.4
42.0471,193.05,144.21,87.34,48.4,27.83,6.49,10.12,9.57,0.0,0.0,0.0,9.46,4.95,8.25,6.82,7.26,527.01,36.74
42.0571,193.05,145.97,87.34,46.09,27.83,6.49,10.12,9.57,0.0,0.0,0.0,9.46,4.95,8.25,6.82,5.83,526.46,35.31
42.0671,193.05,147.62,85.8,47.3,25.08,6.49,7.15,11.0,0.0,0.0,0.0,9.46,4.95,7.04,6.82,5.83,523.49,34.1
42.0771,194.81,149.27,84.26,47.3,22.22,3.85,8.69,9.57,0.0,0.0,0.0,9.46,4.95,7.04,5.5,4.4,519.97,31.35
42.0871,193.05,149.27,82.72,46.09,19.47,6.49,8.69,9.57,0.0,0.0,0.0,7.92,3.3,7.04,6.82,2.86,515.35,27.94
42.0971,193.05,152.68,77.99,46.09,18.04,6.49,8.69,8.25,0.0,0.0,0.0,7.92,0.0,7.04,6.82,5.83,511.28,27.61
42.1071,193.05,152.68,74.91,44.88,18.04,5.17,10.12,8.25,0.0,0.0,0.0,7.92,4.95,5.83,4.07,5.83,507.1,28.6
42.1171,191.18,152.68,71.83,44.88,16.72,6.49,8.69,9.57,0.0,0.0,0.0,6.27,3.3,5.83,4.07,5.83,502.04,25.3
42.1271,189.42,154.33,70.18,42.57,15.29,5.17,7.15,9.57,0.0,0.0,0.0,7.92,3.3,5.83,4.07,5.83,493.68,26.95
42.1371,187.55,154.33,67.1,43.67,16.72,3.85,8.69,8.25,0.0,0.0,0.0,7.92,0.0,7.04,5.5,7.26,490.16,27.72
42.147,185.79,154.33,65.56,43.67,16.72,5.17,7.15,8.25,0.0,0.0,0.0,6.27,3.3,5.83,5.5,4.4,486.64,25.3
42.157,184.03,154.33,62.48,43.67,16.72,5.17,7.15,6.82,0.0,0.0,0.0,4.73,3.3,4.73,5.5,5.83,480.37,24.09
42.167,180.4,154.33,60.94,46.09,16.72,6.49,8.69,8.25,0.0,0.0,0.0,7.92,0.0,5.83,4.07,5.83,481.91,23.65
42.177,176.77,150.92,59.4,47.3,16.72,3.85,8.69,8.25,0.0,0.0,0.0,6.27,3.3,4.73,5.5,4.4,471.9,24.2
42.187,173.14,149.27,56.54,50.82,16.72,6.49,8.69,6.82,0.0,0.0,0.0,6.27,0.0,5.83,5.5,5.83,468.49,23.43
42.197,167.86,147.62,53.79,55.55,16.72,3.85,8.69,8.25,0.0,0.0,0.0,6.27,3.3,4.73,4.07,4.4,462.33,22.77
42.207,164.34,142.56,53.79,60.83,16.72,6.49,7.15,9.57,0.0,0.0,0.0,4.73,3.3,4.73,5.5,2.86,461.45,21.12
42.217,157.3,140.91,52.47,67.98,16.72,5.17,7.15,8.25,0.0,0.0,0.0,4.73,3.3,4.73,4.07,5.83,455.95,22.66
42.227,150.37,135.85,51.04,76.56,15.29,3.85,8.69,9.57,0.0,0.0,0.0,6.27,3.3,5.83,5.5,5.83,451.22,26.73
42.237,141.57,130.79,49.72,83.71,16.72,3.85,10.12,9.57,0.0,0.0,0.0,4.73,3.3,5.83,5.5,4.4,446.05,23.76
42.247,134.64,127.49,48.29,93.72,16.72,6.49,10.12,9.57,0.0,0.0,0.0,4.73,0.0,3.52,4.07,4.4,447.04,16.72
42.257,127.6,122.43,46.86,103.73,16.72,6.49,10.12,11.0,0.0,0.0,0.0,3.08,0.0,4.73,4.07,4.4,444.95,16.28
42.267,117.15,115.72,46.86,117.04,18.04,6.49,10.12,12.32,0.0,0.0,0.0,4.73,3.3,3.52,4.07,4.4,443.74,20.02
42.277,106.7,109.12,44.11,129.36,20.9,7.81,11.55,11.0,0.0,0.0,0.0,6.27,0.0,3.52,4.07,5.83,440.55,19.69
42.287,96.36,102.52,42.79,141.79,26.4,9.13,11.55,13.75,0.0,0.0,0.0,4.73,0.0,4.73,4.07,4.4,444.29,17.93
42.297,87.78,96.03,40.04,157.3,33.44,9.13,11.55,13.75,0.0,0.0,0.0,4.73,3.3,4.73,4.07,4.4,449.02,21.23
42.307,77.44,86.13,38.61,171.38,40.37,11.77,11.55,13.75,0.0,0.0,0.0,4.73,3.3,4.73,4.07,4.4,451.0,21.23
42.317,67.1,77.99,33.11,189.2,45.98,10.45,14.41,15.18,0.0,0.0,0.0,4.73,3.3,4.73,4.07,4.4,453.42,21.23
42.327,58.52,71.39,30.36,207.02,57.2,11.77,15.84,16.5,0.0,0.0,0.0,3.08,0.0,2.31,2.75,4.4,468.6,12.54
42.337,49.94,59.95,23.43,226.38,68.97,15.73,17.38,17.93,0.0,0.0,0.0,3.08,0.0,3.52,4.07,4.4,479.71,15.07
42.347,41.25,50.16,19.25,243.76,80.74,22.22,18.81,17.93,0.0,0.0,0.0,0.0,3.3,3.52,4.07,2.86,494.12,13.75
42.357,32.67,38.83,16.5,259.49,89.54,36.74,24.53,22.0,0.0,0.0,0.0,3.08,0.0,3.52,4.07,2.86,520.3,13.53
42.367,25.74,25.85,12.43,270.6,101.31,51.15,33.22,24.75,6.16,0.0,0.0,3.08,0.0,3.52,2.75,4.4,545.05,19.91
42.377,20.57,17.82,12.43,280.17,108.68,63.58,41.91,27.5,6.16,0.0,0.0,3.08,0.0,3.52,4.07,0.0,572.66,16.83
42.387,17.16,14.52,11.0,288.75,115.28,80.52,52.14,28.93,8.58,0.0,0.0,3.08,0.0,3.52,4.07,2.86,608.3,22.11
42.397,11.99,12.87,8.25,297.44,118.69,94.6,63.8,31.68,14.74,0.0,0.0,3.08,0.0,3.52,4.07,4.4,639.32,29.81
42.407,6.82,9.68,8.25,304.26,122.1,107.36,74.25,31.68,19.69,0.0,0.0,3.08,0.0,2.31,4.07,2.86,664.4,32.01
42.417,5.06,6.38,6.82,306.02,117.04,120.78,83.16,33.11,27.06,0.0,0.0,3.08,0.0,3.52,0.0,0.0,678.37,33.66
42.427,3.41,6.38,5.5,311.19,113.63,136.07,92.18,34.43,41.91,0.0,0.0,4.73,0.0,3.52,2.75,2.86,702.79,55.77
42.437,0.0,6.38,5.5,307.78,104.28,149.82,99.55,34.43,71.28,4.95,2.86,6.27,3.3,3.52,2.75,2.86,707.74,97.79
42.447,0.0,6.38,2.75,304.26,92.51,160.6,105.6,35.86,90.09,60.94,12.87,7.92,8.25,3.52,4.07,5.83,707.96,193.49
42.457,0.0,4.84,4.07,299.09,74.8,173.36,108.57,35.86,103.51,104.06,50.05,11.11,9.9,7.04,5.5,7.26,700.59,298.43
42.467,0.0,4.84,2.75,283.58,60.17,183.26,107.03,33.11,106.15,115.06,60.28,14.3,13.2,8.25,6.82,7.26,674.74,331.32
42.477,0.0,4.84,2.75,251.68,41.8,193.27,99.55,33.11,104.83,120.01,58.74,30.25,19.8,9.46,8.25,10.23,627.0,361.57
42.487,0.0,4.84,0.0,200.53,26.4,203.17,81.73,28.93,92.73,111.76,57.2,44.55,31.46,10.67,12.32,13.2,545.6,373.89
42.497,0.0,4.84,2.75,132.55,23.65,209.88,49.17,27.5,88.77,116.71,55.77,57.2,44.66,10.67,13.75,14.63,450.34,402.16
42.507,0.0,3.19,2.75,77.99,20.9,196.57,30.36,23.43,88.77,120.01,58.74,69.08,56.21,12.98,12.32,16.06,355.19,434.17
42.517,0.0,3.19,0.0,40.15,18.04,157.52,23.1,19.25,88.77,124.96,63.36,75.13,65.67,12.98,13.75,16.06,261.25,460.68
42.527,0.0,4.84,0.0,27.17,13.86,126.94,20.24,13.75,88.77,128.26,66.44,81.07,74.91,12.98,15.18,17.6,206.8,485.21
42.537,0.0,4.84,2.75,22.44,11.11,93.17,15.84,8.25,87.34,129.91,71.06,85.58,82.72,12.98,15.18,19.03,158.4,503.8
42.547,0.0,3.19,0.0,17.71,9.68,52.47,11.55,5.5,86.02,131.56,72.71,92.95,88.88,12.98,16.5,19.03,100.1,520.63
42.557,0.0,3.19,0.0,11.77,5.5,27.5,5.72,6.82,84.7,131.56,74.25,100.43,96.69,14.19,16.5,19.03,60.5,537.35
42.567,0.0,3.19,0.0,9.46,5.5,14.41,2.86,5.5,82.06,131.56,71.06,104.94,102.85,15.4,15.18,19.03,40.92,542.08
42.577,0.0,3.19,0.0,9.46,4.18,7.81,2.86,0.0,82.06,134.86,69.52,110.88,109.01,15.4,17.93,22.0,27.5,561.66
42.587,0.0,3.19,0.0,7.04,0.0,6.49,0.0,0.0,79.31,134.86,67.98,117.15,112.09,16.61,16.5,20.46,16.72,564.96
42.597,0.0,0.0,0.0,7.04,2.75,3.85,0.0,0.0,76.67,133.21,66.44,121.88,115.28,16.61,17.93,22.0,13.64,570.02
42.607,0.0,0.0,0.0,7.04,2.75,5.17,0.0,0.0,74.03,129.91,60.28,128.15,118.47,17.71,20.68,20.46,14.96,569.69
42.617,0.0,0.0,0.0,7.04,2.75,3.85,0.0,0.0,69.96,129.91,58.74,136.07,121.66,17.71,20.68,22.0,13.64,576.73
42.627,0.0,0.0,0.0,5.83,0.0,3.85,0.0,0.0,64.57,124.96,55.77,142.34,120.12,18.92,22.0,23.43,9.68,572.11
42.637,0.0,0.0,0.0,3.52,0.0,3.85,0.0,0.0,60.61,120.01,51.48,148.72,121.66,18.92,22.0,24.86,7.37,568.26
42.647,0.0,0.0,0.0,4.73,0.0,3.85,0.0,0.0,54.23,110.22,47.19,151.8,126.61,17.71,22.0,24.86,8.58,554.62
42.657,0.0,0.0,0.0,5.83,0.0,3.85,0.0,0.0,50.49,105.6,44.33,153.45,128.15,20.13,20.68,26.4,9.68,549.23
42.667,0.0,0.0,0.0,4.73,0.0,3.85,0.0,0.0,45.54,96.36,40.04,154.99,134.64,20.13,23.43,26.4,8.58,541.53
42.677,0.0,0.0,0.0,4.73,0.0,2.53,0.0,0.0,43.12,90.2,40.04,158.18,136.29,20.13,20.68,24.86,7.26,533.5
42.687,0.0,0.0,0.0,4.73,0.0,3.85,0.0,0.0,41.91,87.12,41.47,154.99,139.59,18.92,23.43,27.83,8.58,535.26
42.697,0.0,0.0,0.0,3.52,0.0,3.85,0.0,0.0,38.17,77.88,38.61,158.18,139.59,20.13,24.75,26.4,7.37,523.71
42.707,0.0,0.0,0.0,4.73,0.0,0.0,0.0,0.0,35.75,70.18,35.75,159.72,145.97,17.71,26.18,26.4,4.73,517.66
42.717,0.0,0.0,0.0,3.52,0.0,3.85,0.0,0.0,34.43,64.02,34.32,164.45,147.62,21.34,24.75,26.4,7.37,517.33
42.727,0.0,0.0,0.0,3.52,0.0,2.53,0.0,0.0,29.59,54.45,30.03,169.51,154.11,22.44,24.75,26.4,6.05,511.28
42.737,0.0,0.0,0.0,3.52,0.0,0.0,0.0,0.0,27.06,47.85,27.17,171.27,158.95,22.44,30.36,29.26,3.52,514.36
42.747,0.0,0.0,0.0,2.31,0.0,2.53,0.0,0.0,23.43,39.6,22.88,181.61,163.9,22.44,34.43,30.8,4.84,519.09
42.757,0.0,0.0,0.0,3.52,0.0,2.53,0.0,0.0,22.11,34.65,20.02,193.71,170.39,26.07,35.86,30.8,6.05,533.61
42.767,0.0,0.0,0.0,2.31,0.0,0.0,0.0,0.0,19.69,28.05,17.16,204.05,177.54,27.28,45.54,32.23,2.31,551.54
42.777,0.0,0.0,0.0,3.52,0.0,2.53,0.0,0.0,17.16,21.45,14.3,212.74,182.93,33.22,51.04,35.2,6.05,568.04
42.787,0.0,0.0,0.0,2.31,0.0,0.0,0.0,0.0,14.74,14.85,10.01,221.32,190.19,40.26,56.54,36.63,2.31,584.54
42.797,0.0,0.0,0.0,2.31,0.0,2.53,0.0,0.0,13.53,13.2,5.72,228.25,197.34,46.2,66.88,36.63,4.84,607.75
42.807,0.0,0.0,0.0,0.0,0.0,2.53,0.0,0.0,11.0,9.9,7.15,235.29,204.6,54.56,72.82,38.06,2.53,633.38
42.817,0.0,0.0,0.0,2.31,0.0,0.0,0.0,0.0,8.58,8.25,5.72,242.33,211.75,64.79,86.24,41.03,2.31,668.69
42.827,0.0,0.0,0.0,3.52,0.0,0.0,0.0,0.0,4.84,8.25,5.72,245.85,217.14,79.86,95.26,41.03,3.52,697.95
42.837,0.0,0.0,0.0,3.52,0.0,2.53,0.0,0.0,2.42,6.6,2.86,249.37,220.77,93.39,110.22,44.0,6.05,729.63
42.847,0.0,0.0,0.0,0.0,0.0,2.53,0.0,0.0,0.0,3.3,0.0,252.78,226.05,107.03,120.89,45.43,2.53,755.48
42.857,0.0,0.0,0.0,2.31,0.0,0.0,0.0,0.0,0.0,0.0,0.0,254.54,226.05,125.18,128.59,46.86,2.31,781.22
42.867,0.0,0.0,0.0,2.31,0.0,2.53,0.0,0.0,0.0,3.3,2.86,252.78,222.64,140.91,139.26,46.86,4.84,808.61
42.877,5.06,0.0,0.0,3.52,0.0,2.53,0.0,0.0,0.0,0.0,2.86,244.09,219.01,156.53,145.42,46.86,11.11,814.77
42.887,13.75,0.0,0.0,2.31,0.0,2.53,0.0,0.0,0.0,3.3,0.0,235.29,206.36,168.74,149.93,45.43,18.59,809.05
42.897,18.92,0.0,0.0,2.31,0.0,0.0,0.0,0.0,0.0,3.3,0.0,217.91,195.58,179.19,157.63,45.43,21.23,799.04
42.907,24.09,0.0,0.0,2.31,0.0,0.0,0.0,0.0,0.0,0.0,0.0,197.12,184.8,189.64,163.79,44.0,26.4,779.35
42.917,32.67,0.0,0.0,2.31,0.0,0.0,0.0,0.0,0.0,0.0,0.0,172.92,173.91,199.98,166.87,42.46,34.98,756.14
42.927,49.94,0.0,0.0,2.31,0.0,2.53,0.0,0.0,0.0,3.3,0.0,151.8,163.9,210.43,171.71,41.03,54.78,742.17
42.937,67.1,0.0,0.0,3.52,0.0,0.0,0.0,0.0,0.0,0.0,0.0,129.69,155.76,217.36,175.01,41.03,70.62,718.85
42.947,84.37,0.0,0.0,3.52,2.75,2.53,0.0,0.0,0.0,0.0,0.0,109.34,145.97,224.4,175.01,41.03,93.17,695.75
42.957,117.15,4.84,8.25,4.73,4.18,3.85,0.0,0.0,0.0,3.3,0.0,88.55,137.94,224.4,178.2,41.03,143.0,673.42
42.967,145.09,55.11,55.22,7.04,11.11,5.17,2.86,2.75,0.0,0.0,0.0,69.08,123.31,226.27,178.2,38.06,284.35,634.92
42.977,141.57,66.55,90.42,11.77,20.9,5.17,4.29,4.07,0.0,0.0,0.0,49.39,102.85,226.27,173.36,38.06,344.74,589.93
42.987,143.33,74.69,98.23,21.23,30.58,6.49,4.29,4.07,0.0,0.0,0.0,31.79,71.83,219.12,162.25,36.63,382.91,521.62
42.997,136.4,74.69,101.31,30.69,50.16,7.81,5.72,6.82,0.0,0.0,0.0,28.6,43.01,184.36,127.05,36.63,413.6,419.65
43.007,134.64,79.64,99.77,41.36,55.77,7.81,5.72,8.25,0.0,3.3,0.0,23.87,38.06,130.46,71.39,54.23,432.96,321.31
43.017,138.16,87.78,101.31,52.03,61.6,9.13,8.69,8.25,0.0,0.0,0.0,22.22,33.11,76.78,31.68,92.51,466.95,256.3
43.027,141.57,91.08,106.04,56.76,68.97,9.13,8.69,9.57,0.0,3.3,0.0,17.49,26.4,32.01,19.25,112.42,491.81,210.87
43.037,143.33,97.68,115.39,59.4,71.94,9.13,8.69,9.57,0.0,3.3,0.0,15.84,18.15,22.44,19.25,80.19,515.13,159.17
43.047,145.09,100.87,120.34,67.98,76.34,9.13,10.12,9.57,0.0,0.0,0.0,11.11,14.85,16.61,13.75,39.6,539.44,95.92
43.057,145.09,105.82,125.29,73.7,79.31,9.13,11.55,9.57,0.0,0.0,0.0,6.27,8.25,10.67,11.0,24.86,559.46,61.05
43.067,145.09,107.47,130.24,77.99,85.14,10.45,12.98,11.0,0.0,0.0,0.0,4.73,6.6,10.67,8.25,14.63,580.36,44.88
43.077,143.33,105.82,131.89,80.85,89.54,9.13,14.41,11.0,0.0,0.0,0.0,6.27,4.95,8.25,6.82,5.83,585.97,32.12
43.087,139.92,104.17,131.89,83.71,92.51,9.13,17.38,12.32,0.0,0.0,0.0,4.73,3.3,8.25,5.5,5.83,591.03,27.61
43.097,134.64,100.87,130.24,85.14,93.94,10.45,20.24,12.32,0.0,3.3,0.0,4.73,6.6,5.83,6.82,4.4,587.84,31.68
43.107,129.36,97.68,125.29,88.0,96.91,10.45,21.67,12.32,0.0,0.0,0.0,4.73,4.95,5.83,6.82,4.4,581.68,26.73
43.117,124.19,91.08,120.34,89.43,98.34,10.45,23.1,12.32,0.0,0.0,0.0,4.73,3.3,7.04,5.5,5.83,569.25,26.4
43.127,117.15,84.48,113.85,92.29,101.31,11.77,27.5,13.75,0.0,0.0,0.0,4.73,3.3,7.04,4.07,2.86,562.1,22.0
43.137,108.46,77.99,107.58,95.15,102.85,11.77,28.93,13.75,0.0,0.0,0.0,4.73,3.3,5.83,5.5,4.4,546.48,23.76
43.147,99.88,71.39,99.77,98.01,105.71,11.77,31.79,13.75,0.0,0.0,0.0,3.08,3.3,4.73,2.75,2.86,532.07,16.72
43.157,92.95,66.55,90.42,100.87,108.68,14.41,34.76,15.18,0.0,0.0,0.0,4.73,4.95,4.73,5.5,4.4,523.82,24.31
43.167,84.37,58.3,84.26,103.73,111.87,14.41,39.05,15.18,0.0,0.0,0.0,4.73,0.0,5.83,2.75,2.86,511.17,16.17
43.177,77.44,51.81,79.53,106.59,113.63,17.05,41.91,16.5,0.0,0.0,0.0,3.08,3.3,4.73,4.07,4.4,504.46,19.58
43.187,68.86,46.97,71.83,110.88,117.04,19.58,46.31,16.5,0.0,0.0,0.0,4.73,0.0,3.52,4.07,4.4,497.97,16.72
43.197,61.93,40.48,62.48,115.5,122.1,22.22,50.6,16.5,0.0,0.0,0.0,3.08,0.0,3.52,0.0,4.4,491.81,11.0
43.207,53.35,32.34,56.54,120.12,127.27,26.18,56.43,17.93,0.0,0.0,0.0,3.08,0.0,3.52,4.07,4.4,490.16,15.07
43.217,48.18,27.5,49.72,123.2,134.09,31.46,62.37,19.25,0.0,0.0,0.0,3.08,0.0,3.52,2.75,2.86,495.77,12.21
43.227,43.01,21.01,45.54,127.82,137.5,36.74,68.31,22.0,0.0,0.0,0.0,3.08,0.0,3.52,4.07,2.86,501.93,13.53
43.237,37.84,16.17,40.04,132.55,144.32,44.55,80.19,23.43,0.0,0.0,0.0,0.0,0.0,3.52,4.07,0.0,519.09,7.59
43.247,34.43,11.33,33.11,137.17,152.79,53.79,90.64,23.43,0.0,0.0,0.0,0.0,0.0,2.31,4.07,2.86,536.69,9.24
43.257,30.91,9.68,30.36,141.79,161.37,62.15,101.09,23.43,0.0,0.0,0.0,0.0,0.0,3.52,0.0,2.86,560.78,6.38
43.267,25.74,6.38,24.86,146.41,168.19,73.48,111.54,27.5,0.0,0.0,0.0,0.0,0.0,2.31,4.07,2.86,584.1,9.24
43.277,22.33,6.38,17.93,152.68,173.36,86.13,122.65,28.93,0.0,0.0,0.0,0.0,0.0,3.52,4.07,4.4,610.39,11.99
43.287,18.92,6.38,13.75,157.3,180.4,98.89,135.52,31.68,0.0,0.0,0.0,0.0,0.0,3.52,0.0,4.4,642.84,7.92
43.297,15.4,4.84,12.43,161.92,183.81,110.22,148.39,33.11,0.0,0.0,0.0,0.0,0.0,2.31,4.07,2.86,670.12,9.24
43.307,13.75,3.19,11.0,163.46,190.85,125.4,159.72,34.43,0.0,0.0,0.0,0.0,0.0,2.31,4.07,4.4,701.8,10.78
43.317,10.23,4.84,11.0,168.19,194.26,142.23,174.24,37.18,0.0,0.0,0.0,0.0,0.0,2.31,2.75,2.86,742.17,7.92
43.327,6.82,4.84,9.57,169.73,194.26,159.06,188.32,38.61,0.0,0.0,0.0,0.0,0.0,2.31,4.07,4.4,771.21,10.78
43.337,3.41,4.84,6.82,168.19,192.61,176.66,198.77,39.93,0.0,0.0,0.0,0.0,0.0,3.52,0.0,0.0,791.23,3.52
43.347,0.0,3.19,5.5,165.0,187.33,191.62,212.85,42.68,0.0,0.0,0.0,0.0,0.0,2.31,2.75,2.86,808.17,7.92
43.357,0.0,3.19,4.07,155.76,176.88,208.23,221.65,44.11,0.0,0.0,0.0,0.0,0.0,2.31,4.07,2.86,813.89,9.24
43.367,0.0,3.19,4.07,143.33,164.78,221.43,231.88,45.54,13.53,0.0,0.0,0.0,0.0,2.31,2.75,2.86,814.22,21.45
43.377,0.0,3.19,4.07,126.28,154.55,233.09,240.35,46.86,2.42,0.0,0.0,0.0,0.0,2.31,0.0,2.86,808.39,7.59
43.387,0.0,3.19,2.75,109.45,142.56,241.34,248.93,51.04,0.0,0.0,0.0,0.0,0.0,2.31,2.75,2.86,799.26,7.92
43.397,0.0,3.19,4.07,95.15,128.92,249.59,252.23,52.36,13.53,0.0,0.0,0.0,0.0,2.31,2.75,2.86,785.51,21.45
43.407,0.0,3.19,4.07,83.71,118.69,256.3,255.64,56.54,14.74,0.0,0.0,3.08,0.0,2.31,2.75,2.86,778.14,25.74
43.417,0.0,0.0,4.07,69.41,108.68,259.6,259.05,57.97,28.27,0.0,0.0,0.0,3.3,0.0,2.75,0.0,758.78,34.32
43.427,0.0,3.19,0.0,56.76,95.48,262.9,253.99,60.94,45.54,0.0,0.0,0.0,0.0,2.31,0.0,0.0,733.26,47.85
43.437,0.0,3.19,2.75,41.36,82.17,261.25,253.99,66.88,76.67,0.0,0.0,3.08,0.0,3.52,0.0,2.86,711.59,86.13
43.447,0.0,3.19,2.75,24.75,63.03,257.95,247.17,71.28,115.83,87.12,27.17,7.92,9.9,4.73,5.5,4.4,670.12,262.57
43.457,0.0,3.19,0.0,17.71,36.19,236.39,228.47,80.3,122.87,133.21,103.73,20.68,16.5,8.25,9.57,8.8,602.25,423.61
43.467,0.0,3.19,2.75,14.19,30.58,186.67,167.75,96.69,115.83,136.51,123.75,34.98,29.81,9.46,9.57,10.23,501.82,470.14
43.477,0.0,3.19,2.75,12.98,26.4,134.53,96.58,125.51,106.15,128.26,117.59,46.2,49.61,9.46,13.75,13.2,401.94,484.22
43.487,0.0,4.84,2.75,9.46,22.22,79.09,41.91,175.56,92.73,121.66,116.05,60.17,67.21,11.77,12.32,16.06,335.83,497.97
43.497,0.0,3.19,0.0,7.04,16.72,31.46,28.93,156.42,90.09,126.61,120.67,78.1,81.18,12.98,15.18,17.6,243.76,542.41
43.507,0.0,4.84,0.0,5.83,13.86,24.86,24.53,84.7,90.09,134.86,129.91,87.01,93.5,14.19,16.5,19.03,158.62,585.09
43.517,0.0,3.19,0.0,2.31,9.68,18.26,17.38,46.86,90.09,136.51,139.04,89.98,101.31,15.4,17.93,17.6,97.68,607.86
43.527,0.0,3.19,0.0,0.0,5.5,11.77,12.98,28.93,87.34,133.21,145.2,95.92,109.01,15.4,16.5,19.03,62.37,621.61
43.537,0.0,0.0,0.0,3.52,5.5,7.81,8.69,11.0,86.02,134.86,149.82,99.0,115.28,15.4,19.25,20.46,36.52,640.09
43.547,0.0,0.0,0.0,2.31,4.18,6.49,5.72,2.75,84.7,134.86,151.25,101.97,121.66,15.4,20.68,20.46,21.45,650.98
43.557,0.0,0.0,0.0,0.0,2.75,5.17,4.29,2.75,79.31,129.91,146.74,106.37,126.61,16.61,20.68,22.0,14.96,648.23
43.567,0.0,0.0,0.0,2.31,0.0,5.17,5.72,2.75,74.03,123.31,142.12,109.34,131.45,16.61,23.43,23.43,15.95,643.72
43.5769,0.0,0.0,0.0,3.52,4.18,3.85,2.86,0.0,68.64,113.41,132.88,113.96,136.29,16.61,24.75,24.86,14.41,631.4
43.5869,0.0,0.0,0.0,2.31,0.0,3.85,2.86,0.0,61.93,104.06,125.29,118.69,139.59,17.71,26.18,24.86,9.02,618.31
43.5969,0.0,0.0,0.0,2.31,2.75,3.85,4.29,0.0,56.65,94.82,114.51,123.42,139.59,18.92,26.18,26.4,13.2,600.49
43.6069,0.0,0.0,0.0,0.0,2.75,2.53,2.86,0.0,51.7,87.12,102.19,126.61,141.13,18.92,26.18,26.4,8.14,580.25
43.6169,0.0,0.0,0.0,0.0,2.75,2.53,2.86,0.0,45.54,76.34,92.84,129.69,145.97,18.92,28.93,26.4,8.14,564.63
43.6269,0.0,0.0,0.0,0.0,0.0,2.53,2.86,0.0,41.91,70.18,81.95,134.42,149.27,20.13,30.36,26.4,5.39,554.62
43.6369,0.0,0.0,0.0,0.0,2.75,3.85,0.0,0.0,36.96,60.94,72.71,140.8,152.46,20.13,30.36,27.83,6.6,542.19
43.6469,0.0,0.0,0.0,0.0,0.0,3.85,0.0,0.0,32.01,52.8,61.82,145.53,157.41,22.44,37.18,27.83,3.85,537.02
43.6569,0.0,0.0,0.0,0.0,0.0,0.0,0.0,0.0,27.06,42.9,55.77,153.45,162.25,22.44,42.68,30.8,0.0,537.35
43.6669,0.0,0.0,0.0,0.0,0.0,0.0,0.0,0.0,23.43,36.3,47.19,161.26,163.9,24.86,48.29,33.66,0.0,538.89
43.6769,0.0,0.0,0.0,0.0,0.0,2.53,0.0,0.0,19.69,29.7,40.04,167.75,165.44,27.28,53.79,32.23,2.53,535.92
43.6869,0.0,0.0,0.0,0.0,0.0,2.53,0.0,0.0,15.95,24.75,32.89,174.68,172.15,33.22,56.54,33.66,2.53,543.84
43.6969,0.0,0.0,0.0,0.0,0.0,0.0,0.0,0.0,13.53,18.15,25.74,183.37,175.78,37.95,63.91,36.63,0.0,555.06
43.7069,0.0,0.0,0.0,0.0,0.0,0.0,0.0,0.0,12.32,13.2,21.45,190.19,181.17,43.89,69.85,38.06,0.0,570.13
43.7169,0.0,0.0,0.0,0.0,0.0,0.0,0.0,0.0,9.79,11.55,14.3,193.71,182.93,50.93,77.33,39.6,0.0,580.14
43.7269,0.0,0.0,0.0,0.0,0.0,0.0,0.0,0.0,8.58,8.25,11.44,200.64,188.32,63.25,90.75,42.46,0.0,613.69
43.7369,0.0,0.0,0.0,0.0,0.0,0.0,0.0,0.0,7.37,6.6,7.15,207.46,193.71,78.32,96.69,41.03,0.0,638.33
43.7469,0.0,0.0,0.0,0.0,0.0,0.0,0.0,0.0,4.84,6.6,7.15,210.98,197.34,91.96,110.22,41.03,0.0,670.12
43.7569,0.0,0.0,0.0,0.0,0.0,0.0,0.0,0.0,3.63,6.6,5.72,212.74,200.97,105.49,119.35,46.86,0.0,701.36
43.7669,0.0,0.0,0.0,0.0,0.0,0.0,0.0,0.0,2.42,4.95,2.86,217.91,202.73,118.25,127.05,46.86,0.0,723.03
43.7769,0.0,0.0,0.0,0.0,0.0,0.0,0.0,0.0,0.0,3.3,4.29,221.32,202.73,137.39,136.18,49.83,0.0,755.04
43.7869,0.0,0.0,0.0,0.0,0.0,0.0,0.0,0.0,0.0,4.95,2.86,223.08,200.97,151.36,142.34,49.83,0.0,775.39
43.7969,0.0,0.0,0.0,0.0,0.0,0.0,0.0,0.0,0.0,4.95,2.86,219.56,193.71,166.98,148.39,48.4,0.0,784.85
43.8069,0.0,0.0,2.75,0.0,0.0,0.0,0.0,0.0,0.0,0.0,2.86,216.15,190.19,179.19,153.01,49.83,2.75,791.23
43.8169,0.0,0.0,2.75,0.0,0.0,0.0,0.0,0.0,0.0,3.3,2.86,207.46,179.3,191.29,154.55,48.4,2.75,787.16
43.8269,0.0,0.0,0.0,0.0,0.0,0.0,0.0,0.0,0.0,0.0,0.0,195.47,172.15,199.98,162.25,48.4,0.0,778.25
43.8369,0.0,0.0,0.0,0.0,0.0,0.0,0.0,0.0,0.0,3.3,0.0,179.85,163.9,212.19,163.79,49.83,0.0,772.86
43.8469,0.0,0.0,0.0,0.0,0.0,0.0,0.0,0.0,0.0,0.0,0.0,166.1,157.41,220.88,171.71,49.83,0.0,765.93
43.8569,3.41,0.0,0.0,0.0,0.0,0.0,0.0,0.0,0.0,0.0,2.86,150.26,154.11,228.03,175.01,49.83,3.41,760.1
43.8669,6.82,0.0,0.0,0.0,0.0,0.0,0.0,0.0,0.0,4.95,0.0,134.42,149.27,239.03,175.01,46.86,6.82,749.54
43.8769,10.23,0.0,0.0,0.0,0.0,0.0,0.0,0.0,0.0,0.0,0.0,121.88,145.97,242.66,179.85,46.86,10.23,737.22
43.8869,20.57,0.0,0.0,0.0,0.0,0.0,0.0,0.0,0.0,3.3,2.86,107.91,137.94,248.16,181.5,44.0,20.57,725.67
43.8969,37.84,0.0,0.0,0.0,0.0,0.0,0.0,0.0,0.0,0.0,0.0,99.0,131.45,251.79,176.66,45.43,37.84,704.33
43.9069,61.93,0.0,0.0,2.31,2.75,0.0,0.0,0.0,0.0,3.3,0.0,81.07,116.82,257.29,171.71,42.46,66.99,672.65
43.9169,105.05,0.0,0.0,2.31,2.75,0.0,0.0,0.0,0.0,3.3,0.0,67.65,96.69,259.16,168.52,42.46,110.11,637.78
43.9269,155.54,9.68,4.07,3.52,4.18,0.0,0.0,0.0,0.0,3.3,0.0,47.74,70.29,259.16,156.09,41.03,176.99,577.61
43.9369,159.06,109.12,73.37,4.73,9.68,3.85,4.29,4.07,0.0,0.0,2.86,31.79,46.31,246.4,128.59,39.6,368.17,495.55
43.9469,152.13,127.49,130.24,17.71,13.86,5.17,4.29,5.5,0.0,0.0,2.86,28.6,39.71,187.88,74.36,41.03,456.39,374.44
43.9569,150.37,129.14,146.63,25.96,29.26,5.17,5.72,6.82,0.0,3.3,0.0,25.41,34.76,137.39,37.18,54.23,499.07,292.27
43.9669,138.16,129.14,151.47,42.57,50.16,6.49,7.15,8.25,0.0,4.95,0.0,22.22,28.05,70.84,26.18,86.35,533.39,238.59
43.9769,134.64,132.55,153.12,54.34,63.03,7.81,8.69,11.0,0.0,3.3,0.0,17.49,24.75,34.32,22.0,80.19,565.18,182.05
43.9869,136.4,137.5,156.42,60.83,70.4,9.13,11.55,11.0,0.0,3.3,0.0,14.3,18.15,23.65,19.25,51.26,593.23,129.91
43.9969,136.4,139.26,158.07,66.55,74.8,7.81,11.55,12.32,0.0,3.3,0.0,7.92,11.55,14.19,13.75,33.66,606.76,84.37
44.0069,138.16,142.56,158.07,69.41,76.34,7.81,12.98,12.32,0.0,3.3,0.0,6.27,6.6,10.67,11.0,20.46,617.65,58.3
44.0169,136.4,140.91,154.77,73.7,77.77,7.81,14.41,12.32,0.0,0.0,0.0,4.73,6.6,10.67,9.57,11.66,618.09,43.23
44.0269,132.88,140.91,153.12,75.13,77.77,7.81,14.41,13.75,0.0,0.0,0.0,4.73,4.95,8.25,4.07,2.86,615.78,24.86
44.0369,129.36,137.5,146.63,77.99,82.17,9.13,17.38,12.32,0.0,0.0,0.0,3.08,4.95,9.46,6.82,5.83,612.48,30.14
44.0469,122.43,134.2,143.33,79.42,82.17,9.13,17.38,13.75,0.0,0.0,0.0,4.73,4.95,8.25,4.07,2.86,601.81,24.86
44.0569,117.15,125.84,138.38,79.42,82.17,9.13,17.38,12.32,0.0,0.0,0.0,4.73,3.3,5.83,5.5,4.4,581.79,23.76
44.0669,110.22,119.13,130.24,79.42,82.17,9.13,20.24,13.75,0.0,0.0,0.0,3.08,3.3,7.04,5.5,5.83,564.3,24.75
44.0769,103.29,112.42,120.34,79.42,82.17,9.13,21.67,13.75,0.0,0.0,0.0,0.0,3.3,5.83,5.5,4.4,542.19,19.03
44.0869,94.71,104.17,113.85,80.85,83.71,9.13,21.67,12.32,0.0,0.0,0.0,4.73,0.0,4.73,5.5,4.4,520.41,19.36
44.0969,87.78,94.38,106.04,83.71,85.14,10.45,23.1,13.75,0.0,0.0,0.0,3.08,3.3,5.83,4.07,2.86,504.35,19.14
44.1069,79.2,87.78,95.15,86.57,85.14,11.77,24.53,12.32,0.0,0.0,0.0,3.08,0.0,5.83,5.5,4.4,482.46,18.81
44.1169,72.27,79.64,88.88,90.86,88.11,13.09,26.07,13.75,0.0,0.0,0.0,0.0,0.0,4.73,4.07,2.86,472.67,11.66
44.1269,65.34,71.39,81.07,93.72,88.11,13.09,28.93,15.18,0.0,0.0,0.0,0.0,0.0,5.83,0.0,2.86,456.83,8.69
44.1369,58.52,64.9,74.91,99.44,91.08,15.73,31.79,15.18,0.0,0.0,0.0,3.08,0.0,3.52,4.07,2.86,451.55,13.53
44.1469,53.35,59.95,65.56,102.3,93.94,19.58,36.19,16.5,0.0,0.0,0.0,0.0,0.0,3.52,4.07,2.86,447.37,10.45
44.1569,48.18,53.46,62.48,108.02,96.91,23.54,40.48,17.93,0.0,0.0,0.0,0.0,0.0,4.73,4.07,2.86,451.0,11.66
44.1669,43.01,46.97,53.79,112.42,99.88,28.82,47.74,19.25,0.0,0.0,0.0,0.0,0.0,3.52,0.0,0.0,451.88,3.52
44.1769,36.08,38.83,51.04,121.66,107.25,35.42,55.0,20.68,0.0,0.0,0.0,0.0,0.0,3.52,2.75,2.86,465.96,9.13
44.1869,32.67,33.99,44.11,127.82,111.87,45.87,62.37,22.0,0.0,0.0,0.0,0.0,0.0,3.52,4.07,4.4,480.7,11.99
44.1969,30.91,29.15,40.04,134.09,120.45,53.79,72.71,24.75,0.0,0.0,0.0,0.0,0.0,2.31,4.07,2.86,505.89,9.24
44.2069,25.74,24.31,35.86,137.17,128.92,66.33,83.16,24.75,0.0,0.0,0.0,0.0,0.0,3.52,4.07,2.86,526.24,10.45
44.2169,24.09,19.36,28.93,146.41,135.74,79.09,95.15,28.93,0.0,0.0,0.0,3.08,0.0,3.52,2.75,0.0,557.7,9.35
44.2269,22.33,12.87,26.18,152.68,147.73,93.17,110.0,30.36,0.0,0.0,0.0,0.0,0.0,3.52,0.0,0.0,595.32,3.52
44.2369,20.57,11.33,20.68,158.84,154.55,105.93,121.11,33.11,0.0,0.0,0.0,0.0,0.0,2.31,2.75,0.0,626.12,5.06
44.2469,18.92,8.03,16.5,166.54,163.02,122.32,137.17,35.86,0.0,0.0,0.0,0.0,0.0,0.0,2.75,2.86,668.36,5.61
44.2569,17.16,8.03,15.18,173.03,169.84,139.15,151.58,37.18,0.0,0.0,0.0,0.0,0.0,3.52,2.75,0.0,711.15,6.27
44.2669,15.4,8.03,12.43,177.87,175.12,155.98,164.45,38.61,0.0,0.0,0.0,0.0,0.0,2.31,2.75,2.86,747.89,7.92
44.2769,11.99,6.38,12.43,181.06,180.4,173.36,177.76,41.36,0.0,0.0,0.0,0.0,0.0,2.31,0.0,2.86,784.74,5.17
44.2869,6.82,6.38,8.25,187.55,180.4,189.97,193.6,42.68,0.0,0.0,0.0,0.0,0.0,3.52,0.0,2.86,815.65,6.38
44.2969,5.06,4.84,5.5,185.9,178.64,208.23,207.57,44.11,2.42,0.0,0.0,0.0,0.0,2.31,2.75,0.0,839.85,7.48
44.3069,0.0,4.84,4.07,182.71,173.36,224.84,218.13,45.54,2.42,0.0,0.0,0.0,0.0,2.31,0.0,0.0,853.49,4.73
44.3169,0.0,3.19,4.07,173.03,161.37,236.39,226.71,45.54,2.42,0.0,0.0,0.0,0.0,3.52,0.0,2.86,850.3,8.8
44.3269,0.0,3.19,2.75,160.38,149.38,249.59,236.94,48.29,3.63,0.0,0.0,0.0,0.0,2.31,2.75,0.0,850.52,8.69
44.3369,0.0,3.19,2.75,140.25,137.5,261.25,243.76,48.29,6.16,0.0,0.0,0.0,0.0,2.31,0.0,0.0,836.99,8.47
44.3469,0.0,3.19,4.07,118.58,123.86,266.2,252.23,48.29,7.37,0.0,0.0,0.0,0.0,0.0,0.0,0.0,816.42,7.37
44.3569,0.0,3.19,4.07,96.58,108.68,274.45,253.99,48.29,15.95,0.0,0.0,0.0,0.0,2.31,0.0,0.0,789.25,18.26
44.3669,0.0,3.19,2.75,80.85,98.34,281.27,255.64,49.61,30.8,0.0,0.0,0.0,0.0,2.31,0.0,0.0,771.65,33.11
44.3769,0.0,0.0,4.07,63.69,83.71,281.27,257.4,52.36,53.02,0.0,0.0,0.0,0.0,3.52,0.0,2.86,742.5,59.4
44.3869,0.0,3.19,4.07,44.88,66.0,284.79,252.23,53.79,90.09,3.3,2.86,0.0,0.0,2.31,0.0,0.0,708.95,98.56
44.3969,0.0,4.84,2.75,25.96,44.55,276.1,240.35,59.4,134.2,3.3,2.86,3.08,0.0,2.31,0.0,0.0,653.95,145.75
44.4069,0.0,3.19,2.75,17.71,30.58,247.94,207.57,71.28,154.0,104.06,18.59,3.08,3.3,3.52,0.0,0.0,581.02,286.55
44.4169,0.0,4.84,0.0,14.19,27.83,189.97,142.01,87.78,148.39,162.8,78.87,4.73,4.95,4.73,2.75,2.86,466.62,410.08
44.4269,0.0,4.84,0.0,12.98,23.65,131.45,78.76,120.89,139.81,167.75,106.81,7.92,6.6,4.73,2.75,2.86,372.57,439.23
44.4369,0.0,4.84,0.0,10.56,19.47,74.8,34.76,161.04,134.2,167.75,111.43,11.11,9.9,7.04,4.07,7.26,305.47,452.76
44.4469,0.0,4.84,2.75,7.04,15.29,28.82,26.07,134.75,125.73,172.81,120.67,30.25,14.85,8.25,8.25,8.8,219.56,489.61
44.4569,0.0,4.84,0.0,4.73,12.54,22.22,23.1,72.82,118.69,172.81,131.45,46.2,26.4,7.04,11.0,10.23,140.25,523.82
44.4669,0.0,4.84,2.75,3.52,6.93,15.73,15.84,42.68,115.83,174.46,139.04,58.74,38.06,10.67,9.57,13.2,92.29,559.57
44.4769,0.0,4.84,0.0,0.0,5.5,10.45,11.55,23.43,110.22,171.05,143.66,66.11,51.26,10.67,12.32,10.23,55.77,575.52
44.4869,0.0,3.19,0.0,3.52,5.5,7.81,8.69,11.0,104.83,171.05,145.2,69.08,61.05,12.98,11.0,13.2,39.71,588.39
44.4969,0.0,0.0,0.0,2.31,4.18,5.17,7.15,0.0,100.76,167.75,146.74,78.1,65.67,11.77,13.75,14.63,18.81,599.17
44.5069,0.0,3.19,0.0,2.31,4.18,5.17,5.72,0.0,96.8,166.1,143.66,82.5,74.91,10.67,13.75,16.06,20.57,604.45
44.5169,0.0,0.0,0.0,2.31,2.75,5.17,5.72,2.75,90.09,159.5,137.5,84.04,79.64,12.98,13.75,16.06,18.7,593.56
44.5269,0.0,0.0,0.0,2.31,2.75,5.17,5.72,2.75,82.06,147.95,128.37,91.52,81.18,12.98,15.18,17.6,18.7,576.84
44.5369,0.0,0.0,0.0,0.0,0.0,2.53,4.29,0.0,74.03,136.51,119.13,94.49,88.88,14.19,12.32,16.06,6.82,555.61
44.5469,0.0,0.0,0.0,2.31,2.75,3.85,4.29,0.0,67.32,126.61,109.89,99.0,91.96,14.19,15.18,17.6,13.2,541.75
44.5569,0.0,0.0,0.0,2.31,2.75,2.53,4.29,0.0,60.61,115.06,100.65,103.4,95.04,12.98,16.5,19.03,11.88,523.27
44.5669,0.0,0.0,0.0,0.0,0.0,3.85,2.86,0.0,54.23,104.06,91.3,107.91,98.23,14.19,16.5,19.03,6.71,505.45
44.5769,0.0,0.0,0.0,0.0,0.0,3.85,0.0,0.0,48.07,91.74,81.95,112.42,101.31,15.4,17.93,20.46,3.85,489.28
44.5869,0.0,0.0,0.0,0.0,2.75,2.53,0.0,0.0,43.12,82.5,75.79,118.69,102.85,15.4,17.93,20.46,5.28,476.74
44.5969,0.0,0.0,0.0,0.0,0.0,2.53,2.86,0.0,36.96,73.26,69.52,123.42,109.01,15.4,16.5,22.0,5.39,466.07
44.6069,0.0,0.0,0.0,0.0,0.0,2.53,0.0,0.0,33.22,65.56,63.36,131.34,110.55,17.71,20.68,23.43,2.53,465.85
44.6169,0.0,0.0,0.0,0.0,0.0,2.53,0.0,0.0,28.27,57.75,57.2,136.07,118.47,17.71,17.93,22.0,2.53,455.4
44.6269,0.0,0.0,0.0,0.0,0.0,2.53,2.86,0.0,25.85,52.8,52.91,140.8,123.31,17.71,20.68,23.43,5.39,457.49
44.6369,0.0,0.0,0.0,0.0,0.0,0.0,0.0,0.0,22.11,44.55,47.19,150.26,129.8,18.92,23.43,26.4,0.0,462.66
44.6469,0.0,0.0,0.0,0.0,0.0,0.0,0.0,0.0,18.48,37.95,42.9,159.72,134.64,20.13,23.43,27.83,0.0,465.08
44.6569,0.0,0.0,0.0,0.0,0.0,0.0,0.0,0.0,15.95,29.7,35.75,171.27,144.43,22.44,30.36,29.26,0.0,479.16
44.6669,0.0,0.0,0.0,0.0,0.0,0.0,0.0,0.0,13.53,26.4,31.46,183.37,154.11,24.86,33.11,30.8,0.0,497.64
44.6769,0.0,0.0,0.0,0.0,0.0,0.0,0.0,2.75,12.32,21.45,24.31,197.12,162.25,29.59,44.11,32.23,2.75,523.38
44.6869,0.0,0.0,0.0,0.0,0.0,0.0,0.0,2.75,9.79,14.85,21.45,205.81,170.39,39.05,52.36,32.23,2.75,545.93
44.6969,0.0,0.0,0.0,0.0,0.0,0.0,0.0,2.75,8.58,13.2,15.73,214.39,179.3,50.93,63.91,38.06,2.75,584.1
44.7069,0.0,0.0,0.0,0.0,0.0,0.0,0.0,2.75,7.37,9.9,10.01,224.84,186.56,66.22,74.36,38.06,2.75,617.32
44.7169,0.0,0.0,0.0,0.0,0.0,0.0,0.0,2.75,7.37,9.9,8.58,231.77,195.58,82.83,90.75,41.03,2.75,667.81
44.7269,0.0,0.0,0.0,0.0,0.0,0.0,0.0,0.0,4.84,8.25,7.15,238.81,204.6,99.44,101.2,44.0,0.0,708.29
44.7369,0.0,0.0,0.0,0.0,0.0,0.0,0.0,0.0,2.42,4.95,5.72,245.85,208.12,118.25,111.65,44.0,0.0,740.96
44.7469,0.0,0.0,0.0,0.0,0.0,0.0,0.0,0.0,0.0,4.95,4.29,249.37,213.62,135.63,123.97,45.43,0.0,777.26
44.7569,0.0,0.0,0.0,0.0,0.0,0.0,0.0,0.0,0.0,3.3,4.29,251.02,215.38,153.12,131.56,48.4,0.0,807.07
44.7669,3.41,0.0,0.0,0.0,0.0,0.0,0.0,0.0,0.0,4.95,2.86,252.78,213.62,172.26,137.72,49.83,3.41,834.02
44.7769,6.82,0.0,0.0,0.0,0.0,0.0,0.0,0.0,0.0,3.3,2.86,249.37,208.12,186.12,146.96,49.83,6.82,846.56
44.7869,10.23,0.0,0.0,0.0,0.0,0.0,0.0,0.0,0.0,4.95,0.0,237.05,195.58,199.98,149.93,48.4,10.23,835.89
44.7969,10.23,0.0,0.0,0.0,0.0,0.0,0.0,0.0,0.0,3.3,2.86,219.56,179.3,212.19,156.09,48.4,10.23,821.7
44.8069,17.16,0.0,0.0,0.0,0.0,0.0,0.0,0.0,0.0,4.95,0.0,197.12,168.74,224.4,160.71,48.4,17.16,804.32
44.8169,22.33,0.0,0.0,0.0,0.0,0.0,0.0,0.0,0.0,4.95,0.0,169.51,154.11,235.4,163.79,44.0,22.33,771.76
44.8269,36.08,0.0,0.0,0.0,0.0,0.0,0.0,0.0,0.0,3.3,2.86,143.99,147.62,244.53,165.33,44.0,36.08,751.63
44.8369,55.11,0.0,0.0,0.0,0.0,0.0,0.0,0.0,0.0,4.95,2.86,118.69,139.59,250.03,171.71,45.43,55.11,733.26
44.8469,79.2,0.0,0.0,0.0,0.0,0.0,0.0,0.0,0.0,3.3,0.0,99.0,129.8,253.66,171.71,45.43,79.2,702.9
44.8569,111.87,0.0,0.0,2.31,2.75,0.0,0.0,0.0,0.0,4.95,0.0,79.53,118.47,255.53,168.52,42.46,116.93,669.46
44.8669,160.82,9.68,9.57,3.52,4.18,2.53,0.0,0.0,0.0,4.95,2.86,61.71,96.69,253.66,165.33,38.06,190.3,623.26
44.8769,167.86,79.64,88.88,4.73,9.68,5.17,5.72,4.07,0.0,0.0,2.86,38.17,71.83,246.4,157.63,38.06,365.75,554.95
44.8869,162.58,94.38,131.89,22.44,25.08,5.17,7.15,6.82,0.0,3.3,2.86,30.25,41.36,215.6,125.51,36.63,455.51,455.51
44.8969,164.34,99.22,140.03,33.11,37.62,6.49,5.72,6.82,0.0,0.0,2.86,27.06,36.41,154.77,66.88,44.0,493.35,331.98
44.9069,153.89,100.87,141.68,46.09,55.77,7.81,8.69,8.25,0.0,4.95,2.86,22.22,31.46,99.44,30.36,81.73,523.05,273.02
44.9169,153.89,107.47,140.03,60.83,64.57,7.81,10.12,9.57,0.0,4.95,0.0,20.68,23.1,37.95,20.68,100.1,554.29,207.46
44.9269,155.54,112.42,143.33,69.41,67.54,7.81,10.12,11.0,0.0,4.95,0.0,15.84,18.15,24.86,19.25,74.14,577.17,157.19
44.9369,159.06,115.72,146.63,75.13,71.94,9.13,10.12,11.0,0.0,4.95,0.0,11.11,14.85,17.71,16.5,42.46,598.73,107.58
44.9469,159.06,117.37,149.93,76.56,73.37,9.13,10.12,9.57,0.0,3.3,0.0,7.92,6.6,11.77,12.32,27.83,605.11,69.74
44.9569,162.58,120.78,148.28,80.85,76.34,9.13,11.55,9.57,0.0,0.0,0.0,6.27,6.6,11.77,8.25,17.6,619.08,50.49
44.9669,160.82,120.78,146.63,82.28,79.31,7.81,12.98,12.32,0.0,0.0,0.0,6.27,4.95,9.46,4.07,5.83,622.93,30.58
44.9769,155.54,119.13,148.28,86.57,83.71,9.13,11.55,12.32,0.0,0.0,0.0,3.08,3.3,8.25,5.5,5.83,626.23,25.96
44.9869,150.37,117.37,143.33,89.43,86.57,10.45,11.55,12.32,0.0,3.3,0.0,3.08,3.3,8.25,2.75,4.4,621.39,25.08
44.9969,143.33,110.77,136.73,92.29,91.08,9.13,12.98,13.75,0.0,3.3,0.0,4.73,0.0,7.04,5.5,4.4,610.06,24.97
45.0068,134.64,104.17,128.59,93.72,92.51,9.13,14.41,13.75,0.0,0.0,0.0,0.0,3.3,5.83,2.75,2.86,590.92,14.74
45.0168,125.84,97.68,120.34,96.58,93.94,9.13,17.38,13.75,0.0,3.3,0.0,3.08,0.0,5.83,5.5,4.4,574.64,22.11
45.0268,117.15,91.08,110.66,100.87,96.91,9.13,18.81,15.18,0.0,0.0,0.0,4.73,0.0,5.83,5.5,5.83,559.79,21.89
45.0368,105.05,81.29,99.77,105.16,98.34,11.77,18.81,12.32,0.0,0.0,0.0,3.08,3.3,5.83,5.5,4.4,532.51,22.11
45.0468,96.36,71.39,90.42,110.88,99.88,11.77,24.53,15.18,0.0,0.0,0.0,3.08,3.3,5.83,0.0,2.86,520.41,15.07
45.0568,86.02,64.9,81.07,113.96,101.31,11.77,28.93,16.5,0.0,0.0,0.0,0.0,0.0,4.73,5.5,5.83,504.46,16.06
45.0668,77.44,55.11,73.37,120.12,107.25,15.73,33.22,17.93,0.0,0.0,0.0,3.08,3.3,4.73,4.07,4.4,500.17,19.58
45.0768,67.1,48.62,67.1,126.28,111.87,20.9,39.05,19.25,0.0,0.0,0.0,3.08,3.3,3.52,4.07,4.4,500.17,18.37
45.0868,60.17,42.13,59.4,135.63,117.04,26.18,47.74,20.68,0.0,0.0,0.0,0.0,0.0,5.83,0.0,4.4,508.97,10.23
45.0968,53.35,35.64,52.47,140.25,123.86,34.1,56.43,22.0,0.0,0.0,0.0,3.08,0.0,3.52,4.07,4.4,518.1,15.07
45.1068,44.77,29.15,45.54,146.41,128.92,41.91,63.8,22.0,0.0,0.0,0.0,3.08,0.0,4.73,2.75,2.86,522.5,13.42
45.1168,39.6,22.66,38.61,151.14,134.09,49.83,72.71,24.75,0.0,0.0,0.0,0.0,0.0,3.52,2.75,4.4,533.39,10.67
45.1268,36.08,16.17,33.11,154.22,140.91,60.72,83.16,27.5,0.0,0.0,0.0,0.0,0.0,3.52,4.07,4.4,551.87,11.99
45.1368,30.91,11.33,26.18,160.38,149.38,72.05,96.58,28.93,0.0,0.0,0.0,0.0,0.0,3.52,4.07,4.4,575.74,11.99
45.1468,25.74,8.03,20.68,161.92,157.96,83.38,108.57,30.36,0.0,0.0,0.0,0.0,0.0,3.52,4.07,5.83,596.64,13.42
45.1568,22.33,6.38,15.18,168.19,163.02,96.03,121.11,31.68,0.0,0.0,0.0,0.0,0.0,2.31,2.75,4.4,623.92,9.46
45.1668,17.16,6.38,13.75,171.38,169.84,110.22,132.33,34.43,0.0,0.0,0.0,0.0,0.0,3.52,0.0,4.4,655.49,7.92
45.1768,15.4,6.38,12.43,174.57,176.88,123.86,146.85,35.86,0.0,0.0,0.0,0.0,0.0,3.52,4.07,4.4,692.23,11.99
45.1868,11.99,4.84,11.0,179.52,178.64,140.69,159.72,37.18,0.0,0.0,0.0,0.0,0.0,3.52,4.07,4.4,723.58,11.99
45.1968,8.58,4.84,11.0,182.71,182.05,152.9,169.29,38.61,0.0,0.0,0.0,0.0,0.0,3.52,0.0,2.86,749.98,6.38
45.2068,5.06,4.84,8.25,181.06,182.05,170.06,183.04,39.93,0.0,0.0,0.0,0.0,0.0,2.31,2.75,2.86,774.29,7.92
45.2168,0.0,3.19,6.82,179.52,178.64,184.91,193.6,41.36,0.0,0.0,0.0,0.0,0.0,2.31,2.75,2.86,788.04,7.92
45.2268,0.0,3.19,5.5,171.38,171.6,199.87,205.81,41.36,0.0,0.0,0.0,0.0,0.0,2.31,0.0,0.0,798.71,2.31
45.2368,0.0,3.19,5.5,160.38,164.78,214.83,216.37,44.11,2.42,0.0,0.0,0.0,0.0,2.31,0.0,2.86,809.16,7.59
45.2468,0.0,3.19,4.07,144.87,156.2,228.14,226.71,45.54,3.63,0.0,0.0,0.0,0.0,2.31,2.75,2.86,808.72,11.55
45.2568,0.0,3.19,2.75,129.36,147.73,238.04,235.29,46.86,3.63,0.0,0.0,0.0,0.0,2.31,2.75,0.0,803.22,8.69
45.2668,0.0,0.0,2.75,109.45,137.5,247.94,242.11,46.86,6.16,0.0,0.0,0.0,0.0,3.52,0.0,2.86,786.61,12.54
45.2768,0.0,3.19,2.75,96.58,127.27,254.65,247.17,49.61,8.58,0.0,0.0,0.0,0.0,0.0,2.75,0.0,781.22,11.33
45.2868,0.0,0.0,4.07,77.99,115.28,259.6,250.58,52.36,13.53,0.0,0.0,0.0,0.0,0.0,0.0,0.0,759.88,13.53
45.2968,0.0,3.19,4.07,62.26,104.28,259.6,255.64,53.79,25.85,0.0,0.0,0.0,0.0,0.0,0.0,2.86,742.83,28.71
45.3068,0.0,3.19,2.75,48.4,91.08,262.9,253.99,55.11,45.54,0.0,0.0,0.0,0.0,0.0,0.0,0.0,717.42,45.54
45.3168,0.0,3.19,2.75,30.69,74.8,259.6,250.58,60.94,74.03,0.0,0.0,0.0,0.0,2.31,0.0,0.0,682.55,76.34
45.3268,0.0,3.19,2.75,17.71,52.91,249.59,242.11,66.88,115.83,3.3,0.0,3.08,0.0,0.0,0.0,0.0,635.14,122.21
45.3368,0.0,3.19,0.0,15.29,30.58,218.13,209.33,78.76,156.86,64.02,10.01,3.08,0.0,2.31,0.0,0.0,555.28,236.28
45.3468,0.0,3.19,2.75,11.77,26.4,166.76,140.36,96.69,158.29,161.15,78.87,6.27,4.95,3.52,0.0,0.0,447.92,413.05
45.3568,0.0,4.84,2.75,11.77,23.65,117.7,77.22,133.21,152.57,177.87,125.29,7.92,6.6,3.52,4.07,4.4,371.14,482.24
45.3668,0.0,3.19,0.0,9.46,19.47,62.15,34.76,173.8,149.71,182.93,135.96,17.49,8.25,4.73,6.82,5.83,302.83,511.72
45.3768,0.0,4.84,0.0,5.83,16.72,27.5,28.93,137.83,135.63,177.87,142.12,39.82,13.2,7.04,8.25,10.23,221.65,534.16
45.3868,0.0,0.0,0.0,3.52,12.54,23.54,23.1,74.36,124.3,177.87,145.2,54.12,29.81,8.25,8.25,10.23,137.06,558.03
45.3968,0.0,3.19,2.75,2.31,6.93,15.73,17.38,46.86,118.69,174.46,149.82,66.11,43.01,9.46,11.0,14.63,95.15,587.18
45.4068,0.0,3.19,0.0,2.31,5.5,10.45,12.98,26.18,112.97,174.46,155.87,75.13,56.21,9.46,9.57,13.2,60.61,606.87
45.4168,0.0,3.19,0.0,2.31,4.18,7.81,8.69,12.32,106.15,169.4,158.95,81.07,67.21,9.46,13.75,14.63,38.5,620.62
45.4268,0.0,0.0,0.0,0.0,4.18,3.85,7.15,0.0,100.76,164.45,157.41,87.01,73.37,10.67,13.75,16.06,15.18,623.48
45.4368,0.0,0.0,0.0,2.31,4.18,3.85,5.72,2.75,92.73,157.85,157.41,91.52,81.18,11.77,13.75,17.6,18.81,623.81
45.4468,0.0,0.0,0.0,0.0,2.75,5.17,5.72,2.75,86.02,149.6,154.33,91.52,87.34,12.98,13.75,16.06,16.39,611.6
45.4568,0.0,0.0,0.0,0.0,4.18,2.53,4.29,2.75,77.99,139.7,146.74,94.49,91.96,12.98,15.18,17.6,13.75,596.64
45.4668,0.0,0.0,0.0,0.0,2.75,3.85,5.72,2.75,69.96,126.61,137.5,100.43,96.69,12.98,15.18,17.6,15.07,576.95
45.4768,0.0,0.0,0.0,0.0,2.75,2.53,4.29,0.0,61.93,113.41,126.83,101.97,104.39,14.19,16.5,16.06,9.57,555.28
45.4868,0.0,0.0,0.0,0.0,0.0,3.85,4.29,2.75,55.44,102.52,120.67,104.94,109.01,14.19,15.18,17.6,10.89,539.55
45.4968,0.0,0.0,0.0,0.0,2.75,3.85,4.29,0.0,49.28,94.82,113.08,106.37,113.63,14.19,17.93,16.06,10.89,525.36
45.5068,0.0,0.0,0.0,0.0,0.0,2.53,2.86,0.0,43.12,82.5,102.19,110.88,120.12,15.4,17.93,20.46,5.39,512.6
45.5168,0.0,0.0,0.0,0.0,0.0,0.0,2.86,0.0,38.17,73.26,91.3,115.5,124.96,14.19,20.68,20.46,2.86,498.52
45.5268,0.0,0.0,0.0,0.0,0.0,0.0,2.86,0.0,32.01,64.02,83.49,120.23,131.45,17.71,20.68,22.0,2.86,491.59
45.5368,0.0,0.0,0.0,0.0,2.75,2.53,2.86,0.0,28.27,57.75,75.79,126.61,134.64,17.71,26.18,24.86,8.14,491.81
45.5468,0.0,0.0,0.0,0.0,0.0,2.53,2.86,0.0,23.43,47.85,64.9,131.34,144.43,20.13,26.18,26.4,5.39,484.66
45.5568,0.0,0.0,0.0,0.0,0.0,0.0,0.0,0.0,19.69,37.95,58.74,140.8,152.46,20.13,31.68,24.86,0.0,486.31
45.5668,0.0,0.0,0.0,0.0,0.0,0.0,0.0,0.0,15.95,31.35,51.48,147.07,158.95,20.13,38.61,29.26,0.0,492.8
45.5768,0.0,0.0,0.0,0.0,0.0,0.0,0.0,0.0,13.53,26.4,45.76,158.18,165.44,22.44,48.29,27.83,0.0,507.87
45.5868,0.0,0.0,0.0,0.0,0.0,0.0,0.0,0.0,11.0,18.15,37.18,167.75,172.15,27.28,56.54,32.23,0.0,522.28
45.5968,0.0,0.0,0.0,0.0,0.0,0.0,0.0,0.0,8.58,13.2,31.46,174.68,179.3,35.53,63.91,33.66,0.0,540.32
45.6068,0.0,0.0,0.0,0.0,0.0,0.0,0.0,0.0,7.37,13.2,24.31,181.61,184.8,42.68,75.79,36.63,0.0,566.39
45.6168,0.0,0.0,0.0,0.0,0.0,0.0,0.0,0.0,6.16,9.9,14.3,191.95,195.58,53.35,89.21,39.6,0.0,600.05
45.6268,0.0,0.0,0.0,0.0,0.0,0.0,0.0,0.0,4.84,8.25,10.01,197.12,200.97,70.84,99.66,39.6,0.0,631.29
45.6368,0.0,0.0,0.0,0.0,0.0,0.0,0.0,0.0,4.84,8.25,8.58,202.29,208.12,88.88,110.22,42.46,0.0,673.64
45.6468,0.0,0.0,0.0,0.0,0.0,0.0,0.0,2.75,3.63,8.25,7.15,205.81,211.75,103.95,120.89,45.43,2.75,706.86
45.6568,0.0,0.0,0.0,0.0,0.0,2.53,0.0,0.0,0.0,4.95,5.72,212.74,213.62,118.25,128.59,45.43,2.53,729.3
45.6668,0.0,0.0,0.0,0.0,0.0,0.0,0.0,2.75,0.0,3.3,2.86,217.91,217.14,135.63,137.72,48.4,2.75,762.96
45.6768,0.0,0.0,2.75,0.0,0.0,0.0,0.0,0.0,0.0,4.95,4.29,216.15,213.62,153.12,145.42,48.4,2.75,785.95
45.6868,0.0,0.0,0.0,0.0,0.0,0.0,0.0,0.0,0.0,4.95,2.86,217.91,209.99,168.74,149.93,49.83,0.0,804.21
45.6968,0.0,0.0,0.0,0.0,0.0,0.0,0.0,0.0,0.0,3.3,2.86,214.39,199.21,180.95,157.63,46.86,0.0,805.2
45.7068,10.23,0.0,0.0,0.0,0.0,0.0,0.0,0.0,0.0,4.95,2.86,202.29,190.19,193.05,162.25,46.86,10.23,802.45
45.7168,11.99,0.0,0.0,0.0,0.0,0.0,0.0,0.0,0.0,0.0,2.86,191.95,175.78,206.91,163.79,45.43,11.99,786.72
45.7268,15.4,0.0,0.0,0.0,0.0,0.0,0.0,0.0,0.0,3.3,2.86,174.68,163.9,215.6,170.17,46.86,15.4,777.37
45.7368,24.09,0.0,0.0,0.0,0.0,0.0,0.0,0.0,0.0,3.3,2.86,156.53,155.76,222.64,173.36,45.43,24.09,759.88
45.7468,37.84,0.0,0.0,0.0,0.0,0.0,0.0,0.0,0.0,0.0,0.0,139.15,149.27,231.77,176.66,45.43,37.84,742.28
45.7568,56.76,0.0,0.0,0.0,0.0,0.0,0.0,0.0,0.0,3.3,2.86,118.69,141.13,239.03,175.01,42.46,56.76,722.48
45.7668,79.2,0.0,0.0,0.0,0.0,0.0,0.0,0.0,0.0,3.3,0.0,103.4,133.1,242.66,179.85,44.0,79.2,706.31
45.7768,113.63,0.0,0.0,0.0,2.75,0.0,0.0,0.0,0.0,0.0,2.86,85.58,121.66,242.66,179.85,42.46,116.38,675.07
45.7868,153.89,43.67,33.11,3.52,8.36,3.85,4.29,4.07,0.0,4.95,2.86,66.11,110.55,246.4,175.01,38.06,254.76,643.94
45.7968,153.89,74.69,87.34,7.04,30.58,5.17,5.72,5.5,0.0,0.0,0.0,47.74,88.88,242.66,171.71,36.63,369.93,587.62
45.8068,148.61,82.94,109.12,12.98,43.12,6.49,8.69,6.82,0.0,0.0,2.86,30.25,54.56,231.77,159.17,36.63,418.77,515.24
45.8168,139.92,82.94,113.85,25.96,66.0,6.49,10.12,11.0,0.0,4.95,2.86,27.06,39.71,186.12,110.22,36.63,456.28,407.55
45.8268,129.36,84.48,112.2,41.36,82.17,10.45,10.12,12.32,0.0,4.95,0.0,23.87,33.11,130.46,55.11,51.26,482.46,298.76
45.8368,127.6,92.73,110.66,57.97,95.48,10.45,12.98,12.32,0.0,3.3,2.86,22.22,29.81,72.27,27.5,93.94,520.19,251.9
45.8468,125.84,97.68,115.39,69.41,105.71,10.45,15.84,13.75,0.0,3.3,0.0,15.84,24.75,32.01,22.0,103.18,554.07,201.08
45.8568,125.84,100.87,118.69,77.99,111.87,11.77,20.24,16.5,0.0,3.3,0.0,12.65,18.15,23.65,20.68,63.36,583.77,141.79
45.8668,125.84,104.17,120.34,85.14,117.04,13.09,27.5,17.93,0.0,0.0,0.0,9.46,11.55,15.4,15.18,35.2,611.05,86.79
45.8768,127.6,105.82,123.64,89.43,122.1,14.41,31.79,17.93,0.0,0.0,0.0,4.73,6.6,10.67,11.0,23.43,632.72,56.43
45.8868,125.84,109.12,121.99,95.15,122.1,15.73,34.76,17.93,0.0,0.0,0.0,4.73,4.95,9.46,8.25,11.66,642.62,39.05
45.8968,122.43,107.47,120.34,98.01,125.51,14.41,40.48,20.68,0.0,3.3,0.0,4.73,4.95,8.25,6.82,5.83,649.33,33.88
45.9068,118.91,104.17,115.39,99.44,127.27,15.73,41.91,20.68,0.0,3.3,0.0,3.08,4.95,8.25,5.5,5.83,643.5,30.91
45.9168,111.87,99.22,107.58,103.73,128.92,17.05,44.88,20.68,0.0,0.0,0.0,4.73,0.0,8.25,5.5,7.26,633.93,25.74
45.9268,106.7,94.38,99.77,108.02,128.92,18.26,44.88,22.0,0.0,0.0,0.0,3.08,3.3,8.25,2.75,5.83,622.93,23.21
45.9368,98.12,86.13,88.88,109.45,130.68,19.58,47.74,22.0,0.0,0.0,0.0,3.08,3.3,7.04,5.5,5.83,602.58,24.75
45.9468,89.54,77.99,82.72,113.96,128.92,19.58,49.17,23.43,0.0,0.0,0.0,3.08,3.3,7.04,2.75,5.83,585.31,22.0
45.9568,80.85,69.74,73.37,118.58,130.68,22.22,53.57,23.43,0.0,0.0,0.0,3.08,3.3,5.83,5.5,5.83,572.44,23.54
45.9668,74.03,61.6,62.48,120.12,130.68,23.54,53.57,23.43,0.0,0.0,0.0,3.08,3.3,7.04,5.5,5.83,549.45,24.75
45.9768,67.1,53.46,55.22,124.74,130.68,26.18,57.86,26.18,0.0,0.0,0.0,0.0,0.0,5.83,4.07,4.4,541.42,14.3
45.9868,60.17,46.97,49.72,129.36,134.09,30.14,60.83,26.18,0.0,0.0,0.0,0.0,0.0,7.04,2.75,4.4,537.46,14.19
45.9968,53.35,38.83,44.11,134.09,134.09,35.42,63.8,26.18,0.0,0.0,0.0,3.08,0.0,5.83,5.5,5.83,529.87,20.24
46.0068,46.42,33.99,37.29,140.25,135.74,39.27,69.74,28.93,0.0,0.0,0.0,0.0,0.0,5.83,2.75,4.4,531.63,12.98
46.0168,43.01,27.5,31.68,143.33,139.15,47.19,75.79,30.36,0.0,0.0,0.0,3.08,0.0,4.73,0.0,4.4,538.01,12.21
46.0268,37.84,22.66,27.61,146.41,142.56,53.79,81.73,30.36,0.0,0.0,0.0,0.0,0.0,4.73,4.07,5.83,542.96,14.63
46.0368,34.43,16.17,22.0,147.95,145.97,60.72,87.67,31.68,0.0,0.0,0.0,0.0,0.0,3.52,4.07,4.4,546.59,11.99
46.0468,29.26,9.68,17.93,147.95,151.14,69.19,96.58,33.11,0.0,0.0,0.0,0.0,0.0,3.52,2.75,2.86,554.84,9.13
46.0568,25.74,8.03,13.75,151.14,154.55,76.23,101.09,34.43,0.0,0.0,0.0,0.0,0.0,4.73,0.0,4.4,564.96,9.13
46.0668,20.57,6.38,12.43,152.68,157.96,86.13,110.0,34.43,0.0,0.0,0.0,0.0,0.0,3.52,2.75,4.4,580.58,10.67
46.0768,17.16,6.38,12.43,154.22,159.61,93.17,121.11,35.86,0.0,0.0,0.0,0.0,0.0,3.52,4.07,4.4,599.94,11.99
46.0868,15.4,6.38,11.0,157.3,163.02,103.07,130.68,38.61,0.0,0.0,0.0,0.0,0.0,4.73,0.0,2.86,625.46,7.59
46.0968,11.99,4.84,11.0,158.84,166.43,113.08,138.71,37.18,0.0,0.0,0.0,0.0,0.0,3.52,2.75,4.4,642.07,10.67
46.1068,10.23,4.84,9.57,161.92,169.84,123.86,148.39,39.93,0.0,0.0,0.0,0.0,0.0,4.73,0.0,0.0,668.58,4.73
46.1168,5.06,4.84,8.25,163.46,171.6,136.07,159.72,41.36,0.0,0.0,0.0,0.0,0.0,2.31,2.75,4.4,690.36,9.46
46.1268,5.06,4.84,5.5,165.0,171.6,148.39,167.75,42.68,0.0,0.0,0.0,0.0,0.0,4.73,0.0,2.86,710.82,7.59
46.1368,0.0,0.0,5.5,165.0,169.84,160.6,179.52,44.11,0.0,0.0,0.0,0.0,0.0,4.73,0.0,0.0,724.57,4.73
46.1468,0.0,0.0,4.07,161.92,164.78,173.36,190.08,45.54,0.0,0.0,0.0,0.0,0.0,3.52,2.75,4.4,739.75,10.67
46.1568,0.0,3.19,2.75,160.38,161.37,183.26,198.77,46.86,0.0,0.0,0.0,0.0,0.0,3.52,2.75,4.4,756.58,10.67
46.1668,0.0,3.19,2.75,154.22,157.96,194.92,209.33,46.86,0.0,0.0,0.0,0.0,0.0,3.52,2.75,0.0,769.23,6.27
46.1768,0.0,0.0,2.75,146.41,151.14,206.58,218.13,48.29,0.0,0.0,0.0,0.0,0.0,3.52,0.0,4.4,773.3,7.92
46.1868,0.0,3.19,2.75,135.63,145.97,216.48,223.41,48.29,2.42,0.0,0.0,0.0,0.0,2.31,0.0,2.86,775.72,7.59
46.1968,0.0,3.19,4.07,123.2,135.74,224.84,230.12,51.04,2.42,0.0,0.0,0.0,0.0,3.52,0.0,4.4,772.2,10.34
46.2068,0.0,3.19,0.0,109.45,128.92,231.44,236.94,52.36,4.84,0.0,0.0,0.0,0.0,2.31,0.0,4.4,762.3,11.55
46.2168,0.0,3.19,2.75,93.72,117.04,236.39,238.7,52.36,14.74,0.0,0.0,0.0,0.0,0.0,0.0,2.86,744.15,17.6
46.2268,0.0,3.19,2.75,82.28,108.68,239.69,242.11,52.36,29.59,0.0,0.0,0.0,0.0,0.0,0.0,2.86,731.06,32.45
46.2368,0.0,3.19,2.75,69.41,95.48,242.99,240.35,52.36,51.7,0.0,0.0,0.0,0.0,2.31,0.0,2.86,706.53,56.87
46.2468,0.0,3.19,2.75,50.82,79.31,246.29,236.94,56.54,90.09,3.3,0.0,0.0,0.0,2.31,0.0,2.86,675.84,98.56
46.2568,0.0,3.19,2.75,35.42,61.6,242.99,228.47,59.4,137.06,39.6,10.01,3.08,3.3,2.31,0.0,2.86,633.82,198.22
46.2668,0.0,3.19,2.75,20.02,37.62,231.44,209.33,65.34,134.2,133.21,80.41,6.27,4.95,4.73,2.75,2.86,569.69,369.38
46.2768,0.0,3.19,0.0,16.5,29.26,184.91,150.04,80.3,128.59,152.9,128.37,6.27,8.25,5.83,5.5,4.4,464.2,440.11
46.2868,0.0,4.84,0.0,14.19,25.08,126.94,83.16,102.63,131.34,164.45,140.58,15.84,11.55,8.25,8.25,8.8,356.84,489.06
46.2968,0.0,3.19,2.75,11.77,22.22,80.52,36.19,153.34,120.01,162.8,140.58,36.63,24.75,9.46,9.57,11.66,309.98,515.46
46.3068,0.0,4.84,0.0,8.25,15.29,30.14,27.5,133.21,110.22,159.5,143.66,54.12,43.01,10.67,12.32,13.2,219.23,546.7
46.3168,0.0,4.84,0.0,5.83,12.54,22.22,23.1,69.85,110.22,166.1,146.74,69.08,51.26,11.77,11.0,16.06,138.38,582.23
46.3268,0.0,3.19,0.0,3.52,8.36,15.73,15.84,41.36,108.79,169.4,151.25,75.13,59.51,11.77,13.75,17.6,88.0,607.2
46.3368,0.0,3.19,0.0,2.31,5.5,10.45,11.55,26.18,107.47,171.05,154.33,79.53,65.67,12.98,13.75,16.06,59.18,620.84
46.3468,0.0,0.0,0.0,3.52,5.5,7.81,8.69,11.0,103.51,167.75,154.33,85.58,70.29,14.19,13.75,16.06,36.52,625.46
46.3568,0.0,0.0,0.0,2.31,2.75,3.85,8.69,2.75,100.76,167.75,151.25,88.55,73.37,12.98,13.75,16.06,20.35,624.47
46.3668,0.0,0.0,0.0,3.52,4.18,5.17,7.15,2.75,95.48,164.45,148.28,91.52,79.64,12.98,15.18,17.6,22.77,625.13
46.3768,0.0,0.0,0.0,0.0,0.0,5.17,5.72,2.75,88.77,154.55,139.04,94.49,82.72,14.19,13.75,17.6,13.64,605.11
46.3868,0.0,0.0,0.0,0.0,2.75,5.17,4.29,2.75,82.06,144.65,129.91,97.46,85.8,14.19,13.75,17.6,14.96,585.42
46.3968,0.0,0.0,0.0,2.31,0.0,3.85,4.29,2.75,74.03,131.56,119.13,97.46,88.88,14.19,13.75,19.03,13.2,558.03
46.4068,0.0,0.0,0.0,2.31,2.75,3.85,4.29,2.75,66.0,120.01,109.89,101.97,91.96,14.19,16.5,17.6,15.95,538.12
46.4168,0.0,0.0,0.0,0.0,2.75,3.85,4.29,0.0,59.29,108.68,100.65,104.94,91.96,15.4,16.5,19.03,10.89,516.45
46.4268,0.0,0.0,0.0,2.31,2.75,2.53,0.0,0.0,53.02,97.9,91.3,106.37,98.23,15.4,15.18,19.03,7.59,496.43
46.4367,0.0,0.0,0.0,2.31,0.0,3.85,2.86,2.75,46.86,88.66,85.03,109.34,99.77,15.4,16.5,20.46,11.77,482.02
46.4467,0.0,0.0,0.0,0.0,2.75,2.53,2.86,2.75,41.91,79.42,78.87,112.42,102.85,15.4,17.93,19.03,10.89,467.83
46.4567,0.0,0.0,0.0,0.0,0.0,0.0,2.86,0.0,36.96,73.26,74.25,117.15,107.47,15.4,17.93,22.0,2.86,464.42
46.4667,0.0,0.0,0.0,0.0,0.0,0.0,2.86,2.75,30.8,65.56,69.52,123.42,112.09,15.4,19.25,22.0,5.61,458.04
46.4767,0.0,0.0,0.0,0.0,0.0,0.0,0.0,0.0,27.06,59.4,64.9,129.69,115.28,16.61,19.25,23.43,0.0,455.62
46.4867,0.0,0.0,0.0,0.0,0.0,2.53,0.0,0.0,23.43,52.8,58.74,136.07,124.96,18.92,19.25,23.43,2.53,457.6
46.4967,0.0,0.0,0.0,0.0,0.0,2.53,0.0,2.75,19.69,44.55,52.91,145.53,134.64,18.92,23.43,23.43,5.28,463.1
46.5067,0.0,0.0,0.0,0.0,0.0,2.53,0.0,0.0,15.95,36.3,48.62,158.18,145.97,21.34,24.75,26.4,2.53,477.51
46.5167,0.0,0.0,0.0,0.0,0.0,2.53,0.0,2.75,13.53,33.0,42.9,169.51,157.41,22.44,31.68,29.26,5.28,499.73
46.5267,0.0,0.0,0.0,0.0,0.0,2.53,0.0,0.0,11.0,23.1,37.18,181.61,168.74,26.07,42.68,30.8,2.53,521.18
46.5367,0.0,0.0,0.0,0.0,0.0,2.53,0.0,2.75,8.58,18.15,31.46,190.19,181.17,33.22,55.11,33.66,5.28,551.54
46.5467,0.0,0.0,0.0,0.0,0.0,0.0,0.0,2.75,7.37,13.2,22.88,200.64,188.32,44.99,65.34,33.66,2.75,576.4
46.5567,0.0,0.0,0.0,0.0,0.0,0.0,0.0,2.75,6.16,11.55,17.16,209.22,197.34,57.2,77.33,39.6,2.75,615.56
46.5667,0.0,0.0,0.0,0.0,0.0,0.0,0.0,0.0,4.84,9.9,11.44,219.56,204.6,72.27,90.75,41.03,0.0,654.39
46.5767,0.0,0.0,0.0,0.0,0.0,0.0,0.0,0.0,3.63,8.25,8.58,223.08,213.62,90.42,101.2,44.0,0.0,692.78
46.5867,0.0,0.0,0.0,0.0,0.0,0.0,0.0,0.0,3.63,8.25,7.15,230.01,217.14,105.49,114.73,42.46,0.0,728.86
46.5967,0.0,0.0,0.0,0.0,0.0,0.0,0.0,0.0,0.0,4.95,5.72,233.53,222.64,121.77,123.97,45.43,0.0,758.01
46.6067,0.0,0.0,0.0,0.0,0.0,0.0,0.0,2.75,0.0,6.6,4.29,237.05,222.64,137.39,133.1,46.86,2.75,787.93
46.6167,0.0,0.0,0.0,0.0,0.0,0.0,0.0,2.75,0.0,6.6,2.86,237.05,220.77,158.29,140.8,48.4,2.75,814.77
46.6267,0.0,0.0,2.75,0.0,0.0,0.0,0.0,2.75,0.0,3.3,2.86,231.77,217.14,175.67,145.42,49.83,5.5,825.99
46.6367,5.06,0.0,0.0,0.0,0.0,0.0,0.0,0.0,0.0,4.95,2.86,219.56,206.36,189.64,153.01,46.86,5.06,823.24
46.6467,8.58,0.0,0.0,0.0,0.0,0.0,0.0,0.0,0.0,3.3,2.86,207.46,188.32,201.74,157.63,46.86,8.58,808.17
46.6567,11.99,0.0,0.0,0.0,0.0,0.0,0.0,0.0,0.0,4.95,2.86,188.54,175.78,213.95,160.71,46.86,11.99,793.65
46.6667,15.4,0.0,0.0,0.0,0.0,0.0,0.0,0.0,0.0,3.3,2.86,167.75,162.25,228.03,162.25,46.86,15.4,773.3
46.6767,27.5,0.0,0.0,0.0,0.0,0.0,0.0,0.0,0.0,4.95,2.86,147.07,150.92,233.53,165.33,45.43,27.5,750.09
46.6867,44.77,0.0,0.0,0.0,0.0,0.0,0.0,0.0,0.0,3.3,2.86,126.61,141.13,242.66,170.17,45.43,44.77,732.16
46.6967,67.1,0.0,0.0,0.0,0.0,0.0,0.0,0.0,0.0,4.95,0.0,106.37,134.64,248.16,171.71,44.0,67.1,709.83
46.7067,92.95,0.0,0.0,0.0,2.75,2.53,0.0,0.0,0.0,4.95,2.86,87.01,124.96,248.16,173.36,42.46,98.23,683.76
46.7167,139.92,8.03,8.25,2.31,4.18,2.53,0.0,2.75,0.0,4.95,0.0,69.08,110.55,251.79,168.52,41.03,167.97,645.92
46.7267,153.89,73.04,65.56,5.83,9.68,3.85,5.72,5.5,0.0,4.95,2.86,49.39,91.96,246.4,163.79,39.6,323.07,598.95
46.7367,148.61,89.43,107.58,18.92,27.83,6.49,7.15,8.25,0.0,4.95,2.86,30.25,59.51,240.9,149.93,35.2,414.26,523.6
46.7467,146.85,96.03,120.34,31.9,43.12,6.49,8.69,9.57,0.0,3.3,0.0,25.41,41.36,198.22,105.71,38.06,462.99,412.06
46.7567,138.16,94.38,118.69,42.57,61.6,7.81,10.12,9.57,0.0,3.3,0.0,25.41,36.41,137.39,52.36,51.26,482.9,306.13
46.7667,132.88,97.68,117.04,57.97,68.97,7.81,10.12,12.32,0.0,3.3,0.0,20.68,29.81,79.86,26.18,89.43,504.79,249.26
46.7767,136.4,105.82,118.69,69.41,73.37,7.81,11.55,12.32,0.0,4.95,0.0,17.49,23.1,32.01,20.68,97.02,535.37,195.25
46.7867,138.16,110.77,121.99,75.13,79.31,9.13,12.98,12.32,0.0,0.0,0.0,14.3,19.8,23.65,19.25,61.82,559.79,138.82
46.7967,141.57,115.72,125.29,77.99,80.74,10.45,12.98,12.32,0.0,3.3,0.0,7.92,13.2,16.61,13.75,38.06,577.06,92.84
46.8067,145.09,119.13,126.94,83.71,82.17,7.81,12.98,12.32,0.0,0.0,0.0,6.27,8.25,11.77,12.32,23.43,590.15,62.04
46.8167,145.09,120.78,125.29,88.0,85.14,9.13,12.98,13.75,0.0,3.3,0.0,3.08,4.95,10.67,6.82,13.2,600.16,42.02
46.8267,143.33,120.78,126.94,92.29,86.57,10.45,11.55,13.75,0.0,3.3,0.0,3.08,0.0,9.46,6.82,7.26,605.66,29.92
46.8367,139.92,119.13,125.29,96.58,86.57,10.45,14.41,12.32,0.0,3.3,0.0,0.0,4.95,8.25,6.82,5.83,604.67,29.15
46.8467,134.64,114.07,120.34,99.44,91.08,10.45,14.41,13.75,0.0,3.3,0.0,0.0,3.3,7.04,5.5,4.4,598.18,23.54
46.8567,127.6,110.77,115.39,99.44,92.51,11.77,14.41,15.18,0.0,0.0,0.0,4.73,3.3,5.83,4.07,5.83,587.07,23.76
46.8667,118.91,102.52,109.12,103.73,93.94,10.45,15.84,13.75,0.0,0.0,0.0,4.73,3.3,7.04,2.75,5.83,568.26,23.65
46.8767,110.22,96.03,101.31,108.02,95.48,10.45,15.84,12.32,0.0,0.0,0.0,3.08,3.3,4.73,5.5,4.4,549.67,21.01
46.8867,101.53,87.78,95.15,110.88,98.34,11.77,17.38,15.18,0.0,0.0,0.0,3.08,0.0,7.04,5.5,4.4,538.01,20.02
46.8967,92.95,81.29,85.8,117.04,98.34,11.77,20.24,15.18,0.0,0.0,0.0,0.0,3.3,7.04,2.75,2.86,522.61,15.95
46.9067,84.37,73.04,77.99,121.66,101.31,13.09,21.67,16.5,0.0,0.0,0.0,0.0,0.0,7.04,0.0,2.86,509.63,9.9
46.9167,75.68,64.9,70.18,129.36,102.85,14.41,24.53,16.5,0.0,0.0,0.0,0.0,0.0,4.73,4.07,4.4,498.41,13.2
46.9267,67.1,58.3,64.02,135.63,104.28,17.05,30.36,17.93,0.0,0.0,0.0,3.08,0.0,5.83,2.75,5.83,494.67,17.49
46.9367,60.17,53.46,57.97,143.33,108.68,22.22,34.76,19.25,0.0,0.0,0.0,0.0,3.3,4.73,0.0,2.86,499.84,10.89
46.9467,53.35,46.97,52.47,149.49,111.87,27.5,37.62,19.25,0.0,0.0,0.0,3.08,0.0,4.73,4.07,5.83,498.52,17.71
46.9567,46.42,38.83,46.86,155.76,117.04,31.46,44.88,20.68,0.0,0.0,0.0,0.0,0.0,4.73,4.07,2.86,501.93,11.66
46.9667,41.25,33.99,38.61,161.92,118.69,40.59,50.6,23.43,0.0,0.0,0.0,0.0,0.0,4.73,4.07,0.0,509.08,8.8
46.9767,36.08,29.15,33.11,169.73,123.86,48.51,56.43,23.43,0.0,0.0,0.0,0.0,0.0,2.31,4.07,4.4,520.3,10.78
46.9867,32.67,24.31,26.18,173.03,130.68,56.43,63.8,26.18,0.0,0.0,0.0,0.0,0.0,3.52,4.07,2.86,533.28,10.45
46.9967,29.26,19.36,23.43,177.87,137.5,67.76,72.71,27.5,0.0,0.0,0.0,0.0,0.0,3.52,4.07,2.86,555.39,10.45
47.0067,25.74,14.52,19.25,185.9,140.91,79.09,81.73,30.36,0.0,0.0,0.0,0.0,0.0,3.52,4.07,4.4,577.5,11.99
47.0167,22.33,9.68,15.18,189.2,149.38,90.42,93.61,30.36,0.0,0.0,0.0,0.0,0.0,4.73,0.0,0.0,600.16,4.73
47.0267,18.92,8.03,13.75,195.69,154.55,100.32,102.63,33.11,0.0,0.0,0.0,0.0,0.0,3.52,2.75,4.4,627.0,10.67
47.0367,15.4,8.03,13.75,200.53,159.61,111.65,111.54,33.11,0.0,0.0,0.0,0.0,0.0,4.73,0.0,4.4,653.62,9.13
47.0467,13.75,8.03,11.0,205.37,163.02,126.94,122.65,35.86,0.0,0.0,0.0,0.0,0.0,4.73,0.0,4.4,686.62,9.13
47.0567,11.99,6.38,11.0,210.21,166.43,142.23,133.98,35.86,0.0,0.0,0.0,0.0,0.0,2.31,2.75,2.86,718.08,7.92
47.0667,6.82,6.38,9.57,213.51,168.19,155.98,146.85,37.18,0.0,0.0,0.0,0.0,0.0,4.73,0.0,4.4,744.48,9.13
47.0767,5.06,4.84,6.82,216.7,168.19,171.71,156.42,38.61,0.0,0.0,0.0,0.0,0.0,2.31,0.0,2.86,768.35,5.17
47.0867,3.41,4.84,5.5,219.89,164.78,186.67,166.1,39.93,0.0,0.0,0.0,0.0,0.0,3.52,2.75,0.0,791.12,6.27
47.0967,0.0,3.19,5.5,219.89,159.61,201.52,177.76,41.36,0.0,0.0,0.0,0.0,0.0,2.31,0.0,4.4,808.83,6.71
47.1067,0.0,3.19,4.07,216.7,154.55,214.83,188.32,42.68,0.0,0.0,0.0,0.0,0.0,3.52,0.0,2.86,824.34,6.38
47.1167,0.0,3.19,4.07,205.37,147.73,228.14,198.77,42.68,2.42,0.0,0.0,0.0,0.0,2.31,0.0,2.86,829.95,7.59
47.1267,0.0,3.19,0.0,192.39,139.15,236.39,205.81,45.54,2.42,0.0,0.0,0.0,0.0,3.52,0.0,2.86,822.47,8.8
47.1367,0.0,3.19,2.75,176.22,128.92,249.59,214.61,46.86,3.63,0.0,0.0,0.0,0.0,0.0,0.0,2.86,822.14,6.49
47.1467,0.0,3.19,2.75,157.3,122.1,257.95,218.13,46.86,6.16,0.0,0.0,0.0,0.0,2.31,0.0,0.0,808.28,8.47
47.1567,0.0,3.19,2.75,132.55,108.68,264.55,226.71,48.29,14.74,0.0,0.0,0.0,0.0,0.0,0.0,2.86,786.72,17.6
47.1667,0.0,3.19,2.75,110.88,96.91,269.5,230.12,49.61,32.01,0.0,0.0,0.0,0.0,0.0,0.0,0.0,762.96,32.01
47.1767,0.0,3.19,4.07,90.86,83.71,274.45,228.47,51.04,54.23,3.3,0.0,0.0,0.0,2.31,0.0,0.0,735.79,59.84
47.1867,0.0,3.19,2.75,67.98,67.54,277.86,219.89,53.79,91.41,4.95,2.86,0.0,0.0,0.0,0.0,0.0,693.0,99.22
47.1967,0.0,3.19,4.07,46.09,47.3,277.86,211.09,56.54,138.49,8.25,0.0,3.08,0.0,3.52,0.0,0.0,646.14,153.34
47.2067,0.0,4.84,2.75,23.65,29.26,266.2,177.76,65.34,151.14,116.71,18.59,3.08,4.95,3.52,0.0,0.0,569.8,297.99
47.2167,0.0,3.19,2.75,17.71,25.08,206.58,116.27,83.27,142.67,157.85,83.49,6.27,4.95,5.83,0.0,2.86,454.85,403.92
47.2267,0.0,3.19,2.75,16.5,23.65,143.77,62.37,111.65,142.67,167.75,105.27,7.92,8.25,4.73,4.07,2.86,363.88,443.52
47.2367,0.0,4.84,2.75,12.98,18.04,88.99,30.36,145.64,141.24,174.46,111.43,17.49,11.55,5.83,6.82,7.26,303.6,476.08
47.2467,0.0,4.84,2.75,8.25,12.54,31.46,26.07,122.43,127.16,171.05,117.59,38.17,14.85,5.83,9.57,10.23,208.34,494.45
47.2567,0.0,4.84,2.75,5.83,12.54,23.54,21.67,66.88,122.87,172.81,122.21,57.2,26.4,10.67,9.57,11.66,138.05,533.39
47.2667,0.0,4.84,2.75,3.52,6.93,17.05,15.84,41.36,118.69,176.11,128.37,67.65,39.71,10.67,12.32,13.2,92.29,566.72
47.2767,0.0,3.19,0.0,3.52,5.5,10.45,10.12,24.75,114.4,176.11,132.88,75.13,44.66,11.77,13.75,14.63,57.53,583.33
47.2867,0.0,0.0,0.0,4.73,2.75,6.49,7.15,12.32,111.54,174.46,135.96,79.53,54.56,12.98,12.32,14.63,33.44,595.98
47.2967,0.0,0.0,0.0,3.52,4.18,6.49,7.15,4.07,107.47,174.46,132.88,87.01,61.05,12.98,13.75,16.06,25.41,605.66
47.3067,0.0,0.0,0.0,3.52,4.18,6.49,4.29,2.75,103.51,171.05,131.45,92.95,65.67,12.98,13.75,17.6,21.23,608.96
47.3167,0.0,0.0,0.0,3.52,0.0,5.17,4.29,2.75,95.48,166.1,126.83,97.46,70.29,12.98,15.18,14.63,15.73,598.95
47.3267,0.0,0.0,0.0,3.52,0.0,3.85,4.29,2.75,88.77,157.85,117.59,103.4,70.29,12.98,15.18,19.03,14.41,585.09
47.3367,0.0,0.0,0.0,0.0,2.75,3.85,4.29,0.0,82.06,147.95,108.35,107.91,73.37,12.98,15.18,17.6,10.89,565.4
47.3467,0.0,0.0,0.0,2.31,2.75,2.53,4.29,2.75,75.35,139.7,99.0,109.34,74.91,14.19,16.5,19.03,14.63,548.02
47.3567,0.0,0.0,0.0,2.31,0.0,3.85,4.29,2.75,68.64,131.56,88.22,115.5,78.1,14.19,16.5,19.03,13.2,531.74
47.3667,0.0,0.0,0.0,2.31,0.0,3.85,0.0,2.75,61.93,121.66,75.79,121.88,79.64,15.4,16.5,19.03,8.91,511.83
47.3767,0.0,0.0,0.0,2.31,2.75,2.53,2.86,0.0,54.23,107.14,67.98,128.15,82.72,15.4,17.93,20.46,10.45,494.01
47.3867,0.0,0.0,0.0,0.0,0.0,2.53,2.86,0.0,48.07,96.36,58.74,134.42,88.88,14.19,17.93,20.46,5.39,479.05
47.3967,0.0,0.0,0.0,0.0,0.0,3.85,2.86,2.75,41.91,85.58,51.48,139.15,90.42,16.61,17.93,19.03,9.46,462.11
47.4067,0.0,0.0,0.0,2.31,0.0,0.0,0.0,2.75,35.75,73.26,45.76,148.72,93.5,16.61,17.93,23.43,5.06,454.96
47.4167,0.0,0.0,0.0,0.0,0.0,2.53,0.0,0.0,30.8,65.56,41.47,154.99,96.69,17.71,20.68,22.0,2.53,449.9
47.4267,0.0,0.0,0.0,0.0,0.0,2.53,0.0,0.0,25.85,57.75,35.75,164.45,104.39,17.71,22.0,24.86,2.53,452.76
47.4367,0.0,0.0,0.0,0.0,0.0,0.0,0.0,0.0,20.9,51.15,31.46,174.68,107.47,20.13,23.43,24.86,0.0,454.08
47.4467,0.0,0.0,0.0,0.0,0.0,2.53,0.0,0.0,17.16,41.25,25.74,186.78,116.82,20.13,23.43,27.83,2.53,459.14
47.4567,0.0,0.0,0.0,0.0,0.0,0.0,0.0,0.0,15.95,36.3,22.88,197.12,121.66,22.44,23.43,27.83,0.0,467.61
47.4667,0.0,0.0,0.0,0.0,0.0,0.0,0.0,0.0,13.53,29.7,18.59,207.46,131.45,24.86,24.75,29.26,0.0,479.6
47.4767,0.0,0.0,0.0,0.0,0.0,0.0,0.0,0.0,11.0,23.1,15.73,223.08,139.59,28.38,33.11,32.23,0.0,506.22
47.4867,0.0,0.0,0.0,0.0,0.0,2.53,0.0,0.0,9.79,18.15,12.87,235.29,147.62,35.53,39.93,35.2,2.53,534.38
47.4967,0.0,0.0,0.0,0.0,0.0,0.0,0.0,2.75,7.37,14.85,10.01,245.85,155.76,48.62,46.86,36.63,2.75,565.95
47.5067,0.0,0.0,0.0,0.0,0.0,0.0,0.0,2.75,7.37,13.2,8.58,258.06,158.95,60.28,57.97,38.06,2.75,602.47
47.5167,0.0,0.0,0.0,0.0,0.0,0.0,0.0,2.75,6.16,9.9,7.15,265.1,167.09,78.32,66.88,41.03,2.75,641.63
47.5267,0.0,0.0,0.0,0.0,0.0,0.0,2.86,0.0,3.63,6.6,4.29,273.9,175.78,96.47,80.3,42.46,2.86,683.43
47.5367,0.0,0.0,0.0,0.0,0.0,0.0,0.0,2.75,2.42,8.25,4.29,279.07,181.17,111.54,92.29,41.03,2.75,720.06
47.5467,0.0,0.0,0.0,0.0,0.0,0.0,0.0,2.75,0.0,6.6,4.29,287.54,184.8,132.22,99.66,44.0,2.75,759.11
47.5567,0.0,0.0,2.75,0.0,0.0,0.0,0.0,4.07,0.0,4.95,0.0,290.95,186.56,147.84,111.65,45.43,6.82,787.38
47.5667,0.0,0.0,2.75,0.0,0.0,0.0,0.0,2.75,0.0,4.95,2.86,294.36,184.8,163.57,119.35,49.83,5.5,819.72
47.5767,0.0,0.0,0.0,0.0,0.0,0.0,0.0,0.0,0.0,6.6,2.86,292.71,179.3,182.6,127.05,48.4,0.0,839.52
47.5867,6.82,0.0,2.75,0.0,0.0,0.0,0.0,0.0,0.0,4.95,2.86,294.36,173.91,196.57,130.02,48.4,9.57,851.07
47.5967,10.23,0.0,0.0,0.0,0.0,0.0,0.0,2.75,0.0,6.6,0.0,284.13,163.9,208.67,130.02,44.0,12.98,837.32
47.6067,13.75,0.0,0.0,0.0,0.0,0.0,0.0,2.75,0.0,4.95,0.0,272.14,154.11,217.36,134.64,45.43,16.5,828.63
47.6167,18.92,0.0,0.0,0.0,0.0,0.0,0.0,2.75,0.0,4.95,2.86,252.78,144.43,228.03,139.26,45.43,21.67,817.74
47.6267,25.74,0.0,0.0,0.0,0.0,0.0,0.0,0.0,0.0,3.3,2.86,235.29,134.64,235.4,142.34,42.46,25.74,796.29
47.6367,39.6,0.0,0.0,0.0,0.0,0.0,0.0,0.0,0.0,3.3,2.86,209.22,124.96,246.4,143.88,44.0,39.6,774.62
47.6467,63.69,0.0,0.0,2.31,0.0,0.0,0.0,0.0,0.0,3.3,0.0,183.37,118.47,250.03,142.34,44.0,66.0,741.51
47.6567,91.19,0.0,0.0,2.31,2.75,0.0,0.0,0.0,0.0,3.3,2.86,153.45,107.47,261.03,143.88,42.46,96.25,714.45
47.6667,124.19,8.03,8.25,3.52,2.75,0.0,2.86,0.0,0.0,4.95,2.86,129.69,95.04,266.42,140.8,41.03,149.6,680.79
47.6767,139.92,74.69,60.94,5.83,11.11,3.85,4.29,5.5,0.0,0.0,0.0,104.94,78.1,271.92,137.72,42.46,306.13,635.14
47.6867,134.64,91.08,106.04,14.19,27.83,5.17,5.72,6.82,0.0,3.3,2.86,78.1,54.56,281.27,120.89,38.06,391.49,579.04
47.6967,136.4,99.22,125.29,27.17,38.94,7.81,7.15,9.57,0.0,4.95,2.86,43.01,38.06,277.53,93.72,38.06,451.55,498.19
47.7067,127.6,100.87,128.59,38.94,63.03,7.81,7.15,9.57,0.0,0.0,0.0,33.44,34.76,217.36,48.29,42.46,483.56,376.31
47.7167,122.43,100.87,126.94,50.82,73.37,9.13,11.55,11.0,0.0,3.3,2.86,30.25,29.81,153.12,26.18,58.74,506.11,304.26
47.7267,124.19,109.12,126.94,59.4,86.57,9.13,12.98,12.32,0.0,0.0,0.0,27.06,24.75,84.37,23.43,71.06,540.65,230.67
47.7367,124.19,110.77,133.43,66.55,93.94,9.13,12.98,12.32,0.0,3.3,0.0,19.03,21.45,40.26,23.43,58.74,563.31,166.21
47.7467,125.84,114.07,138.38,70.84,99.88,9.13,17.38,13.75,0.0,3.3,0.0,17.49,18.15,28.38,20.68,36.63,589.27,124.63
47.7567,125.84,115.72,138.38,73.7,104.28,9.13,21.67,15.18,0.0,0.0,0.0,11.11,9.9,17.71,15.18,29.26,603.9,83.16
47.7667,125.84,115.72,140.03,77.99,104.28,10.45,26.07,15.18,0.0,0.0,0.0,7.92,8.25,11.77,12.32,20.46,615.56,60.72
47.7767,122.43,115.72,140.03,79.42,108.68,10.45,30.36,16.5,0.0,0.0,0.0,6.27,4.95,10.67,8.25,11.66,623.59,41.8
47.7867,120.67,114.07,135.08,82.28,110.22,9.13,33.22,16.5,0.0,3.3,0.0,4.73,4.95,9.46,4.07,5.83,621.17,32.34
47.7967,115.39,110.77,135.08,86.57,110.22,10.45,37.62,16.5,0.0,0.0,0.0,6.27,3.3,8.25,4.07,2.86,622.6,24.75
47.8067,110.22,104.17,130.24,88.0,113.63,10.45,41.91,16.5,0.0,3.3,0.0,6.27,0.0,7.04,4.07,4.4,615.12,25.08
47.8167,105.05,99.22,123.64,89.43,117.04,11.77,44.88,16.5,0.0,0.0,0.0,4.73,3.3,7.04,4.07,4.4,607.53,23.54
47.8267,98.12,94.38,115.39,92.29,115.28,13.09,46.31,17.93,0.0,0.0,0.0,4.73,3.3,7.04,5.5,4.4,592.79,24.97
47.8367,91.19,86.13,107.58,95.15,122.1,14.41,50.6,17.93,0.0,3.3,0.0,4.73,0.0,7.04,2.75,0.0,585.09,17.82
47.8467,82.61,79.64,101.31,98.01,123.86,18.26,53.57,19.25,0.0,0.0,0.0,3.08,3.3,5.83,4.07,4.4,576.51,20.68
47.8567,75.68,71.39,90.42,103.73,128.92,20.9,57.86,17.93,0.0,0.0,0.0,0.0,0.0,7.04,0.0,4.4,566.83,11.44
47.8666,67.1,63.25,84.26,105.16,128.92,23.54,62.37,20.68,0.0,0.0,0.0,4.73,0.0,4.73,2.75,2.86,555.28,15.07
47.8766,61.93,56.65,77.99,109.45,135.74,27.5,68.31,22.0,0.0,0.0,0.0,0.0,0.0,4.73,2.75,2.86,559.57,10.34
47.8866,55.11,50.16,71.83,112.42,140.91,31.46,72.71,22.0,0.0,0.0,0.0,3.08,0.0,5.83,0.0,2.86,556.6,11.77
47.8966,51.59,43.67,65.56,117.04,144.32,35.42,77.22,23.43,0.0,0.0,0.0,3.08,0.0,4.73,2.75,2.86,558.25,13.42
47.9066,44.77,38.83,57.97,120.12,149.38,43.23,86.13,24.75,0.0,3.3,0.0,3.08,0.0,4.73,0.0,0.0,565.18,11.11
47.9166,39.6,30.69,51.04,124.74,154.55,48.51,90.64,26.18,0.0,0.0,0.0,3.08,0.0,3.52,2.75,4.4,565.95,13.75
47.9266,36.08,25.85,45.54,127.82,163.02,52.47,101.09,28.93,0.0,0.0,0.0,0.0,0.0,3.52,2.75,2.86,580.8,9.13
47.9366,32.67,21.01,40.04,130.9,168.19,60.72,110.0,27.5,0.0,0.0,0.0,3.08,0.0,3.52,2.75,2.86,591.03,12.21
47.9466,29.26,16.17,33.11,134.09,175.12,70.62,119.46,28.93,0.0,0.0,0.0,0.0,0.0,3.52,0.0,2.86,606.76,6.38
47.9566,25.74,11.33,27.61,137.17,180.4,79.09,130.68,31.68,0.0,0.0,0.0,0.0,0.0,3.52,2.75,0.0,623.7,6.27
47.9666,22.33,8.03,20.68,138.71,189.09,88.99,142.01,31.68,0.0,0.0,0.0,0.0,0.0,3.52,2.75,0.0,641.52,6.27
47.9766,17.16,6.38,17.93,141.79,194.26,96.03,151.58,33.11,0.0,0.0,0.0,3.08,0.0,4.73,0.0,4.4,658.24,12.21
47.9866,15.4,6.38,15.18,144.87,201.3,107.36,161.26,35.86,0.0,0.0,0.0,0.0,0.0,2.31,2.75,2.86,687.61,7.92
47.9966,11.99,6.38,13.75,147.95,201.3,119.24,174.24,37.18,0.0,0.0,0.0,0.0,0.0,4.73,0.0,2.86,712.03,7.59
48.0066,8.58,4.84,12.43,149.49,206.58,134.53,190.08,39.93,0.0,0.0,0.0,0.0,0.0,2.31,2.75,2.86,746.46,7.92
48.0166,5.06,4.84,9.57,149.49,208.23,148.39,200.53,39.93,0.0,0.0,0.0,0.0,0.0,3.52,0.0,2.86,766.04,6.38
48.0266,3.41,4.84,8.25,149.49,204.82,160.6,211.09,41.36,0.0,0.0,0.0,0.0,0.0,2.31,0.0,0.0,783.86,2.31
48.0366,0.0,3.19,5.5,147.95,201.3,175.01,221.65,42.68,0.0,0.0,0.0,0.0,0.0,3.52,0.0,0.0,797.28,3.52
48.0466,0.0,3.19,4.07,138.71,194.26,186.67,230.12,42.68,2.42,0.0,0.0,0.0,0.0,3.52,0.0,2.86,799.7,8.8
48.0566,0.0,3.19,2.75,129.36,183.81,201.52,240.35,42.68,3.63,0.0,0.0,0.0,0.0,2.31,0.0,0.0,803.66,5.94
48.0666,0.0,0.0,4.07,118.58,169.84,208.23,247.17,45.54,3.63,0.0,0.0,0.0,0.0,3.52,0.0,0.0,793.43,7.15
48.0766,0.0,3.19,4.07,102.3,157.96,219.78,253.99,44.11,4.84,0.0,0.0,0.0,0.0,2.31,0.0,2.86,785.4,10.01
48.0866,0.0,3.19,4.07,89.43,147.73,229.79,257.4,45.54,6.16,0.0,0.0,0.0,0.0,2.31,0.0,0.0,777.15,8.47
48.0966,0.0,3.19,4.07,76.56,132.33,238.04,264.22,45.54,8.58,0.0,0.0,0.0,0.0,2.31,0.0,0.0,763.95,10.89
48.1066,0.0,3.19,4.07,63.69,118.69,242.99,264.22,44.11,14.74,0.0,0.0,0.0,0.0,3.52,0.0,0.0,740.96,18.26
48.1166,0.0,3.19,4.07,50.82,102.85,247.94,269.28,44.11,28.27,0.0,0.0,0.0,0.0,0.0,0.0,0.0,722.26,28.27
48.1266,0.0,3.19,2.75,35.42,88.11,251.35,265.87,44.11,51.7,0.0,0.0,0.0,0.0,2.31,0.0,0.0,690.8,54.01
48.1366,0.0,3.19,2.75,18.92,67.54,249.59,260.81,46.86,90.09,0.0,2.86,3.08,0.0,3.52,0.0,0.0,649.66,99.55
48.1466,0.0,0.0,4.07,14.19,41.8,229.79,245.52,52.36,145.53,9.9,4.29,3.08,0.0,3.52,0.0,0.0,587.73,166.32
48.1566,0.0,4.84,2.75,12.98,30.58,191.62,193.6,68.31,152.57,151.25,58.74,6.27,3.3,4.73,0.0,0.0,504.68,376.86
48.1666,0.0,4.84,2.75,9.46,26.4,140.69,125.84,93.72,156.86,182.93,117.59,9.46,8.25,4.73,2.75,2.86,403.7,485.43
48.1766,0.0,4.84,2.75,8.25,22.22,94.6,68.31,142.56,155.43,189.64,134.42,17.49,9.9,5.83,5.5,5.83,343.53,524.04
48.1866,0.0,3.19,2.75,5.83,16.72,35.42,31.79,168.74,142.67,187.99,137.5,39.82,14.85,7.04,9.57,10.23,264.44,549.67
48.1966,0.0,4.84,0.0,4.73,13.86,24.86,27.5,105.6,129.91,186.23,139.04,61.71,28.05,10.67,11.0,11.66,181.39,578.27
48.2066,0.0,4.84,2.75,2.31,8.36,18.26,21.67,53.79,125.73,189.64,140.58,75.13,41.36,10.67,11.0,13.2,111.98,607.31
48.2166,0.0,3.19,0.0,0.0,5.5,11.77,14.41,35.86,120.01,187.99,143.66,85.58,49.61,11.77,12.32,14.63,70.73,625.57
48.2266,0.0,3.19,0.0,0.0,5.5,7.81,8.69,17.93,114.4,186.23,143.66,92.95,56.21,12.98,15.18,16.06,43.12,637.67
48.2366,0.0,3.19,0.0,0.0,5.5,6.49,7.15,4.07,108.79,182.93,143.66,100.43,64.13,12.98,15.18,16.06,26.4,644.16
48.2466,0.0,0.0,0.0,0.0,4.18,5.17,5.72,2.75,103.51,182.93,139.04,101.97,67.21,14.19,15.18,17.6,17.82,641.63
48.2566,0.0,0.0,0.0,0.0,4.18,3.85,5.72,2.75,96.8,177.87,135.96,109.34,71.83,12.98,15.18,17.6,16.5,637.56
48.2666,0.0,0.0,0.0,0.0,2.75,2.53,5.72,2.75,88.77,169.4,128.37,112.42,74.91,14.19,15.18,17.6,13.75,620.84
48.2766,0.0,0.0,0.0,0.0,2.75,2.53,5.72,2.75,82.06,159.5,117.59,113.96,76.45,14.19,16.5,19.03,13.75,599.28
48.2866,0.0,0.0,2.75,0.0,4.18,2.53,5.72,2.75,74.03,146.3,108.35,121.88,76.45,15.4,17.93,20.46,17.93,580.8
48.2966,0.0,0.0,0.0,0.0,2.75,2.53,5.72,0.0,68.64,136.51,99.0,123.42,79.64,15.4,15.18,19.03,11.0,556.82
48.3066,0.0,0.0,0.0,0.0,0.0,0.0,4.29,2.75,61.93,124.96,89.76,128.15,79.64,15.4,16.5,19.03,7.04,535.37
48.3166,0.0,0.0,0.0,0.0,0.0,2.53,4.29,2.75,54.23,110.22,81.95,131.34,84.26,16.61,17.93,20.46,9.57,517.0
48.3266,0.0,0.0,0.0,0.0,2.75,0.0,2.86,0.0,48.07,97.9,75.79,136.07,87.34,14.19,19.25,20.46,5.61,499.07
48.3366,0.0,0.0,0.0,0.0,0.0,2.53,4.29,2.75,43.12,87.12,64.9,139.15,88.88,16.61,17.93,20.46,9.57,478.17
48.3466,0.0,0.0,0.0,0.0,2.75,2.53,2.86,2.75,38.17,77.88,61.82,147.07,90.42,16.61,17.93,22.0,10.89,471.9
48.3566,0.0,0.0,0.0,0.0,0.0,0.0,2.86,0.0,32.01,68.64,55.77,153.45,95.04,17.71,20.68,23.43,2.86,466.73
48.3666,0.0,0.0,0.0,0.0,0.0,2.53,2.86,0.0,28.27,64.02,51.48,161.26,99.77,18.92,20.68,23.43,5.39,467.83
48.3766,0.0,0.0,0.0,0.0,0.0,0.0,0.0,2.75,23.43,56.1,45.76,169.51,107.47,17.71,22.0,24.86,2.75,466.84
48.3866,0.0,0.0,0.0,0.0,0.0,0.0,0.0,2.75,19.69,46.2,40.04,179.85,115.28,22.44,22.0,26.4,2.75,471.9
48.3966,0.0,0.0,0.0,0.0,0.0,0.0,2.86,0.0,17.16,39.6,35.75,188.54,123.31,22.44,24.75,27.83,2.86,479.38
48.4066,0.0,0.0,0.0,0.0,0.0,0.0,0.0,0.0,13.53,33.0,31.46,200.64,134.64,26.07,27.5,29.26,0.0,496.1
48.4166,0.0,0.0,0.0,0.0,0.0,0.0,0.0,2.75,11.0,26.4,28.6,216.15,147.62,29.59,35.86,32.23,2.75,527.45
48.4266,0.0,0.0,0.0,0.0,0.0,0.0,0.0,0.0,8.58,18.15,22.88,224.84,157.41,40.26,45.54,35.2,0.0,552.86
48.4366,0.0,0.0,0.0,0.0,0.0,0.0,0.0,0.0,7.37,13.2,18.59,231.77,163.9,52.14,55.11,35.2,0.0,577.28
48.4466,0.0,0.0,0.0,0.0,0.0,0.0,0.0,0.0,6.16,9.9,12.87,242.33,173.91,67.76,68.31,39.6,0.0,620.84
48.4566,0.0,0.0,0.0,0.0,0.0,0.0,0.0,0.0,6.16,9.9,7.15,245.85,184.8,84.37,80.3,41.03,0.0,659.56
48.4666,0.0,0.0,0.0,0.0,0.0,0.0,0.0,2.75,4.84,9.9,7.15,251.02,191.95,103.95,87.78,41.03,2.75,697.62
48.4766,0.0,0.0,0.0,0.0,0.0,0.0,0.0,2.75,2.42,6.6,5.72,256.3,197.34,120.01,96.69,44.0,2.75,729.08
48.4866,0.0,0.0,0.0,0.0,0.0,0.0,0.0,0.0,0.0,4.95,4.29,259.82,204.6,135.63,108.68,46.86,0.0,764.83
48.4966,0.0,0.0,0.0,0.0,0.0,0.0,0.0,2.75,0.0,6.6,4.29,261.58,202.73,151.36,113.19,46.86,2.75,786.61
48.5066,0.0,0.0,0.0,0.0,0.0,0.0,0.0,0.0,0.0,4.95,4.29,265.1,206.36,165.33,122.43,49.83,0.0,818.29
48.5166,0.0,0.0,2.75,0.0,0.0,0.0,0.0,2.75,0.0,4.95,0.0,265.1,200.97,180.95,127.05,48.4,5.5,827.42
48.5266,0.0,0.0,2.75,0.0,0.0,0.0,0.0,2.75,0.0,3.3,0.0,263.34,195.58,194.81,130.02,49.83,5.5,836.88
48.5366,3.41,0.0,0.0,0.0,0.0,0.0,0.0,0.0,0.0,6.6,0.0,254.54,186.56,205.26,133.1,48.4,3.41,834.46
48.5466,5.06,0.0,0.0,0.0,0.0,0.0,0.0,0.0,0.0,6.6,0.0,240.57,175.78,213.95,136.18,45.43,5.06,818.51
48.5566,6.82,0.0,0.0,0.0,0.0,0.0,0.0,0.0,0.0,3.3,2.86,221.32,167.09,224.4,139.26,45.43,6.82,803.66
48.5666,10.23,0.0,0.0,0.0,0.0,0.0,0.0,2.75,0.0,3.3,2.86,200.64,158.95,233.53,145.42,42.46,12.98,787.16
48.5766,17.16,0.0,0.0,0.0,0.0,0.0,0.0,0.0,0.0,0.0,0.0,176.44,150.92,240.9,149.93,44.0,17.16,762.19
48.5866,37.84,0.0,0.0,0.0,0.0,0.0,0.0,0.0,0.0,3.3,2.86,153.45,144.43,246.4,153.01,45.43,37.84,748.88
48.5966,58.52,0.0,0.0,0.0,2.75,0.0,0.0,0.0,0.0,4.95,2.86,131.34,139.59,251.79,154.55,42.46,61.27,727.54
48.6066,80.85,0.0,0.0,0.0,2.75,0.0,0.0,0.0,0.0,3.3,0.0,113.96,129.8,251.79,154.55,41.03,83.6,694.43
48.6166,122.43,0.0,0.0,0.0,2.75,0.0,2.86,0.0,0.0,4.95,0.0,94.49,116.82,253.66,149.93,39.6,128.04,659.45
48.6266,160.82,33.99,8.25,2.31,5.5,0.0,0.0,2.75,0.0,4.95,0.0,75.13,96.69,253.66,148.39,38.06,213.62,616.88
48.6366,159.06,87.78,62.48,4.73,11.11,3.85,5.72,4.07,0.0,4.95,0.0,54.12,68.75,255.53,136.18,35.2,338.8,554.73
48.6466,153.89,97.68,96.69,11.77,15.29,6.49,5.72,6.82,0.0,3.3,2.86,31.79,41.36,235.4,108.68,30.8,394.35,454.19
48.6566,153.89,102.52,106.04,23.65,27.83,5.17,7.15,6.82,0.0,4.95,2.86,30.25,38.06,180.95,59.4,38.06,433.07,354.53
48.6666,148.61,104.17,112.2,36.63,41.8,6.49,8.69,8.25,0.0,3.3,0.0,28.6,31.46,126.94,27.5,67.98,466.84,285.78
48.6766,148.61,110.77,117.04,46.09,51.48,5.17,10.12,9.57,0.0,4.95,0.0,20.68,28.05,58.74,20.68,84.81,498.85,217.91
48.6866,152.13,115.72,120.34,53.13,58.63,6.49,8.69,11.0,0.0,4.95,0.0,19.03,19.8,30.8,22.0,72.6,526.13,169.18
48.6966,153.89,119.13,125.29,59.4,63.03,7.81,10.12,12.32,0.0,4.95,0.0,11.11,16.5,22.44,19.25,45.43,550.99,119.68
48.7066,157.3,124.08,128.59,60.83,66.0,7.81,8.69,9.57,0.0,0.0,0.0,7.92,11.55,15.4,13.75,30.8,562.87,79.42
48.7166,157.3,125.84,130.24,65.12,68.97,7.81,11.55,12.32,0.0,0.0,0.0,4.73,8.25,10.67,12.32,22.0,579.15,57.97
48.7266,155.54,125.84,130.24,67.98,73.37,7.81,11.55,12.32,0.0,4.95,0.0,6.27,4.95,9.46,8.25,11.66,584.65,45.54
48.7366,153.89,125.84,128.59,72.27,74.8,7.81,11.55,13.75,0.0,0.0,0.0,4.73,0.0,9.46,5.5,5.83,588.5,25.52
48.7466,148.61,124.08,128.59,73.7,77.77,7.81,11.55,12.32,0.0,3.3,0.0,4.73,3.3,8.25,4.07,5.83,584.43,29.48
48.7566,143.33,119.13,125.29,76.56,80.74,7.81,11.55,12.32,0.0,0.0,0.0,3.08,4.95,7.04,6.82,2.86,576.73,24.75
48.7666,138.16,115.72,121.99,77.99,82.17,9.13,12.98,13.75,0.0,3.3,0.0,4.73,3.3,7.04,5.5,4.4,571.89,28.27
48.7766,131.12,110.77,115.39,79.42,85.14,9.13,12.98,13.75,0.0,3.3,0.0,0.0,3.3,7.04,2.75,5.83,557.7,22.22
48.7866,122.43,104.17,109.12,83.71,86.57,9.13,11.55,13.75,0.0,0.0,0.0,0.0,3.3,5.83,4.07,4.4,540.43,17.6
48.7966,115.39,97.68,101.31,88.0,88.11,9.13,14.41,13.75,0.0,0.0,0.0,3.08,0.0,5.83,5.5,4.4,527.78,18.81
48.8066,108.46,92.73,95.15,89.43,88.11,9.13,14.41,13.75,0.0,0.0,0.0,0.0,0.0,5.83,4.07,0.0,511.17,9.9
48.8166,101.53,86.13,87.34,96.58,89.54,9.13,15.84,15.18,0.0,0.0,0.0,0.0,3.3,4.73,4.07,4.4,501.27,16.5
48.8266,92.95,79.64,81.07,100.87,93.94,7.81,14.41,15.18,0.0,0.0,0.0,3.08,0.0,4.73,4.07,4.4,485.87,16.28
48.8366,86.02,74.69,74.91,105.16,96.91,10.45,15.84,15.18,0.0,0.0,0.0,0.0,0.0,4.73,4.07,4.4,479.16,13.2
48.8466,79.2,69.74,65.56,113.96,99.88,9.13,17.38,16.5,0.0,0.0,0.0,0.0,0.0,4.73,2.75,2.86,471.35,10.34
48.8566,72.27,63.25,59.4,118.58,102.85,11.77,20.24,15.18,0.0,0.0,0.0,0.0,0.0,4.73,2.75,2.86,463.54,10.34
48.8666,65.34,56.65,55.22,126.28,105.71,10.45,23.1,17.93,0.0,3.3,0.0,0.0,0.0,3.52,0.0,4.4,460.68,11.22
48.8766,58.52,51.81,49.72,135.63,111.87,13.09,27.5,17.93,0.0,0.0,0.0,0.0,0.0,3.52,4.07,2.86,466.07,10.45
48.8866,53.35,45.32,45.54,143.33,118.69,17.05,34.76,19.25,0.0,3.3,0.0,0.0,0.0,3.52,2.75,2.86,477.29,12.43
48.8966,46.42,38.83,40.04,152.68,125.51,22.22,41.91,22.0,0.0,0.0,0.0,0.0,0.0,4.73,0.0,4.4,489.61,9.13
48.9066,41.25,33.99,37.29,158.84,134.09,28.82,52.14,24.75,0.0,0.0,0.0,0.0,0.0,3.52,2.75,2.86,511.17,9.13
48.9166,36.08,27.5,34.43,165.0,142.56,35.42,62.37,26.18,0.0,0.0,0.0,0.0,0.0,3.52,0.0,2.86,529.54,6.38
48.9266,32.67,22.66,30.36,171.38,147.73,45.87,72.71,28.93,0.0,0.0,0.0,0.0,0.0,3.52,2.75,2.86,552.31,9.13
48.9366,29.26,16.17,26.18,176.22,159.61,55.11,84.7,28.93,0.0,0.0,0.0,0.0,0.0,3.52,2.75,0.0,576.18,6.27
48.9466,25.74,11.33,20.68,182.71,168.19,69.19,98.12,31.68,0.0,0.0,0.0,0.0,0.0,0.0,2.75,2.86,607.64,5.61
48.9566,22.33,8.03,15.18,185.9,176.88,80.52,110.0,33.11,0.0,0.0,0.0,0.0,0.0,3.52,0.0,0.0,631.95,3.52
48.9666,17.16,6.38,13.75,190.85,182.05,96.03,125.84,35.86,0.0,0.0,0.0,0.0,0.0,3.52,0.0,2.86,667.92,6.38
48.9766,15.4,8.03,12.43,195.69,190.85,108.79,140.36,35.86,0.0,0.0,0.0,0.0,0.0,2.31,2.75,2.86,707.41,7.92
48.9866,11.99,6.38,11.0,197.23,196.02,123.86,154.88,37.18,0.0,0.0,0.0,0.0,0.0,2.31,0.0,0.0,738.54,2.31
48.9966,8.58,6.38,8.25,198.88,201.3,139.15,167.75,39.93,0.0,0.0,0.0,0.0,0.0,2.31,0.0,4.4,770.22,6.71
49.0066,5.06,4.84,6.82,200.53,203.06,154.44,183.04,41.36,0.0,0.0,0.0,0.0,0.0,0.0,0.0,2.86,799.15,2.86
49.0166,3.41,4.84,5.5,200.53,199.54,170.06,197.12,42.68,0.0,0.0,0.0,0.0,0.0,3.52,0.0,0.0,823.68,3.52
49.0266,0.0,3.19,5.5,195.69,194.26,184.91,205.81,45.54,2.42,0.0,0.0,0.0,0.0,2.31,0.0,0.0,834.9,4.73
49.0366,0.0,3.19,4.07,182.71,183.81,199.87,216.37,44.11,3.63,0.0,0.0,0.0,0.0,2.31,0.0,0.0,834.13,5.94
49.0466,0.0,4.84,2.75,166.54,173.36,208.23,225.06,44.11,4.84,0.0,0.0,0.0,0.0,0.0,2.75,0.0,824.89,7.59
49.0566,0.0,3.19,2.75,144.87,159.61,219.78,233.53,45.54,7.37,0.0,0.0,0.0,0.0,2.31,0.0,0.0,809.27,9.68
49.0666,0.0,3.19,4.07,120.12,145.97,226.49,240.35,44.11,22.11,0.0,0.0,0.0,0.0,0.0,0.0,2.86,784.3,24.97
49.0766,0.0,3.19,4.07,99.44,128.92,233.09,245.52,48.29,28.27,0.0,0.0,0.0,0.0,0.0,0.0,0.0,762.52,28.27
49.0866,0.0,3.19,4.07,79.42,115.28,236.39,248.93,46.86,46.86,0.0,0.0,0.0,0.0,2.31,0.0,2.86,734.14,52.03
49.0966,0.0,4.84,2.75,60.83,98.34,239.69,247.17,48.29,84.7,3.3,2.86,3.08,0.0,2.31,0.0,0.0,701.91,96.25
49.1066,0.0,4.84,2.75,42.57,77.77,238.04,240.35,52.36,127.16,3.3,2.86,3.08,0.0,3.52,0.0,0.0,658.68,139.92
49.1166,0.0,4.84,2.75,21.23,52.91,231.44,226.71,56.54,148.39,90.2,12.87,4.73,0.0,3.52,0.0,0.0,596.42,259.71
49.1266,0.0,4.84,2.75,15.29,30.58,199.87,188.32,66.88,141.24,151.25,64.9,4.73,6.6,4.73,4.07,0.0,508.53,377.52
49.1366,0.0,4.84,2.75,12.98,26.4,145.31,113.08,87.78,135.63,162.8,95.92,7.92,6.6,4.73,2.75,2.86,393.14,419.21
49.1466,0.0,4.84,2.75,10.56,20.9,97.46,55.0,136.29,135.63,167.75,105.27,9.46,6.6,5.83,5.5,2.86,327.8,438.9
49.1566,0.0,4.84,2.75,8.25,18.04,37.95,27.5,156.42,128.59,169.4,111.43,20.68,9.9,7.04,6.82,7.26,255.75,461.12
49.1666,0.0,3.19,0.0,5.83,12.54,23.54,24.53,104.17,125.73,172.81,119.13,34.98,14.85,7.04,9.57,8.8,173.8,492.91
49.1766,0.0,3.19,0.0,3.52,11.11,17.05,20.24,55.11,125.73,179.52,126.83,46.2,24.75,8.25,9.57,10.23,110.22,531.08
49.1866,0.0,4.84,2.75,0.0,8.36,11.77,14.41,35.86,124.3,177.87,128.37,54.12,29.81,9.46,8.25,10.23,77.99,542.41
49.1966,0.0,3.19,0.0,2.31,4.18,7.81,11.55,19.25,122.87,179.52,131.45,57.2,38.06,10.67,9.57,11.66,48.29,561.0
49.2066,0.0,3.19,2.75,0.0,4.18,5.17,7.15,6.82,121.44,182.93,134.42,63.14,41.36,9.46,11.0,11.66,29.26,575.41
49.2166,0.0,0.0,0.0,0.0,4.18,5.17,5.72,2.75,117.26,181.17,135.96,70.62,44.66,11.77,11.0,14.63,17.82,587.07
49.2266,0.0,0.0,0.0,2.31,4.18,2.53,4.29,2.75,112.97,181.17,132.88,75.13,47.96,10.67,11.0,13.2,16.06,584.98
49.2366,0.0,0.0,0.0,0.0,4.18,3.85,5.72,0.0,104.83,176.11,126.83,79.53,52.91,10.67,12.32,13.2,13.75,576.4
49.2466,0.0,0.0,0.0,0.0,2.75,3.85,4.29,2.75,96.8,169.4,120.67,84.04,54.56,10.67,12.32,14.63,13.64,563.09
49.2566,0.0,0.0,0.0,2.31,2.75,3.85,2.86,0.0,90.09,162.8,113.08,88.55,57.97,11.77,11.0,14.63,11.77,549.89
49.2666,0.0,0.0,0.0,0.0,2.75,2.53,4.29,2.75,82.06,156.2,103.73,91.52,57.97,12.98,13.75,16.06,12.32,534.27
49.2766,0.0,0.0,0.0,0.0,0.0,2.53,4.29,2.75,75.35,146.3,95.92,100.43,59.51,12.98,12.32,14.63,9.57,517.44
49.2865,0.0,0.0,0.0,0.0,2.75,0.0,4.29,2.75,68.64,138.16,88.22,104.94,61.05,12.98,15.18,14.63,9.79,503.8
49.2965,0.0,0.0,0.0,0.0,2.75,2.53,2.86,0.0,61.93,128.26,80.41,110.88,62.59,14.19,15.18,19.03,8.14,492.47
49.3065,0.0,0.0,0.0,0.0,0.0,2.53,4.29,0.0,55.44,116.71,71.06,118.69,68.75,15.4,13.75,19.03,6.82,478.83
49.3165,0.0,0.0,0.0,0.0,0.0,0.0,0.0,0.0,50.49,110.22,66.44,124.96,68.75,14.19,16.5,19.03,0.0,470.58
49.3265,0.0,0.0,0.0,0.0,0.0,0.0,0.0,0.0,44.33,100.98,60.28,134.42,73.37,15.4,16.5,19.03,0.0,464.31
49.3365,0.0,0.0,0.0,0.0,0.0,0.0,0.0,2.75,39.38,90.2,54.34,139.15,79.64,16.61,17.93,20.46,2.75,457.71
49.3465,0.0,0.0,0.0,0.0,0.0,0.0,0.0,0.0,33.22,79.42,48.62,151.8,82.72,16.61,17.93,22.0,0.0,452.32
49.3565,0.0,0.0,0.0,0.0,0.0,0.0,0.0,0.0,28.27,70.18,42.9,161.26,90.42,16.61,19.25,22.0,0.0,450.89
49.3665,0.0,0.0,0.0,0.0,0.0,0.0,0.0,0.0,23.43,57.75,35.75,172.92,98.23,18.92,20.68,24.86,0.0,452.54
49.3765,0.0,0.0,0.0,0.0,0.0,0.0,0.0,0.0,18.48,47.85,32.89,186.78,107.47,18.92,23.43,24.86,0.0,460.68
49.3865,0.0,0.0,0.0,0.0,0.0,0.0,0.0,0.0,15.95,39.6,28.6,198.88,116.82,22.44,24.75,24.86,0.0,471.9
49.3965,0.0,0.0,0.0,0.0,0.0,0.0,0.0,2.75,13.53,31.35,24.31,212.74,128.15,27.28,28.93,30.8,2.75,497.09
49.4065,0.0,0.0,0.0,0.0,0.0,0.0,0.0,0.0,11.0,24.75,18.59,224.84,141.13,36.74,35.86,33.66,0.0,526.57
49.4165,0.0,0.0,0.0,0.0,0.0,0.0,0.0,2.75,8.58,16.5,14.3,233.53,152.46,52.14,44.11,35.2,2.75,556.82
49.4265,0.0,0.0,0.0,0.0,0.0,0.0,0.0,0.0,7.37,14.85,10.01,244.09,162.25,67.76,55.11,38.06,0.0,599.5
49.4365,0.0,0.0,2.75,0.0,0.0,0.0,0.0,2.75,6.16,9.9,7.15,252.78,172.15,84.37,68.31,41.03,5.5,641.85
49.4465,0.0,0.0,0.0,0.0,0.0,0.0,0.0,0.0,6.16,9.9,7.15,258.06,177.54,103.95,78.76,42.46,0.0,683.98
49.4565,0.0,0.0,0.0,0.0,0.0,0.0,0.0,0.0,3.63,6.6,4.29,265.1,188.32,121.77,89.21,42.46,0.0,721.38
49.4665,0.0,0.0,2.75,0.0,0.0,0.0,0.0,0.0,0.0,8.25,5.72,265.1,190.19,139.15,102.74,48.4,2.75,759.55
49.4765,0.0,0.0,0.0,0.0,0.0,0.0,0.0,0.0,0.0,4.95,2.86,273.9,195.58,154.77,111.65,49.83,0.0,793.54
49.4865,0.0,0.0,0.0,0.0,0.0,0.0,0.0,0.0,0.0,6.6,2.86,275.66,195.58,172.26,117.81,49.83,0.0,820.6
49.4965,0.0,0.0,0.0,0.0,0.0,0.0,0.0,0.0,0.0,6.6,2.86,277.31,193.71,189.64,125.51,49.83,0.0,845.46
49.5065,0.0,0.0,0.0,0.0,0.0,0.0,0.0,0.0,0.0,4.95,2.86,273.9,184.8,205.26,130.02,48.4,0.0,850.19
49.5165,3.41,0.0,0.0,0.0,0.0,0.0,0.0,0.0,0.0,3.3,2.86,263.34,173.91,215.6,134.64,48.4,3.41,842.05
49.5265,5.06,0.0,0.0,0.0,0.0,0.0,0.0,0.0,0.0,4.95,0.0,249.37,167.09,228.03,134.64,44.0,5.06,828.08
49.5365,6.82,0.0,0.0,0.0,0.0,0.0,0.0,0.0,0.0,3.3,2.86,230.01,157.41,240.9,140.8,45.43,6.82,820.71
49.5465,17.16,0.0,0.0,0.0,0.0,0.0,0.0,0.0,0.0,4.95,2.86,204.05,147.62,248.16,145.42,42.46,17.16,795.52
49.5565,29.26,0.0,0.0,0.0,0.0,0.0,0.0,0.0,0.0,4.95,2.86,172.92,142.78,257.29,146.96,44.0,29.26,771.76
49.5665,49.94,0.0,0.0,0.0,0.0,0.0,0.0,0.0,0.0,4.95,0.0,151.8,134.64,261.03,149.93,42.46,49.94,744.81
49.5765,68.86,0.0,0.0,0.0,2.75,0.0,0.0,0.0,0.0,3.3,2.86,129.69,129.8,262.79,151.47,42.46,71.61,722.37
49.5865,103.29,0.0,0.0,0.0,2.75,0.0,0.0,0.0,0.0,4.95,2.86,109.34,115.28,266.42,149.93,42.46,106.04,691.24
49.5965,146.85,3.19,5.5,0.0,4.18,0.0,0.0,0.0,0.0,4.95,0.0,88.55,96.69,266.42,142.34,36.63,159.72,635.58
49.6065,159.06,63.25,53.79,4.73,9.68,3.85,4.29,4.07,0.0,3.3,0.0,67.65,73.37,270.16,136.18,38.06,302.72,588.72
49.6165,153.89,81.29,99.77,12.98,12.54,3.85,4.29,5.5,0.0,4.95,0.0,39.82,43.01,270.16,114.73,35.2,374.11,507.87
49.6265,153.89,87.78,118.69,21.23,22.22,5.17,4.29,6.82,0.0,0.0,0.0,33.44,38.06,220.88,63.91,36.63,420.09,392.92
49.6365,152.13,92.73,121.99,34.21,40.37,3.85,7.15,8.25,0.0,0.0,0.0,30.25,33.11,156.53,34.43,49.83,460.68,304.15
49.6465,150.37,97.68,128.59,46.09,48.73,5.17,7.15,9.57,0.0,3.3,0.0,27.06,28.05,96.47,24.75,75.57,493.35,255.2
49.6565,152.13,102.52,131.89,52.03,54.34,5.17,8.69,9.57,0.0,3.3,0.0,22.22,24.75,41.47,20.68,72.6,516.34,185.02
49.6665,155.54,107.47,136.73,55.55,58.63,6.49,8.69,8.25,0.0,4.95,0.0,17.49,19.8,29.59,20.68,49.83,537.35,142.34
49.6765,157.3,109.12,140.03,59.4,60.17,7.81,7.15,11.0,0.0,4.95,0.0,9.46,13.2,20.13,17.93,33.66,551.98,99.33
49.6865,160.82,110.77,140.03,62.26,63.03,5.17,8.69,9.57,0.0,3.3,0.0,7.92,9.9,12.98,13.75,27.83,560.34,75.68
49.6965,159.06,112.42,141.68,65.12,66.0,5.17,7.15,11.0,0.0,0.0,0.0,6.27,6.6,10.67,9.57,17.6,567.6,50.71
49.7065,157.3,112.42,140.03,66.55,68.97,6.49,10.12,11.0,0.0,3.3,0.0,4.73,4.95,9.46,6.82,5.83,572.88,35.09
49.7165,153.89,110.77,140.03,69.41,71.94,6.49,10.12,11.0,0.0,0.0,0.0,6.27,4.95,8.25,5.5,5.83,573.65,30.8
49.7265,150.37,107.47,138.38,72.27,74.8,6.49,8.69,11.0,0.0,0.0,0.0,4.73,4.95,8.25,5.5,4.4,569.47,27.83
49.7365,143.33,102.52,133.43,72.27,76.34,6.49,10.12,11.0,0.0,0.0,0.0,6.27,3.3,8.25,5.5,5.83,555.5,29.15
49.7465,138.16,99.22,126.94,73.7,77.77,6.49,10.12,11.0,0.0,3.3,0.0,3.08,0.0,5.83,2.75,4.4,543.4,19.36
49.7565,132.88,94.38,120.34,76.56,79.31,5.17,8.69,12.32,0.0,0.0,0.0,3.08,0.0,5.83,5.5,2.86,529.65,17.27
49.7665,124.19,87.78,113.85,80.85,80.74,6.49,10.12,12.32,0.0,0.0,0.0,3.08,3.3,5.83,4.07,5.83,516.34,22.11
49.7765,115.39,81.29,107.58,85.14,82.17,6.49,10.12,12.32,0.0,0.0,0.0,4.73,3.3,4.73,4.07,2.86,500.5,19.69
49.7865,106.7,74.69,101.31,88.0,86.57,6.49,11.55,12.32,0.0,3.3,0.0,4.73,0.0,4.73,0.0,2.86,487.63,15.62
49.7965,99.88,68.2,93.61,93.72,89.54,9.13,15.84,13.75,0.0,0.0,0.0,3.08,0.0,4.73,2.75,0.0,483.67,10.56
49.8065,91.19,61.6,85.8,98.01,95.48,11.77,18.81,13.75,0.0,0.0,0.0,3.08,3.3,4.73,4.07,4.4,476.41,19.58
49.8165,82.61,55.11,81.07,105.16,99.88,13.09,23.1,15.18,0.0,0.0,0.0,3.08,0.0,4.73,2.75,2.86,475.2,13.42
49.8265,74.03,48.62,74.91,109.45,105.71,18.26,31.79,17.93,0.0,0.0,0.0,3.08,0.0,5.83,0.0,0.0,480.7,8.91
49.8365,67.1,42.13,70.18,117.04,110.22,24.86,40.48,19.25,0.0,0.0,0.0,0.0,0.0,3.52,2.75,0.0,491.26,6.27
49.8465,58.52,37.18,62.48,123.2,118.69,31.46,46.31,19.25,0.0,0.0,0.0,3.08,0.0,4.73,0.0,0.0,497.09,7.81
49.8565,51.59,30.69,56.54,129.36,125.51,40.59,56.43,22.0,0.0,0.0,0.0,0.0,0.0,2.31,2.75,0.0,512.71,5.06
49.8665,44.77,25.85,51.04,132.55,134.09,48.51,65.34,23.43,0.0,0.0,0.0,3.08,0.0,3.52,2.75,2.86,525.58,12.21
49.8765,39.6,19.36,46.86,137.17,142.56,57.86,77.22,26.18,0.0,0.0,0.0,0.0,0.0,2.31,2.75,0.0,546.81,5.06
49.8865,34.43,16.17,40.04,143.33,151.14,70.62,86.13,27.5,0.0,0.0,0.0,0.0,0.0,2.31,2.75,2.86,569.36,7.92
49.8965,30.91,11.33,33.11,149.49,157.96,80.52,96.58,27.5,0.0,0.0,0.0,0.0,0.0,3.52,2.75,2.86,587.4,9.13
49.9065,27.5,6.38,26.18,154.22,163.02,93.17,108.57,30.36,0.0,0.0,0.0,0.0,0.0,2.31,2.75,2.86,609.4,7.92
49.9165,22.33,6.38,19.25,160.38,171.6,103.07,121.11,31.68,0.0,0.0,0.0,0.0,0.0,3.52,2.75,0.0,635.8,6.27
49.9265,20.57,4.84,15.18,165.0,176.88,117.7,130.68,33.11,0.0,0.0,0.0,0.0,0.0,2.31,2.75,0.0,663.96,5.06
49.9365,15.4,4.84,13.75,171.38,182.05,131.45,145.2,35.86,0.0,0.0,0.0,0.0,0.0,2.31,2.75,2.86,699.93,7.92
49.9465,13.75,4.84,12.43,176.22,187.33,145.31,156.42,37.18,0.0,0.0,0.0,0.0,0.0,2.31,2.75,0.0,733.48,5.06
49.9565,10.23,4.84,9.57,179.52,187.33,160.6,167.75,39.93,0.0,0.0,0.0,0.0,0.0,0.0,2.75,2.86,759.77,5.61
49.9665,5.06,4.84,8.25,184.36,190.85,178.31,177.76,41.36,8.58,0.0,0.0,0.0,0.0,2.31,0.0,2.86,790.79,13.75
49.9765,3.41,3.19,6.82,184.36,187.33,193.27,190.08,39.93,6.16,0.0,0.0,0.0,0.0,2.31,0.0,0.0,808.39,8.47
49.9865,0.0,0.0,5.5,182.71,180.4,208.23,202.29,41.36,4.84,0.0,0.0,0.0,0.0,0.0,0.0,0.0,820.49,4.84
49.9965,0.0,3.19,4.07,171.38,168.19,221.43,212.85,42.68,4.84,0.0,0.0,0.0,0.0,2.31,0.0,2.86,823.79,10.01
50.0065,0.0,3.19,2.75,160.38,161.37,229.79,219.89,42.68,4.84,0.0,0.0,0.0,0.0,2.31,0.0,0.0,820.05,7.15
50.0165,0.0,3.19,2.75,144.87,145.97,241.34,228.47,44.11,7.37,0.0,0.0,0.0,0.0,2.31,0.0,2.86,810.7,12.54
50.0265,0.0,3.19,4.07,124.74,134.09,251.35,233.53,41.36,15.95,0.0,0.0,0.0,0.0,0.0,0.0,0.0,792.33,15.95
50.0365,0.0,0.0,4.07,100.87,120.45,259.6,238.7,42.68,22.11,0.0,0.0,0.0,0.0,2.31,0.0,0.0,766.37,24.42
50.0465,0.0,3.19,2.75,83.71,107.25,264.55,242.11,44.11,35.75,0.0,0.0,0.0,0.0,0.0,0.0,0.0,747.67,35.75
50.0565,0.0,3.19,4.07,65.12,92.51,267.85,243.76,42.68,56.65,3.3,0.0,0.0,0.0,3.52,0.0,0.0,719.18,63.47
50.0665,0.0,3.19,4.07,47.3,76.34,271.15,238.7,46.86,88.77,4.95,0.0,0.0,0.0,2.31,0.0,0.0,687.61,96.03
50.0765,0.0,3.19,4.07,29.48,54.34,269.5,230.12,48.29,131.34,13.2,4.29,4.73,0.0,3.52,0.0,0.0,638.99,157.08
50.0865,0.0,3.19,2.75,17.71,30.58,251.35,205.81,53.79,135.63,123.31,27.17,6.27,3.3,4.73,0.0,0.0,565.18,300.41
50.0965,0.0,3.19,2.75,15.29,26.4,198.22,140.36,71.28,128.59,152.9,77.33,6.27,3.3,4.73,2.75,2.86,457.49,378.73
50.1065,0.0,0.0,2.75,11.77,23.65,136.07,80.19,102.63,125.73,164.45,95.92,9.46,6.6,4.73,2.75,4.4,357.06,414.04
50.1165,0.0,4.84,0.0,9.46,19.47,84.7,36.19,148.72,121.44,167.75,100.65,20.68,9.9,5.83,6.82,4.4,303.38,437.47
50.1265,0.0,4.84,2.75,7.04,15.29,28.82,27.5,130.13,111.54,166.1,108.35,44.55,18.15,8.25,8.25,10.23,216.37,475.42
50.1365,0.0,3.19,2.75,4.73,11.11,20.9,21.67,74.36,106.15,167.75,116.05,58.74,29.81,10.67,8.25,10.23,138.71,507.65
50.1465,0.0,4.84,0.0,3.52,8.36,14.41,17.38,45.54,102.08,169.4,123.75,73.59,41.36,10.67,11.0,11.66,94.05,543.51
50.1565,0.0,4.84,0.0,0.0,5.5,11.77,11.55,27.5,98.12,167.75,129.91,81.07,51.26,9.46,13.75,14.63,61.16,565.95
50.1665,0.0,3.19,0.0,2.31,4.18,9.13,7.15,11.0,91.41,161.15,129.91,89.98,61.05,11.77,12.32,14.63,36.96,572.22
50.1765,0.0,3.19,0.0,0.0,2.75,6.49,7.15,2.75,87.34,159.5,132.88,97.46,68.75,12.98,13.75,16.06,22.33,588.72
50.1865,0.0,0.0,0.0,2.31,4.18,5.17,5.72,0.0,80.74,154.55,131.45,100.43,74.91,11.77,15.18,17.6,17.38,586.63
50.1965,0.0,0.0,0.0,2.31,2.75,5.17,5.72,2.75,74.03,144.65,126.83,107.91,78.1,12.98,15.18,19.03,18.7,578.71
50.2065,0.0,0.0,0.0,2.31,4.18,2.53,4.29,2.75,67.32,136.51,120.67,113.96,84.26,14.19,16.5,17.6,16.06,571.01
50.2165,0.0,0.0,0.0,0.0,2.75,2.53,2.86,0.0,61.93,128.26,111.43,117.15,88.88,12.98,16.5,17.6,8.14,554.73
50.2265,0.0,0.0,0.0,0.0,2.75,2.53,4.29,0.0,55.44,115.06,105.27,121.88,95.04,12.98,16.5,19.03,9.57,541.2
50.2365,0.0,0.0,0.0,0.0,0.0,3.85,2.86,2.75,49.28,104.06,95.92,123.42,98.23,15.4,15.18,22.0,9.46,523.49
50.2465,0.0,0.0,0.0,0.0,0.0,3.85,4.29,0.0,44.33,94.82,85.03,131.34,99.77,15.4,17.93,20.46,8.14,509.08
50.2565,0.0,0.0,0.0,0.0,2.75,0.0,0.0,0.0,39.38,87.12,78.87,136.07,104.39,16.61,17.93,22.0,2.75,502.37
50.2665,0.0,0.0,0.0,0.0,0.0,2.53,0.0,0.0,34.43,74.8,71.06,142.34,107.47,16.61,20.68,23.43,2.53,490.82
50.2765,0.0,0.0,0.0,0.0,0.0,2.53,0.0,0.0,29.59,67.1,61.82,148.72,113.63,17.71,20.68,23.43,2.53,482.68
50.2865,0.0,0.0,0.0,0.0,2.75,2.53,0.0,0.0,25.85,59.4,55.77,156.53,116.82,17.71,20.68,23.43,5.28,476.19
50.2965,0.0,0.0,0.0,0.0,0.0,0.0,0.0,0.0,20.9,49.5,48.62,162.91,124.96,18.92,23.43,26.4,0.0,475.64
50.3065,0.0,0.0,0.0,0.0,0.0,0.0,0.0,2.75,17.16,41.25,41.47,171.27,133.1,21.34,27.5,24.86,2.75,477.95
50.3165,0.0,0.0,0.0,0.0,0.0,2.53,0.0,0.0,14.74,34.65,34.32,181.61,139.59,23.65,31.68,26.4,2.53,486.64
50.3265,0.0,0.0,0.0,0.0,0.0,0.0,0.0,0.0,12.32,26.4,30.03,190.19,145.97,28.38,35.86,30.8,0.0,499.95
50.3365,0.0,0.0,0.0,0.0,0.0,0.0,0.0,0.0,11.0,21.45,24.31,198.88,152.46,34.32,44.11,33.66,0.0,520.19
50.3465,0.0,0.0,0.0,0.0,0.0,0.0,0.0,0.0,8.58,16.5,18.59,209.22,158.95,40.26,53.79,33.66,0.0,539.55
50.3565,0.0,0.0,0.0,0.0,0.0,0.0,0.0,0.0,7.37,13.2,14.3,216.15,165.44,49.83,62.37,36.63,0.0,565.29
50.3665,0.0,0.0,0.0,0.0,0.0,0.0,0.0,2.75,6.16,9.9,11.44,224.84,168.74,63.25,72.82,39.6,2.75,596.75
50.3765,0.0,0.0,0.0,0.0,0.0,0.0,0.0,0.0,6.16,8.25,10.01,231.77,177.54,76.78,78.76,39.6,0.0,628.87
50.3865,0.0,0.0,0.0,0.0,0.0,0.0,0.0,2.75,4.84,8.25,7.15,238.81,182.93,93.39,92.29,39.6,2.75,667.26
50.3965,0.0,0.0,0.0,0.0,0.0,0.0,0.0,2.75,2.42,8.25,5.72,247.61,184.8,107.03,98.23,42.46,2.75,696.52
50.4065,0.0,0.0,0.0,0.0,0.0,0.0,0.0,0.0,0.0,4.95,4.29,254.54,191.95,125.18,110.22,42.46,0.0,733.59
50.4165,0.0,0.0,0.0,0.0,0.0,0.0,0.0,2.75,0.0,4.95,4.29,261.58,193.71,142.67,119.35,46.86,2.75,773.41
50.4265,0.0,0.0,0.0,0.0,0.0,0.0,0.0,0.0,0.0,6.6,2.86,263.34,193.71,160.05,125.51,46.86,0.0,798.93
50.4365,0.0,0.0,0.0,0.0,0.0,0.0,0.0,2.75,0.0,6.6,2.86,263.34,191.95,175.67,131.56,49.83,2.75,821.81
50.4465,0.0,0.0,0.0,0.0,0.0,0.0,0.0,0.0,0.0,4.95,4.29,259.82,186.56,193.05,137.72,48.4,0.0,834.79
50.4565,0.0,0.0,0.0,0.0,0.0,0.0,0.0,0.0,0.0,4.95,0.0,256.3,177.54,205.26,143.88,48.4,0.0,836.33
50.4665,0.0,0.0,0.0,0.0,0.0,0.0,0.0,0.0,0.0,3.3,0.0,244.09,170.39,215.6,146.96,44.0,0.0,824.34
50.4765,3.41,0.0,0.0,0.0,0.0,0.0,0.0,2.75,0.0,4.95,2.86,228.25,160.6,226.27,151.47,46.86,6.16,821.26
50.4865,6.82,0.0,0.0,0.0,0.0,0.0,0.0,2.75,0.0,4.95,2.86,207.46,154.11,235.4,154.55,45.43,9.57,804.76
50.4965,10.23,0.0,0.0,0.0,0.0,0.0,0.0,0.0,0.0,4.95,2.86,190.19,144.43,242.66,157.63,45.43,10.23,788.15
50.5065,15.4,0.0,0.0,0.0,0.0,0.0,0.0,0.0,0.0,4.95,2.86,169.51,136.29,253.66,162.25,45.43,15.4,774.95
50.5165,29.26,0.0,0.0,0.0,0.0,0.0,0.0,0.0,0.0,4.95,2.86,147.07,134.64,257.29,160.71,42.46,29.26,749.98
50.5265,51.59,0.0,0.0,0.0,0.0,0.0,0.0,0.0,0.0,4.95,2.86,129.69,126.61,261.03,162.25,42.46,51.59,729.85
50.5365,79.2,0.0,0.0,0.0,2.75,0.0,0.0,2.75,0.0,4.95,0.0,113.96,115.28,262.79,159.17,42.46,84.7,698.61
50.5465,125.84,0.0,0.0,0.0,2.75,0.0,0.0,2.75,0.0,0.0,0.0,92.95,98.23,266.42,157.63,39.6,131.34,654.83
50.5565,167.86,42.13,9.57,3.52,6.93,2.53,2.86,0.0,0.0,4.95,2.86,73.59,76.45,270.16,146.96,39.6,235.4,614.57
50.5665,164.34,91.08,74.91,5.83,11.11,3.85,4.29,4.07,0.0,4.95,2.86,41.36,49.61,273.79,127.05,36.63,359.48,536.25
50.5765,160.82,100.87,112.2,21.23,15.29,5.17,5.72,6.82,0.0,4.95,0.0,30.25,38.06,231.77,83.27,36.63,428.12,424.93
50.5865,157.3,104.17,125.29,34.21,33.44,5.17,5.72,8.25,0.0,4.95,0.0,30.25,34.76,165.33,41.36,49.83,473.55,326.48
50.5965,150.37,105.82,128.59,47.3,45.98,5.17,7.15,8.25,0.0,3.3,2.86,23.87,29.81,108.46,24.75,77.11,498.63,270.16
50.6065,150.37,109.12,131.89,55.55,55.77,6.49,7.15,9.57,0.0,4.95,0.0,22.22,24.75,46.2,22.0,74.14,525.91,194.26
50.6165,150.37,114.07,133.43,62.26,64.57,5.17,7.15,9.57,0.0,3.3,0.0,19.03,19.8,32.01,19.25,51.26,546.59,144.65
50.6265,150.37,115.72,138.38,66.55,68.97,5.17,8.69,11.0,0.0,4.95,0.0,11.11,13.2,20.13,16.5,35.2,564.85,101.09
50.6365,150.37,115.72,138.38,72.27,73.37,5.17,8.69,9.57,0.0,4.95,0.0,4.73,8.25,12.98,13.75,29.26,573.54,73.92
50.6465,146.85,119.13,136.73,77.99,76.34,6.49,8.69,12.32,0.0,3.3,0.0,4.73,6.6,10.67,9.57,16.06,584.54,50.93
50.6565,145.09,117.37,135.08,80.85,79.31,7.81,10.12,12.32,0.0,0.0,0.0,6.27,4.95,10.67,5.5,7.26,587.95,34.65
50.6665,139.92,114.07,131.89,86.57,80.74,5.17,11.55,12.32,0.0,0.0,0.0,3.08,4.95,8.25,5.5,5.83,582.23,27.61
50.6765,134.64,109.12,126.94,88.0,83.71,6.49,14.41,12.32,0.0,0.0,0.0,4.73,0.0,9.46,2.75,4.4,575.63,21.34
50.6865,127.6,105.82,121.99,88.0,85.14,9.13,15.84,12.32,0.0,0.0,0.0,4.73,0.0,8.25,4.07,2.86,565.84,19.91
50.6965,122.43,99.22,118.69,92.29,86.57,6.49,17.38,11.0,0.0,0.0,0.0,3.08,0.0,7.04,2.75,4.4,554.07,17.27
50.7065,113.63,91.08,110.66,95.15,89.54,7.81,18.81,11.0,0.0,3.3,0.0,3.08,0.0,7.04,4.07,4.4,537.68,21.89
50.7164,105.05,84.48,102.85,99.44,91.08,9.13,23.1,12.32,0.0,0.0,0.0,3.08,0.0,8.25,2.75,4.4,527.45,18.48
50.7264,96.36,76.34,93.61,106.59,95.48,7.81,26.07,13.75,0.0,3.3,0.0,3.08,0.0,7.04,0.0,2.86,516.01,16.28
50.7364,87.78,68.2,84.26,112.42,98.34,10.45,30.36,12.32,0.0,0.0,0.0,3.08,0.0,5.83,4.07,0.0,504.13,12.98
50.7464,79.2,61.6,76.45,117.04,101.31,13.09,34.76,15.18,0.0,0.0,0.0,3.08,0.0,5.83,4.07,4.4,498.63,17.38
50.7564,70.51,53.46,68.64,121.66,104.28,17.05,40.48,16.5,0.0,0.0,0.0,3.08,0.0,5.83,4.07,2.86,492.58,15.84
50.7664,63.69,48.62,62.48,130.9,110.22,22.22,43.45,17.93,0.0,3.3,0.0,0.0,0.0,5.83,0.0,2.86,499.51,11.99
50.7764,55.11,40.48,55.22,135.63,113.63,28.82,50.6,19.25,0.0,0.0,0.0,3.08,0.0,3.52,4.07,4.4,498.74,15.07
50.7864,49.94,35.64,46.86,141.79,120.45,35.42,57.86,19.25,0.0,3.3,0.0,0.0,0.0,4.73,0.0,0.0,507.21,8.03
50.7964,43.01,29.15,42.79,146.41,125.51,41.91,65.34,20.68,0.0,0.0,0.0,3.08,0.0,4.73,2.75,2.86,514.8,13.42
50.8064,37.84,24.31,35.86,147.95,130.68,51.15,72.71,22.0,0.0,0.0,0.0,0.0,0.0,3.52,4.07,2.86,522.5,10.45
50.8164,34.43,19.36,31.68,154.22,137.5,59.29,81.73,24.75,0.0,0.0,0.0,0.0,0.0,3.52,2.75,2.86,542.96,9.13
50.8264,30.91,14.52,26.18,158.84,144.32,70.62,89.21,24.75,0.0,0.0,0.0,3.08,0.0,3.52,2.75,2.86,559.35,12.21
50.8364,27.5,9.68,20.68,163.46,152.79,79.09,101.09,27.5,0.0,0.0,0.0,0.0,0.0,2.31,0.0,0.0,581.79,2.31
50.8464,24.09,6.38,16.5,169.73,159.61,91.85,113.08,27.5,0.0,0.0,0.0,0.0,0.0,2.31,2.75,2.86,608.74,7.92
50.8564,20.57,6.38,15.18,174.57,166.43,104.5,124.3,28.93,0.0,0.0,0.0,0.0,0.0,2.31,2.75,0.0,640.86,5.06
50.8664,17.16,6.38,13.75,179.52,169.84,119.24,137.17,30.36,0.0,0.0,0.0,0.0,0.0,3.52,0.0,0.0,673.42,3.52
50.8764,13.75,4.84,11.0,182.71,176.88,134.53,148.39,30.36,0.0,0.0,0.0,0.0,0.0,3.52,0.0,0.0,702.46,3.52
50.8864,11.99,4.84,11.0,189.2,180.4,148.39,161.26,31.68,0.0,0.0,0.0,0.0,0.0,0.0,0.0,0.0,738.76,0.0
50.8964,8.58,4.84,9.57,192.39,182.05,162.14,172.59,34.43,0.0,0.0,0.0,0.0,0.0,3.52,0.0,0.0,766.59,3.52
50.9064,3.41,4.84,6.82,194.04,178.64,176.66,184.8,34.43,0.0,0.0,0.0,0.0,0.0,0.0,0.0,2.86,783.64,2.86
50.9164,0.0,3.19,5.5,194.04,173.36,191.62,197.12,35.86,0.0,0.0,0.0,0.0,0.0,0.0,2.75,0.0,800.69,2.75
50.9264,0.0,3.19,5.5,187.55,168.19,204.82,205.81,37.18,7.37,0.0,0.0,0.0,0.0,2.31,2.75,0.0,812.24,12.43
50.9364,0.0,3.19,4.07,174.57,161.37,218.13,214.61,38.61,3.63,0.0,0.0,0.0,0.0,2.31,2.75,2.86,814.55,11.55
50.9464,0.0,3.19,2.75,160.38,152.79,231.44,221.65,38.61,3.63,0.0,0.0,0.0,0.0,0.0,0.0,2.86,810.81,6.49
50.9564,0.0,3.19,4.07,146.41,142.56,241.34,230.12,39.93,6.16,3.3,0.0,0.0,0.0,0.0,0.0,2.86,807.62,12.32
50.9664,0.0,3.19,2.75,127.82,132.33,249.59,238.7,38.61,7.37,0.0,0.0,0.0,0.0,2.31,0.0,0.0,792.99,9.68
50.9764,0.0,3.19,4.07,110.88,120.45,259.6,243.76,39.93,15.95,0.0,0.0,0.0,0.0,2.31,0.0,2.86,781.88,21.12
50.9864,0.0,3.19,2.75,95.15,108.68,266.2,243.76,39.93,29.59,0.0,0.0,0.0,0.0,0.0,0.0,0.0,759.66,29.59
50.9964,0.0,3.19,2.75,79.42,95.48,269.5,245.52,39.93,50.49,0.0,0.0,0.0,0.0,2.31,0.0,0.0,735.79,52.8
51.0064,0.0,3.19,2.75,62.26,79.31,274.45,243.76,41.36,83.38,3.3,0.0,0.0,0.0,3.52,0.0,0.0,707.08,90.2
51.0164,0.0,3.19,2.75,42.57,58.63,272.8,236.94,46.86,125.73,16.5,4.29,0.0,0.0,2.31,0.0,0.0,663.74,148.83
51.0264,0.0,3.19,4.07,23.65,34.76,267.85,221.65,51.04,134.2,126.61,37.18,6.27,3.3,4.73,0.0,0.0,606.21,312.29
51.0364,0.0,3.19,0.0,15.29,26.4,226.49,164.45,66.88,125.73,151.25,95.92,7.92,6.6,4.73,4.07,2.86,502.7,399.08
51.0464,0.0,3.19,2.75,14.19,25.08,162.14,101.09,90.75,122.87,159.5,111.43,15.84,11.55,5.83,6.82,7.26,399.19,441.1
51.0564,0.0,3.19,0.0,11.77,20.9,113.08,49.17,136.29,111.54,156.2,111.43,38.17,14.85,8.25,11.0,8.8,334.4,460.24
51.0664,0.0,4.84,2.75,9.46,16.72,48.51,30.36,148.72,100.76,154.55,113.08,60.17,29.81,9.46,11.0,13.2,261.36,492.03
51.0764,0.0,4.84,2.75,5.83,13.86,26.18,24.53,98.12,95.48,156.2,116.05,75.13,47.96,11.77,13.75,14.63,176.11,530.97
51.0864,0.0,3.19,2.75,4.73,8.36,18.26,18.81,56.54,91.41,156.2,123.75,87.01,59.51,11.77,13.75,16.06,112.64,559.46
51.0964,0.0,3.19,0.0,3.52,5.5,11.77,14.41,35.86,87.34,152.9,126.83,94.49,68.75,12.98,13.75,17.6,74.25,574.64
51.1064,0.0,3.19,0.0,3.52,5.5,9.13,8.69,19.25,82.06,151.25,129.91,100.43,78.1,14.19,16.5,14.63,49.28,587.07
51.1164,0.0,0.0,0.0,3.52,4.18,6.49,8.69,5.5,77.99,149.6,129.91,109.34,81.18,14.19,15.18,19.03,28.38,596.42
51.1264,0.0,0.0,0.0,2.31,5.5,5.17,5.72,2.75,74.03,143.0,125.29,112.42,90.42,15.4,16.5,20.46,21.45,597.52
51.1364,0.0,0.0,0.0,0.0,4.18,3.85,5.72,0.0,68.64,136.51,119.13,117.15,93.5,16.61,15.18,17.6,13.75,584.32
51.1464,0.0,0.0,0.0,2.31,2.75,5.17,5.72,2.75,61.93,128.26,113.08,121.88,98.23,16.61,16.5,19.03,18.7,575.52
51.1564,0.0,0.0,0.0,0.0,2.75,2.53,5.72,2.75,56.65,116.71,103.73,129.69,101.31,16.61,17.93,20.46,13.75,563.09
51.1664,0.0,0.0,0.0,2.31,2.75,2.53,4.29,2.75,50.49,107.14,94.38,132.88,104.39,16.61,19.25,22.0,14.63,547.14
51.1764,0.0,0.0,0.0,2.31,2.75,3.85,4.29,0.0,45.54,94.82,86.68,139.15,109.01,17.71,17.93,23.43,13.2,534.27
51.1864,0.0,0.0,0.0,0.0,2.75,0.0,2.86,2.75,40.7,85.58,77.33,143.99,115.28,16.61,22.0,23.43,8.36,524.92
51.1964,0.0,0.0,0.0,0.0,0.0,0.0,4.29,0.0,34.43,76.34,69.52,150.26,120.12,16.61,22.0,23.43,4.29,512.71
51.2064,0.0,0.0,0.0,0.0,0.0,2.53,2.86,0.0,29.59,67.1,63.36,153.45,124.96,20.13,22.0,26.4,5.39,506.99
51.2164,0.0,0.0,0.0,0.0,0.0,2.53,2.86,0.0,25.85,57.75,57.2,161.26,128.15,20.13,24.75,26.4,5.39,501.49
51.2264,0.0,0.0,0.0,0.0,0.0,2.53,0.0,0.0,20.9,49.5,51.48,167.75,137.94,20.13,24.75,27.83,2.53,500.28
51.2364,0.0,0.0,0.0,0.0,0.0,0.0,2.86,0.0,18.48,41.25,45.76,174.68,142.78,21.34,30.36,26.4,2.86,501.05
51.2464,0.0,0.0,0.0,0.0,0.0,0.0,0.0,0.0,15.95,36.3,40.04,181.61,145.97,23.65,33.11,29.26,0.0,505.89
51.2564,0.0,0.0,0.0,0.0,0.0,0.0,0.0,0.0,13.53,29.7,34.32,190.19,152.46,27.28,38.61,30.8,0.0,516.89
51.2664,0.0,0.0,0.0,0.0,0.0,2.53,0.0,0.0,11.0,24.75,28.6,197.12,155.76,32.01,41.36,29.26,2.53,519.86
51.2764,0.0,0.0,0.0,0.0,0.0,0.0,0.0,0.0,9.79,18.15,22.88,205.81,160.6,36.74,51.04,32.23,0.0,537.24
51.2864,0.0,0.0,0.0,0.0,0.0,0.0,0.0,0.0,8.58,16.5,17.16,214.39,162.25,47.41,56.54,35.2,0.0,558.03
51.2964,0.0,0.0,0.0,0.0,0.0,0.0,0.0,2.75,7.37,11.55,14.3,219.56,170.39,57.2,65.34,35.2,2.75,580.91
51.3064,0.0,0.0,0.0,0.0,0.0,0.0,0.0,2.75,6.16,8.25,8.58,226.49,175.78,67.76,75.79,39.6,2.75,608.41
51.3164,0.0,0.0,0.0,0.0,0.0,0.0,0.0,0.0,4.84,6.6,5.72,230.01,182.93,84.37,86.24,41.03,0.0,641.74
51.3264,0.0,0.0,0.0,0.0,0.0,0.0,0.0,2.75,4.84,8.25,4.29,237.05,188.32,96.47,98.23,39.6,2.75,677.05
51.3364,0.0,0.0,0.0,0.0,0.0,0.0,0.0,0.0,0.0,4.95,4.29,242.33,190.19,111.54,107.14,44.0,0.0,704.44
51.3464,0.0,0.0,2.75,0.0,0.0,0.0,0.0,2.75,0.0,3.3,4.29,244.09,195.58,126.94,113.19,42.46,5.5,729.85
51.3564,0.0,0.0,0.0,0.0,0.0,0.0,0.0,0.0,0.0,3.3,0.0,244.09,195.58,144.32,120.89,45.43,0.0,753.61
51.3664,0.0,0.0,0.0,0.0,0.0,0.0,0.0,0.0,0.0,4.95,2.86,245.85,193.71,160.05,131.56,45.43,0.0,784.41
51.3764,0.0,0.0,2.75,0.0,0.0,0.0,0.0,0.0,0.0,3.3,2.86,244.09,186.56,175.67,136.18,46.86,2.75,795.52
51.3864,0.0,0.0,2.75,0.0,0.0,0.0,0.0,0.0,0.0,4.95,2.86,235.29,181.17,186.12,139.26,45.43,2.75,795.08
51.3964,0.0,0.0,0.0,0.0,0.0,0.0,0.0,2.75,0.0,4.95,0.0,221.32,172.15,199.98,145.42,44.0,2.75,787.82
51.4064,3.41,0.0,0.0,0.0,0.0,0.0,0.0,0.0,0.0,4.95,2.86,205.81,163.9,212.19,148.39,44.0,3.41,782.1
51.4164,5.06,0.0,0.0,0.0,0.0,0.0,0.0,0.0,0.0,4.95,0.0,191.95,155.76,220.88,156.09,44.0,5.06,773.63
51.4264,8.58,0.0,0.0,0.0,0.0,0.0,0.0,0.0,0.0,3.3,2.86,174.68,145.97,228.03,159.17,45.43,8.58,759.44
51.4364,11.99,0.0,0.0,0.0,0.0,0.0,0.0,0.0,0.0,3.3,0.0,154.99,144.43,240.9,159.17,41.03,11.99,743.82
51.4464,18.92,0.0,0.0,0.0,0.0,0.0,0.0,0.0,0.0,3.3,0.0,137.61,137.94,244.53,162.25,44.0,18.92,729.63
51.4564,34.43,0.0,0.0,0.0,0.0,0.0,0.0,0.0,0.0,0.0,0.0,121.88,133.1,248.16,162.25,41.03,34.43,706.42
51.4664,60.17,0.0,0.0,0.0,0.0,0.0,0.0,0.0,0.0,3.3,2.86,106.37,124.96,250.03,165.33,42.46,60.17,695.31
51.4764,94.71,0.0,0.0,0.0,2.75,0.0,0.0,0.0,0.0,4.95,2.86,91.52,112.09,251.79,163.79,41.03,97.46,668.03
51.4864,146.85,0.0,0.0,2.31,2.75,2.53,0.0,0.0,0.0,3.3,2.86,73.59,98.23,251.79,157.63,38.06,154.44,625.46
51.4964,182.16,66.55,27.61,4.73,8.36,3.85,2.86,2.75,0.0,3.3,2.86,54.12,71.83,253.66,148.39,35.2,298.87,569.36
51.5064,178.53,105.82,102.85,7.04,12.54,5.17,5.72,4.07,0.0,3.3,0.0,33.44,44.66,242.66,127.05,35.2,421.74,486.31
51.5164,176.77,114.07,135.08,18.92,25.08,5.17,7.15,8.25,0.0,4.95,2.86,30.25,39.71,194.81,72.82,38.06,490.49,383.46
51.5264,166.1,112.42,141.68,35.42,45.98,6.49,7.15,9.57,0.0,0.0,0.0,27.06,31.46,135.63,37.18,61.82,524.81,293.15
51.5364,155.54,112.42,141.68,47.3,61.6,9.13,10.12,12.32,0.0,4.95,0.0,20.68,28.05,72.27,23.43,86.35,550.11,235.73
51.5464,155.54,117.37,143.33,59.4,71.94,9.13,11.55,12.32,0.0,3.3,0.0,19.03,23.1,32.01,22.0,78.65,580.58,178.09
51.5564,155.54,119.13,146.63,65.12,76.34,7.81,11.55,13.75,0.0,0.0,2.86,14.3,16.5,23.65,19.25,51.26,595.87,127.82
51.5664,157.3,122.43,148.28,69.41,79.31,7.81,12.98,13.75,0.0,3.3,0.0,7.92,11.55,15.4,13.75,30.8,611.27,82.72
51.5764,159.06,124.08,148.28,70.84,83.71,9.13,12.98,13.75,0.0,0.0,0.0,6.27,9.9,10.67,12.32,24.86,621.83,64.02
51.5864,157.3,124.08,146.63,73.7,85.14,7.81,14.41,13.75,0.0,3.3,0.0,4.73,4.95,10.67,9.57,13.2,622.82,46.42
51.5964,153.89,122.43,144.98,77.99,85.14,7.81,14.41,15.18,0.0,0.0,0.0,4.73,4.95,9.46,6.82,5.83,621.83,31.79
51.6064,150.37,120.78,140.03,77.99,89.54,9.13,15.84,15.18,0.0,3.3,0.0,3.08,3.3,8.25,5.5,5.83,618.86,29.26
51.6164,143.33,115.72,135.08,80.85,89.54,7.81,18.81,15.18,0.0,3.3,0.0,7.92,3.3,8.25,2.75,2.86,606.32,28.38
51.6264,134.64,109.12,128.59,82.28,91.08,9.13,18.81,15.18,0.0,0.0,0.0,0.0,0.0,7.04,4.07,5.83,588.83,16.94
51.6364,127.6,102.52,118.69,86.57,91.08,9.13,21.67,15.18,0.0,0.0,0.0,3.08,0.0,7.04,2.75,0.0,572.44,12.87
51.6464,118.91,92.73,109.12,89.43,93.94,9.13,21.67,15.18,0.0,0.0,0.0,4.73,0.0,7.04,2.75,4.4,550.11,18.92
51.6564,108.46,86.13,101.31,93.72,95.48,9.13,24.53,15.18,0.0,0.0,0.0,3.08,0.0,5.83,5.5,4.4,533.94,18.81
51.6664,98.12,77.99,90.42,96.58,95.48,11.77,27.5,16.5,0.0,3.3,0.0,3.08,0.0,5.83,4.07,0.0,514.36,16.28
51.6764,89.54,71.39,79.53,103.73,99.88,11.77,28.93,16.5,0.0,0.0,0.0,3.08,0.0,3.52,4.07,4.4,501.27,15.07
51.6864,79.2,61.6,71.83,110.88,101.31,13.09,31.79,17.93,0.0,0.0,0.0,3.08,0.0,4.73,5.5,0.0,487.63,13.31
51.6964,72.27,56.65,65.56,118.58,105.71,15.73,36.19,19.25,0.0,3.3,0.0,0.0,0.0,4.73,2.75,4.4,489.94,15.18
51.7064,63.69,50.16,57.97,123.2,110.22,19.58,41.91,20.68,0.0,0.0,0.0,3.08,0.0,3.52,4.07,4.4,487.41,15.07
51.7164,58.52,43.67,52.47,130.9,111.87,26.18,49.17,20.68,0.0,0.0,0.0,0.0,0.0,4.73,0.0,0.0,493.46,4.73
51.7264,51.59,37.18,46.86,135.63,117.04,32.78,55.0,23.43,0.0,0.0,0.0,3.08,0.0,3.52,2.75,2.86,499.51,12.21
51.7364,46.42,32.34,42.79,140.25,123.86,39.27,62.37,24.75,0.0,0.0,0.0,0.0,0.0,2.31,4.07,2.86,512.05,9.24
51.7464,41.25,24.31,37.29,144.87,132.33,47.19,71.28,26.18,0.0,0.0,0.0,0.0,0.0,3.52,0.0,2.86,524.7,6.38
51.7564,36.08,21.01,33.11,151.14,135.74,53.79,80.19,27.5,0.0,0.0,0.0,0.0,0.0,2.31,0.0,4.4,538.56,6.71
51.7664,30.91,12.87,27.61,155.76,144.32,64.9,89.21,30.36,0.0,0.0,0.0,0.0,0.0,2.31,2.75,2.86,555.94,7.92
51.7764,29.26,11.33,24.86,160.38,152.79,74.8,101.09,30.36,0.0,0.0,0.0,0.0,0.0,3.52,2.75,4.4,584.87,10.67
51.7864,25.74,9.68,17.93,166.54,159.61,86.13,111.54,31.68,0.0,0.0,0.0,0.0,0.0,3.52,4.07,2.86,608.85,10.45
51.7964,22.33,8.03,15.18,169.73,164.78,98.89,121.11,33.11,0.0,0.0,0.0,0.0,0.0,2.31,2.75,0.0,633.16,5.06
51.8064,18.92,6.38,13.75,173.03,171.6,110.22,132.33,35.86,0.0,0.0,0.0,0.0,0.0,2.31,2.75,2.86,662.09,7.92
51.8164,15.4,6.38,12.43,179.52,176.88,123.86,143.55,37.18,0.0,0.0,0.0,0.0,0.0,3.52,2.75,0.0,695.2,6.27
51.8264,13.75,6.38,12.43,182.71,182.05,137.61,156.42,37.18,0.0,0.0,0.0,0.0,0.0,3.52,2.75,2.86,728.53,9.13
51.8364,10.23,6.38,9.57,185.9,187.33,152.9,170.94,39.93,0.0,0.0,0.0,0.0,0.0,3.52,0.0,0.0,763.18,3.52
51.8464,6.82,3.19,6.82,190.85,189.09,168.41,183.04,41.36,0.0,0.0,0.0,0.0,0.0,2.31,2.75,2.86,789.58,7.92
51.8564,3.41,3.19,5.5,190.85,187.33,184.91,195.36,42.68,0.0,0.0,0.0,0.0,0.0,3.52,0.0,2.86,813.23,6.38
51.8664,0.0,3.19,4.07,189.2,182.05,203.17,207.57,44.11,2.42,0.0,0.0,0.0,0.0,2.31,0.0,0.0,833.36,4.73
51.8764,0.0,3.19,5.5,177.87,175.12,216.48,218.13,45.54,2.42,0.0,0.0,0.0,0.0,2.31,2.75,0.0,841.83,7.48
51.8864,0.0,3.19,4.07,166.54,164.78,228.14,228.47,45.54,3.63,0.0,0.0,0.0,0.0,0.0,0.0,4.4,840.73,8.03
51.8964,0.0,3.19,2.75,149.49,151.14,238.04,231.88,46.86,4.84,0.0,0.0,0.0,0.0,2.31,0.0,0.0,823.35,7.15
51.9064,0.0,3.19,4.07,126.28,137.5,246.29,240.35,46.86,8.58,0.0,0.0,0.0,0.0,2.31,0.0,0.0,804.54,10.89
51.9164,0.0,3.19,4.07,105.16,123.86,251.35,245.52,46.86,18.48,0.0,0.0,0.0,0.0,2.31,0.0,0.0,780.01,20.79
51.9264,0.0,3.19,2.75,86.57,110.22,257.95,247.17,46.86,35.75,0.0,0.0,0.0,0.0,0.0,0.0,0.0,754.71,35.75
51.9364,0.0,3.19,2.75,69.41,96.91,261.25,250.58,51.04,60.61,3.3,0.0,0.0,0.0,2.31,0.0,0.0,735.13,66.22
51.9464,0.0,3.19,2.75,50.82,79.31,259.6,245.52,51.04,99.44,4.95,2.86,0.0,0.0,2.31,0.0,0.0,692.23,109.56
51.9564,0.0,3.19,0.0,33.11,60.17,257.95,236.94,55.11,134.2,74.8,10.01,4.73,0.0,3.52,0.0,0.0,646.47,227.26
51.9664,0.0,4.84,2.75,17.71,34.76,244.64,218.13,60.94,129.91,143.0,69.52,6.27,4.95,3.52,4.07,2.86,583.77,364.1
51.9764,0.0,4.84,4.07,14.19,27.83,194.92,154.88,74.36,121.44,151.25,103.73,9.46,8.25,4.73,2.75,4.4,475.09,406.01
51.9864,0.0,4.84,0.0,11.77,23.65,136.07,89.21,102.63,120.01,159.5,108.35,14.3,9.9,5.83,6.82,7.26,368.17,431.97
51.9964,0.0,4.84,2.75,10.56,20.9,84.7,37.62,150.26,107.47,154.55,108.35,34.98,14.85,8.25,9.57,8.8,311.63,446.82
52.0064,0.0,4.84,2.75,7.04,16.72,28.82,27.5,142.56,100.76,157.85,113.08,57.2,29.81,9.46,9.57,11.66,230.23,489.39
52.0164,0.0,4.84,0.0,3.52,11.11,22.22,23.1,81.73,98.12,161.15,117.59,70.62,41.36,10.67,11.0,13.2,146.52,523.71
52.0264,0.0,3.19,0.0,3.52,8.36,14.41,15.84,45.54,98.12,162.8,120.67,76.56,52.91,11.77,13.75,14.63,90.86,551.21
52.0364,0.0,3.19,0.0,2.31,6.93,11.77,12.98,31.68,95.48,166.1,125.29,85.58,59.51,12.98,11.0,14.63,68.86,570.57
52.0464,0.0,3.19,0.0,0.0,5.5,9.13,7.15,16.5,92.73,162.8,125.29,92.95,65.67,12.98,15.18,14.63,41.47,582.23
52.0564,0.0,3.19,0.0,2.31,2.75,6.49,7.15,4.07,90.09,162.8,125.29,97.46,70.29,14.19,12.32,17.6,25.96,590.04
52.0664,0.0,0.0,0.0,0.0,4.18,5.17,4.29,0.0,87.34,164.45,125.29,101.97,73.37,11.77,13.75,16.06,13.64,594.0
52.0764,0.0,0.0,0.0,2.31,4.18,2.53,5.72,2.75,82.06,157.85,119.13,106.37,76.45,12.98,13.75,16.06,17.49,584.65
52.0864,0.0,0.0,0.0,2.31,2.75,2.53,5.72,2.75,76.67,149.6,109.89,107.91,74.91,14.19,16.5,14.63,16.06,564.3
52.0964,0.0,0.0,0.0,0.0,0.0,0.0,4.29,2.75,71.28,144.65,103.73,112.42,78.1,15.4,13.75,19.03,7.04,558.36
52.1064,0.0,0.0,0.0,0.0,0.0,3.85,4.29,2.75,64.57,134.86,94.38,118.69,78.1,15.4,13.75,17.6,10.89,537.35
52.1164,0.0,0.0,0.0,0.0,2.75,3.85,2.86,2.75,60.61,128.26,86.68,123.42,76.45,15.4,16.5,16.06,12.21,523.38
52.1264,0.0,0.0,0.0,0.0,0.0,2.53,4.29,0.0,54.23,116.71,78.87,126.61,78.1,15.4,16.5,19.03,6.82,505.45
52.1364,0.0,0.0,0.0,0.0,2.75,2.53,4.29,0.0,48.07,105.6,71.06,132.88,81.18,16.61,15.18,20.46,9.57,491.04
52.1463,0.0,0.0,0.0,0.0,0.0,2.53,2.86,0.0,43.12,94.82,66.44,137.61,82.72,15.4,17.93,19.03,5.39,477.07
52.1563,0.0,0.0,0.0,0.0,0.0,0.0,2.86,0.0,38.17,85.58,61.82,145.53,84.26,16.61,19.25,22.0,2.86,473.22
52.1663,0.0,0.0,0.0,0.0,0.0,2.53,2.86,0.0,33.22,76.34,55.77,147.07,90.42,17.71,19.25,20.46,5.39,460.24
52.1763,0.0,0.0,0.0,0.0,0.0,0.0,2.86,0.0,28.27,67.1,52.91,156.53,95.04,17.71,17.93,22.0,2.86,457.49
52.1863,0.0,0.0,0.0,0.0,0.0,2.53,0.0,2.75,23.43,59.4,47.19,164.45,99.77,18.92,22.0,24.86,5.28,460.02
52.1963,0.0,0.0,0.0,0.0,0.0,2.53,0.0,0.0,20.9,52.8,42.9,174.68,105.93,20.13,20.68,24.86,2.53,462.88
52.2063,0.0,0.0,0.0,0.0,0.0,0.0,0.0,0.0,15.95,42.9,35.75,185.02,113.63,21.34,22.0,26.4,0.0,462.99
52.2163,0.0,0.0,0.0,0.0,0.0,0.0,0.0,0.0,14.74,34.65,32.89,198.88,118.47,22.44,26.18,29.26,0.0,477.51
52.2263,0.0,0.0,0.0,0.0,0.0,0.0,0.0,0.0,12.32,29.7,27.17,210.98,129.8,23.65,27.5,29.26,0.0,490.38
52.2363,0.0,0.0,0.0,0.0,0.0,0.0,0.0,2.75,9.79,23.1,22.88,221.32,137.94,34.32,33.11,29.26,2.75,511.72
52.2463,0.0,0.0,0.0,0.0,0.0,0.0,0.0,2.75,8.58,18.15,17.16,230.01,145.97,46.2,41.36,30.8,2.75,538.23
52.2563,0.0,0.0,0.0,0.0,0.0,0.0,0.0,2.75,8.58,13.2,11.44,240.57,155.76,57.2,51.04,35.2,2.75,572.99
52.2663,0.0,0.0,2.75,0.0,0.0,0.0,0.0,2.75,7.37,11.55,11.44,251.02,158.95,72.27,62.37,36.63,5.5,611.6
52.2763,0.0,0.0,0.0,0.0,0.0,0.0,0.0,2.75,6.16,9.9,8.58,258.06,167.09,85.91,74.36,38.06,2.75,648.12
52.2863,0.0,0.0,0.0,0.0,0.0,0.0,0.0,0.0,3.63,8.25,7.15,266.86,172.15,100.98,86.24,42.46,0.0,687.72
52.2963,0.0,0.0,0.0,0.0,0.0,0.0,0.0,0.0,2.42,4.95,4.29,272.14,181.17,118.25,96.69,44.0,0.0,723.91
52.3063,0.0,0.0,2.75,0.0,0.0,0.0,0.0,0.0,0.0,6.6,2.86,272.14,186.56,135.63,105.71,46.86,2.75,756.36
52.3163,0.0,0.0,2.75,0.0,0.0,0.0,0.0,0.0,0.0,6.6,4.29,275.66,186.56,154.77,111.65,45.43,2.75,784.96
52.3263,0.0,0.0,0.0,0.0,0.0,0.0,0.0,0.0,0.0,4.95,0.0,279.07,188.32,172.26,119.35,46.86,0.0,810.81
52.3363,0.0,0.0,2.75,0.0,0.0,0.0,0.0,0.0,0.0,4.95,4.29,279.07,184.8,187.88,125.51,48.4,2.75,834.9
52.3463,0.0,0.0,0.0,0.0,0.0,0.0,0.0,0.0,0.0,4.95,2.86,275.66,175.78,199.98,133.1,46.86,0.0,839.19
52.3563,0.0,0.0,0.0,0.0,0.0,0.0,0.0,0.0,0.0,4.95,2.86,265.1,163.9,210.43,136.18,45.43,0.0,828.85
52.3663,3.41,0.0,0.0,0.0,0.0,0.0,0.0,0.0,0.0,0.0,0.0,252.78,158.95,222.64,140.8,45.43,3.41,820.6
52.3763,5.06,0.0,0.0,0.0,0.0,0.0,0.0,0.0,0.0,4.95,0.0,235.29,150.92,231.77,142.34,42.46,5.06,807.73
52.3863,10.23,0.0,0.0,0.0,0.0,0.0,0.0,0.0,0.0,4.95,0.0,214.39,141.13,240.9,146.96,45.43,10.23,793.76
52.3963,13.75,0.0,0.0,0.0,0.0,0.0,0.0,0.0,0.0,4.95,0.0,188.54,136.29,250.03,149.93,42.46,13.75,772.2
52.4063,25.74,0.0,0.0,0.0,0.0,0.0,0.0,0.0,0.0,3.3,2.86,166.1,129.8,259.16,153.01,44.0,25.74,758.23
52.4163,49.94,0.0,0.0,0.0,0.0,0.0,0.0,0.0,0.0,0.0,2.86,142.34,123.31,264.66,151.47,42.46,49.94,727.1
52.4263,79.2,0.0,0.0,0.0,2.75,0.0,0.0,0.0,0.0,3.3,0.0,123.42,113.63,266.42,151.47,41.03,81.95,699.27
52.4363,120.67,0.0,0.0,2.31,0.0,0.0,0.0,0.0,0.0,4.95,2.86,103.4,98.23,273.79,151.47,42.46,122.98,677.16
52.4463,164.34,29.15,6.82,3.52,4.18,0.0,0.0,0.0,0.0,0.0,2.86,82.5,81.18,275.66,148.39,41.03,208.01,631.62
52.4563,162.58,82.94,74.91,4.73,11.11,3.85,4.29,4.07,0.0,3.3,2.86,57.2,56.21,279.4,131.56,38.06,348.48,568.59
52.4663,155.54,94.38,118.69,18.92,22.22,3.85,5.72,6.82,0.0,0.0,0.0,34.98,38.06,255.53,102.74,36.63,426.14,467.94
52.4763,153.89,96.03,128.59,31.9,37.62,5.17,5.72,8.25,0.0,4.95,0.0,30.25,36.41,196.57,52.36,41.03,467.17,361.57
52.4863,143.33,97.68,133.43,44.88,57.2,7.81,7.15,11.0,0.0,4.95,0.0,27.06,31.46,139.15,27.5,67.98,502.48,298.1
52.4963,141.57,100.87,131.89,54.34,68.97,7.81,8.69,11.0,0.0,3.3,2.86,25.41,28.05,73.81,23.43,81.73,525.14,238.59
52.5063,138.16,102.52,131.89,65.12,77.77,7.81,10.12,12.32,0.0,0.0,0.0,20.68,23.1,36.74,20.68,72.6,545.71,173.8
52.5163,138.16,105.82,133.43,72.27,85.14,7.81,11.55,13.75,0.0,4.95,0.0,15.84,14.85,26.07,19.25,48.4,567.93,129.36
52.5263,132.88,105.82,133.43,76.56,91.08,7.81,15.84,15.18,0.0,4.95,0.0,7.92,11.55,16.61,16.5,33.66,578.6,91.19
52.5363,131.12,104.17,131.89,83.71,95.48,9.13,21.67,15.18,0.0,4.95,0.0,7.92,6.6,12.98,9.57,24.86,592.35,66.88
52.5463,127.6,104.17,128.59,88.0,99.88,10.45,27.5,15.18,0.0,0.0,0.0,6.27,6.6,11.77,6.82,14.63,601.37,46.09
52.5563,122.43,99.22,123.64,92.29,102.85,10.45,31.79,15.18,0.0,0.0,0.0,6.27,4.95,9.46,6.82,7.26,597.85,34.76
52.5663,117.15,96.03,121.99,95.15,104.28,9.13,36.19,16.5,0.0,0.0,0.0,4.73,3.3,9.46,4.07,5.83,596.42,27.39
52.5763,111.87,91.08,113.85,98.01,107.25,11.77,39.05,16.5,0.0,0.0,0.0,3.08,4.95,8.25,5.5,4.4,589.38,26.18
52.5863,105.05,86.13,109.12,100.87,110.22,13.09,41.91,16.5,0.0,3.3,0.0,3.08,3.3,7.04,2.75,5.83,582.89,25.3
52.5963,99.88,79.64,101.31,103.73,108.68,13.09,43.45,17.93,0.0,3.3,0.0,6.27,0.0,7.04,2.75,4.4,567.71,23.76
52.6063,92.95,73.04,93.61,108.02,111.87,14.41,47.74,17.93,0.0,3.3,0.0,4.73,0.0,7.04,2.75,4.4,559.57,22.22
52.6163,86.02,68.2,85.8,112.42,115.28,18.26,49.17,19.25,0.0,0.0,0.0,0.0,3.3,5.83,4.07,4.4,554.4,17.6
52.6263,79.2,59.95,76.45,118.58,117.04,20.9,52.14,19.25,0.0,0.0,0.0,3.08,0.0,7.04,2.75,4.4,543.51,17.27
52.6363,70.51,53.46,68.64,123.2,117.04,23.54,56.43,22.0,0.0,0.0,0.0,4.73,0.0,5.83,4.07,2.86,534.82,17.49
52.6463,63.69,46.97,60.94,129.36,120.45,28.82,60.83,20.68,0.0,0.0,0.0,0.0,0.0,5.83,2.75,2.86,531.74,11.44
52.6563,56.76,42.13,55.22,134.09,127.27,32.78,65.34,23.43,0.0,0.0,0.0,0.0,0.0,5.83,0.0,4.4,537.02,10.23
52.6663,51.59,35.64,48.29,140.25,130.68,39.27,68.31,23.43,0.0,0.0,0.0,3.08,0.0,4.73,4.07,4.4,537.46,16.28
52.6763,46.42,32.34,41.36,143.33,134.09,44.55,77.22,24.75,0.0,0.0,0.0,0.0,0.0,4.73,2.75,2.86,544.06,10.34
52.6863,41.25,27.5,35.86,146.41,137.5,52.47,83.16,26.18,0.0,0.0,0.0,0.0,0.0,4.73,4.07,4.4,550.33,13.2
52.6963,36.08,22.66,30.36,152.68,144.32,59.29,89.21,27.5,0.0,0.0,0.0,0.0,0.0,4.73,2.75,2.86,562.1,10.34
52.7063,32.67,17.82,27.61,155.76,147.73,66.33,96.58,28.93,0.0,0.0,0.0,0.0,0.0,3.52,2.75,2.86,573.43,9.13
52.7163,29.26,12.87,23.43,157.3,152.79,73.48,102.63,30.36,0.0,0.0,0.0,0.0,0.0,4.73,2.75,0.0,582.12,7.48
52.7263,27.5,8.03,19.25,161.92,157.96,83.38,111.54,30.36,0.0,0.0,0.0,0.0,0.0,3.52,0.0,2.86,599.94,6.38
52.7363,22.33,4.84,15.18,165.0,163.02,91.85,119.46,31.68,0.0,0.0,0.0,0.0,0.0,3.52,2.75,4.4,613.36,10.67
52.7463,18.92,6.38,13.75,166.54,166.43,101.75,129.14,33.11,0.0,0.0,0.0,0.0,0.0,4.73,0.0,0.0,636.02,4.73
52.7563,15.4,6.38,12.43,171.38,173.36,110.22,138.71,34.43,0.0,3.3,0.0,0.0,0.0,3.52,0.0,2.86,662.31,9.68
52.7663,13.75,4.84,9.57,173.03,175.12,122.32,146.85,37.18,0.0,0.0,0.0,0.0,0.0,3.52,2.75,2.86,682.66,9.13
52.7763,11.99,6.38,9.57,174.57,180.4,132.99,156.42,37.18,0.0,0.0,0.0,0.0,0.0,2.31,2.75,2.86,709.5,7.92
52.7863,8.58,4.84,9.57,177.87,180.4,143.77,166.1,38.61,0.0,0.0,0.0,0.0,0.0,3.52,2.75,2.86,729.74,9.13
52.7963,5.06,3.19,8.25,177.87,183.81,155.98,177.76,38.61,0.0,0.0,0.0,0.0,0.0,3.52,0.0,0.0,750.53,3.52
52.8063,0.0,4.84,6.82,177.87,180.4,171.71,188.32,38.61,0.0,0.0,0.0,0.0,0.0,2.31,2.75,2.86,768.57,7.92
52.8163,0.0,3.19,4.07,171.38,175.12,183.26,198.77,41.36,0.0,0.0,0.0,0.0,0.0,2.31,0.0,0.0,777.15,2.31
52.8263,0.0,3.19,4.07,165.0,169.84,196.57,209.33,41.36,0.0,0.0,2.86,0.0,0.0,3.52,0.0,0.0,789.36,6.38
52.8363,0.0,0.0,4.07,158.84,163.02,208.23,218.13,41.36,2.42,0.0,0.0,0.0,0.0,2.31,0.0,2.86,793.65,7.59
52.8463,0.0,3.19,4.07,151.14,152.79,219.78,226.71,44.11,3.63,0.0,0.0,0.0,0.0,3.52,0.0,0.0,801.79,7.15
52.8563,0.0,3.19,4.07,138.71,144.32,229.79,230.12,44.11,2.42,0.0,0.0,0.0,0.0,2.31,0.0,0.0,794.31,4.73
52.8663,0.0,0.0,2.75,126.28,132.33,238.04,236.94,42.68,3.63,0.0,0.0,0.0,0.0,2.31,0.0,0.0,779.02,5.94
52.8763,0.0,0.0,4.07,113.96,123.86,244.64,240.35,45.54,6.16,0.0,0.0,0.0,0.0,2.31,0.0,0.0,772.42,8.47
52.8863,0.0,3.19,2.75,100.87,111.87,249.59,243.76,44.11,14.74,0.0,0.0,0.0,0.0,2.31,0.0,0.0,756.14,17.05
52.8963,0.0,3.19,2.75,88.0,99.88,254.65,243.76,46.86,28.27,0.0,0.0,0.0,0.0,2.31,0.0,0.0,739.09,30.58
52.9063,0.0,3.19,4.07,73.7,85.14,257.95,243.76,46.86,51.7,0.0,0.0,0.0,0.0,3.52,0.0,0.0,714.67,55.22
52.9163,0.0,3.19,2.75,57.97,71.94,262.9,236.94,49.61,90.09,3.3,0.0,0.0,0.0,2.31,0.0,0.0,685.3,95.7
52.9263,0.0,3.19,2.75,42.57,54.34,262.9,225.06,52.36,137.06,37.95,7.15,0.0,0.0,3.52,0.0,0.0,643.17,185.68
52.9363,0.0,3.19,2.75,24.75,33.44,257.95,205.81,56.54,139.81,138.16,54.34,3.08,3.3,3.52,2.75,2.86,584.43,347.82
52.9463,0.0,3.19,2.75,18.92,27.83,219.78,151.58,65.34,132.77,157.85,105.27,7.92,6.6,5.83,0.0,2.86,489.39,419.1
52.9563,0.0,3.19,0.0,15.29,25.08,157.52,87.67,86.24,131.34,164.45,114.51,12.65,8.25,7.04,5.5,7.26,374.99,451.0
52.9663,0.0,4.84,2.75,14.19,19.47,108.79,41.91,131.67,117.26,159.5,116.05,34.98,18.15,8.25,8.25,10.23,323.62,472.67
52.9763,0.0,4.84,2.75,8.25,15.29,47.19,28.93,136.29,104.83,157.85,117.59,58.74,33.11,10.67,11.0,13.2,243.54,506.99
52.9863,0.0,4.84,0.0,5.83,11.11,26.18,24.53,86.24,100.76,159.5,122.21,72.16,51.26,12.98,11.0,14.63,158.73,544.5
52.9963,0.0,3.19,2.75,4.73,9.68,17.05,17.38,48.29,96.8,159.5,128.37,82.5,64.13,12.98,12.32,16.06,103.07,572.66
53.0063,0.0,3.19,0.0,3.52,6.93,11.77,12.98,31.68,92.73,157.85,131.45,91.52,71.83,14.19,12.32,17.6,70.07,589.49
53.0163,0.0,0.0,0.0,3.52,4.18,9.13,10.12,15.18,87.34,152.9,132.88,95.92,79.64,15.4,13.75,17.6,42.13,595.43
53.0263,0.0,0.0,0.0,3.52,5.5,6.49,5.72,4.07,84.7,151.25,135.96,101.97,84.26,12.98,16.5,19.03,25.3,606.65
53.0363,0.0,0.0,0.0,2.31,2.75,6.49,5.72,4.07,80.74,147.95,134.42,104.94,90.42,14.19,15.18,17.6,21.34,605.44
53.0463,0.0,0.0,0.0,0.0,4.18,5.17,5.72,2.75,74.03,136.51,129.91,107.91,95.04,12.98,16.5,20.46,17.82,593.34
53.0563,0.0,0.0,0.0,0.0,2.75,3.85,5.72,2.75,67.32,126.61,122.21,110.88,98.23,15.4,15.18,19.03,15.07,574.86
53.0663,0.0,0.0,0.0,2.31,2.75,5.17,5.72,0.0,61.93,116.71,114.51,115.5,101.31,15.4,16.5,19.03,15.95,560.89
53.0763,0.0,0.0,0.0,2.31,0.0,3.85,4.29,0.0,55.44,107.14,103.73,118.69,104.39,16.61,16.5,20.46,10.45,542.96
53.0863,0.0,0.0,0.0,0.0,2.75,3.85,4.29,0.0,50.49,99.44,95.92,121.88,105.93,17.71,16.5,19.03,10.89,526.9
53.0963,0.0,0.0,0.0,2.31,2.75,3.85,2.86,0.0,45.54,90.2,88.22,128.15,109.01,17.71,20.68,22.0,11.77,521.51
53.1063,0.0,0.0,0.0,0.0,0.0,3.85,4.29,0.0,40.7,79.42,80.41,128.15,115.28,17.71,22.0,23.43,8.14,507.1
53.1163,0.0,0.0,0.0,0.0,2.75,2.53,2.86,0.0,34.43,70.18,74.25,136.07,118.47,17.71,20.68,23.43,8.14,495.22
53.1263,0.0,0.0,0.0,0.0,0.0,3.85,2.86,2.75,30.8,64.02,67.98,136.07,124.96,18.92,20.68,22.0,9.46,485.43
53.1363,0.0,0.0,0.0,0.0,0.0,0.0,0.0,0.0,25.85,56.1,63.36,142.34,129.8,20.13,26.18,26.4,0.0,490.16
53.1463,0.0,0.0,0.0,0.0,0.0,2.53,2.86,0.0,22.11,49.5,57.2,148.72,137.94,21.34,28.93,24.86,5.39,490.6
53.1563,0.0,0.0,0.0,0.0,0.0,0.0,0.0,0.0,18.48,39.6,52.91,158.18,142.78,21.34,31.68,29.26,0.0,494.23
53.1663,0.0,0.0,0.0,0.0,0.0,0.0,0.0,0.0,15.95,36.3,47.19,164.45,150.92,22.44,35.86,29.26,0.0,502.37
53.1763,0.0,0.0,0.0,0.0,0.0,2.53,0.0,0.0,13.53,29.7,41.47,171.27,157.41,23.65,42.68,30.8,2.53,510.51
53.1863,0.0,0.0,0.0,0.0,0.0,0.0,0.0,0.0,12.32,23.1,37.18,179.85,163.9,29.59,49.61,32.23,0.0,527.78
53.1963,0.0,0.0,0.0,0.0,0.0,0.0,0.0,2.75,9.79,18.15,30.03,186.78,172.15,36.74,57.97,30.8,2.75,542.41
53.2063,0.0,0.0,0.0,0.0,0.0,0.0,0.0,0.0,8.58,14.85,22.88,193.71,179.3,46.2,66.88,35.2,0.0,567.6
53.2163,0.0,0.0,0.0,0.0,0.0,0.0,0.0,2.75,6.16,9.9,18.59,198.88,188.32,55.77,81.84,36.63,2.75,596.09
53.2263,0.0,0.0,0.0,0.0,0.0,0.0,0.0,2.75,6.16,11.55,12.87,204.05,195.58,70.84,92.29,38.06,2.75,631.4
53.2363,0.0,0.0,0.0,0.0,0.0,0.0,0.0,0.0,4.84,8.25,10.01,209.22,206.36,84.37,104.17,42.46,0.0,669.68
53.2463,0.0,0.0,0.0,0.0,0.0,0.0,0.0,2.75,4.84,8.25,7.15,212.74,211.75,97.9,111.65,42.46,2.75,696.74
53.2563,0.0,0.0,0.0,0.0,0.0,0.0,0.0,2.75,3.63,8.25,5.72,216.15,217.14,110.0,123.97,46.86,2.75,731.72
53.2663,0.0,0.0,0.0,0.0,0.0,0.0,0.0,0.0,0.0,6.6,4.29,217.91,219.01,128.7,134.64,45.43,0.0,756.58
53.2763,0.0,0.0,0.0,0.0,0.0,0.0,0.0,0.0,0.0,4.95,4.29,221.32,220.77,147.84,139.26,49.83,0.0,788.26
53.2863,0.0,0.0,0.0,0.0,0.0,0.0,0.0,0.0,0.0,4.95,2.86,221.32,219.01,161.81,145.42,48.4,0.0,803.77
53.2963,0.0,0.0,0.0,0.0,0.0,0.0,0.0,0.0,0.0,3.3,2.86,217.91,215.38,177.43,151.47,51.26,0.0,819.61
53.3063,0.0,0.0,0.0,0.0,0.0,0.0,0.0,0.0,0.0,3.3,2.86,210.98,206.36,189.64,159.17,49.83,0.0,822.14
53.3163,0.0,0.0,0.0,0.0,0.0,0.0,0.0,0.0,0.0,4.95,0.0,198.88,195.58,201.74,162.25,48.4,0.0,811.8
53.3263,0.0,0.0,0.0,0.0,0.0,0.0,0.0,0.0,0.0,0.0,2.86,181.61,182.93,213.95,166.87,46.86,0.0,795.08
53.3363,0.0,0.0,0.0,0.0,0.0,0.0,0.0,2.75,0.0,3.3,2.86,164.45,170.39,224.4,171.71,45.43,2.75,782.54
53.3463,0.0,0.0,0.0,0.0,0.0,0.0,0.0,2.75,0.0,4.95,2.86,147.07,158.95,235.4,171.71,44.0,2.75,764.94
53.3563,5.06,0.0,0.0,0.0,0.0,0.0,0.0,0.0,0.0,0.0,0.0,128.15,150.92,242.66,176.66,44.0,5.06,742.39
53.3663,10.23,0.0,0.0,0.0,0.0,0.0,0.0,0.0,0.0,0.0,2.86,113.96,144.43,250.03,179.85,44.0,10.23,735.13
53.3763,20.57,0.0,0.0,0.0,0.0,0.0,0.0,0.0,0.0,3.3,2.86,95.92,136.29,253.66,181.5,42.46,20.57,715.99
53.3863,44.77,0.0,0.0,0.0,0.0,0.0,0.0,0.0,0.0,0.0,0.0,81.07,129.8,253.66,179.85,41.03,44.77,685.41
53.3963,79.2,0.0,0.0,2.31,2.75,0.0,0.0,0.0,0.0,0.0,2.86,64.68,116.82,255.53,178.2,41.03,84.26,659.12
53.4063,134.64,0.0,0.0,2.31,4.18,0.0,0.0,0.0,0.0,4.95,0.0,49.39,98.23,255.53,171.71,38.06,141.13,617.87
53.4163,185.79,25.85,8.25,3.52,4.18,2.53,0.0,0.0,0.0,3.3,0.0,31.79,71.83,248.16,163.79,38.06,230.12,556.93
53.4263,185.79,107.47,76.45,5.83,6.93,2.53,2.86,0.0,0.0,3.3,0.0,28.6,44.66,224.4,134.64,35.2,387.86,470.8
53.4363,184.03,119.13,128.59,10.56,12.54,5.17,5.72,5.5,0.0,3.3,2.86,25.41,39.71,166.98,80.3,41.03,471.24,359.59
53.4463,182.16,122.43,146.63,24.75,18.04,5.17,5.72,6.82,0.0,3.3,2.86,25.41,33.11,120.01,39.93,71.06,511.72,295.68
53.4563,173.14,124.08,153.12,40.15,36.19,5.17,7.15,8.25,0.0,4.95,2.86,20.68,28.05,55.77,22.0,100.1,547.25,234.41
53.4663,169.62,125.84,149.93,52.03,43.12,6.49,7.15,9.57,0.0,3.3,0.0,17.49,23.1,32.01,22.0,83.27,563.75,181.17
53.4763,167.86,129.14,151.47,59.4,50.16,6.49,7.15,8.25,0.0,3.3,0.0,11.11,14.85,22.44,17.93,51.26,579.92,120.89
53.4863,166.1,129.14,149.93,65.12,51.48,6.49,8.69,9.57,0.0,3.3,0.0,7.92,11.55,14.19,15.18,33.66,586.52,85.8
53.4963,164.34,132.55,148.28,72.27,55.77,7.81,10.12,9.57,0.0,3.3,0.0,4.73,4.95,11.77,12.32,23.43,600.71,60.5
53.5063,162.58,134.2,144.98,76.56,58.63,7.81,8.69,11.0,0.0,0.0,0.0,4.73,6.6,9.46,8.25,13.2,604.45,42.24
53.5163,159.06,132.55,141.68,79.42,61.6,7.81,10.12,11.0,0.0,0.0,0.0,3.08,3.3,9.46,6.82,4.4,603.24,27.06
53.5263,152.13,127.49,138.38,82.28,64.57,7.81,10.12,11.0,0.0,3.3,0.0,3.08,3.3,8.25,5.5,5.83,593.78,29.26
53.5363,146.85,124.08,138.38,83.71,66.0,7.81,8.69,12.32,0.0,0.0,0.0,4.73,3.3,7.04,5.5,4.4,587.84,24.97
53.5463,139.92,117.37,133.43,83.71,67.54,7.81,8.69,11.0,0.0,0.0,0.0,3.08,3.3,5.83,5.5,5.83,569.47,23.54
53.5563,131.12,109.12,126.94,85.14,68.97,9.13,11.55,11.0,0.0,0.0,0.0,0.0,3.3,7.04,5.5,5.83,552.97,21.67
53.5663,124.19,102.52,118.69,89.43,71.94,7.81,10.12,11.0,0.0,0.0,0.0,0.0,0.0,5.83,5.5,2.86,535.7,14.19
53.5762,113.63,92.73,110.66,92.29,71.94,7.81,10.12,12.32,0.0,0.0,0.0,3.08,3.3,4.73,4.07,4.4,511.5,19.58
53.5862,106.7,86.13,104.5,93.72,76.34,7.81,11.55,12.32,0.0,3.3,0.0,0.0,0.0,5.83,4.07,4.4,499.07,17.6
53.5962,98.12,77.99,96.69,98.01,77.77,7.81,11.55,13.75,0.0,3.3,0.0,0.0,0.0,4.73,2.75,4.4,481.69,15.18
53.6062,91.19,71.39,88.88,102.3,77.77,7.81,12.98,13.75,0.0,0.0,0.0,0.0,0.0,4.73,4.07,4.4,466.07,13.2
53.6162,82.61,64.9,81.07,108.02,83.71,9.13,14.41,13.75,0.0,0.0,0.0,0.0,0.0,4.73,4.07,2.86,457.6,11.66
53.6262,74.03,58.3,73.37,117.04,89.54,10.45,15.84,15.18,0.0,0.0,0.0,0.0,0.0,3.52,2.75,4.4,453.75,10.67
53.6362,67.1,51.81,68.64,124.74,93.94,11.77,20.24,15.18,0.0,3.3,0.0,0.0,0.0,4.73,4.07,4.4,453.42,16.5
53.6462,60.17,45.32,60.94,134.09,98.34,14.41,26.07,16.5,0.0,0.0,0.0,0.0,0.0,4.73,4.07,0.0,455.84,8.8
53.6562,51.59,37.18,56.54,141.79,105.71,17.05,33.22,19.25,0.0,0.0,0.0,0.0,0.0,3.52,2.75,2.86,462.33,9.13
53.6662,46.42,32.34,52.47,149.49,113.63,26.18,41.91,19.25,0.0,0.0,0.0,0.0,0.0,4.73,4.07,2.86,481.69,11.66
53.6762,41.25,27.5,48.29,158.84,118.69,34.1,52.14,22.0,0.0,0.0,0.0,0.0,0.0,3.52,2.75,0.0,502.81,6.27
53.6862,36.08,21.01,42.79,165.0,130.68,45.87,62.37,23.43,0.0,0.0,0.0,0.0,0.0,3.52,2.75,0.0,527.23,6.27
53.6962,32.67,14.52,38.61,171.38,139.15,55.11,72.71,26.18,0.0,0.0,0.0,0.0,0.0,3.52,2.75,4.4,550.33,10.67
53.7062,29.26,11.33,31.68,177.87,149.38,67.76,84.7,26.18,0.0,0.0,0.0,0.0,0.0,3.52,0.0,2.86,578.16,6.38
53.7162,25.74,8.03,27.61,184.36,157.96,80.52,95.15,30.36,0.0,0.0,0.0,0.0,0.0,3.52,4.07,0.0,609.73,7.59
53.7262,22.33,6.38,20.68,190.85,164.78,91.85,108.57,33.11,0.0,0.0,0.0,0.0,0.0,3.52,0.0,2.86,638.55,6.38
53.7362,18.92,4.84,15.18,197.23,173.36,107.36,119.46,34.43,0.0,0.0,0.0,0.0,0.0,3.52,2.75,0.0,670.78,6.27
53.7462,15.4,4.84,12.43,202.18,180.4,122.32,132.33,37.18,0.0,0.0,0.0,0.0,0.0,2.31,0.0,2.86,707.08,5.17
53.7562,11.99,6.38,13.75,207.02,185.57,139.15,148.39,37.18,0.0,0.0,0.0,0.0,0.0,2.31,2.75,2.86,749.43,7.92
53.7662,10.23,6.38,12.43,213.51,189.09,154.44,161.26,39.93,0.0,0.0,0.0,0.0,0.0,3.52,0.0,2.86,787.27,6.38
53.7762,6.82,4.84,9.57,215.05,194.26,170.06,172.59,39.93,0.0,0.0,0.0,0.0,0.0,3.52,0.0,0.0,813.12,3.52
53.7862,3.41,4.84,5.5,215.05,192.61,184.91,190.08,41.36,0.0,0.0,0.0,0.0,0.0,2.31,0.0,0.0,837.76,2.31
53.7962,0.0,3.19,4.07,213.51,182.05,198.22,200.53,42.68,0.0,0.0,0.0,0.0,0.0,2.31,0.0,0.0,844.25,2.31
53.8062,0.0,3.19,2.75,208.56,175.12,211.53,209.33,44.11,0.0,0.0,0.0,0.0,0.0,2.31,0.0,0.0,854.59,2.31
53.8162,0.0,3.19,4.07,197.23,161.37,226.49,218.13,44.11,2.42,0.0,0.0,0.0,0.0,2.31,0.0,0.0,854.59,4.73
53.8262,0.0,3.19,4.07,177.87,147.73,236.39,226.71,44.11,2.42,0.0,0.0,0.0,0.0,3.52,0.0,0.0,840.07,5.94
53.8362,0.0,3.19,4.07,157.3,134.09,244.64,233.53,44.11,4.84,0.0,2.86,0.0,0.0,2.31,0.0,2.86,820.93,12.87
53.8462,0.0,3.19,2.75,132.55,122.1,253.0,235.29,42.68,6.16,0.0,0.0,0.0,0.0,0.0,0.0,0.0,791.56,6.16
53.8562,0.0,0.0,2.75,108.02,108.68,261.25,243.76,44.11,12.32,0.0,0.0,0.0,0.0,0.0,0.0,0.0,768.57,12.32
53.8662,0.0,0.0,2.75,88.0,92.51,264.55,245.52,44.11,27.06,0.0,0.0,0.0,0.0,0.0,0.0,0.0,737.44,27.06
53.8762,0.0,3.19,4.07,66.55,77.77,271.15,243.76,46.86,48.07,3.3,2.86,0.0,0.0,2.31,0.0,0.0,713.35,56.54
53.8862,0.0,4.84,2.75,44.88,55.77,271.15,236.94,49.61,83.38,3.3,0.0,0.0,0.0,0.0,0.0,0.0,665.94,86.68
53.8962,0.0,3.19,4.07,23.65,34.76,266.2,218.13,52.36,129.91,8.25,2.86,3.08,0.0,2.31,0.0,0.0,602.36,146.41
53.9062,0.0,4.84,0.0,16.5,27.83,226.49,161.26,66.88,138.49,129.91,22.88,4.73,3.3,4.73,0.0,0.0,503.8,304.04
53.9162,0.0,4.84,0.0,15.29,26.4,160.6,101.09,87.78,135.63,171.05,92.84,7.92,6.6,3.52,2.75,2.86,396.0,423.17
53.9262,0.0,4.84,2.75,12.98,20.9,113.08,50.6,130.13,139.81,182.93,122.21,7.92,8.25,4.73,4.07,5.83,335.28,475.75
53.9362,0.0,4.84,2.75,10.56,16.72,48.51,30.36,140.91,138.49,187.99,131.45,22.22,9.9,7.04,5.5,7.26,254.65,509.85
53.9462,0.0,4.84,0.0,7.04,13.86,26.18,26.07,95.15,124.3,182.93,137.5,43.01,14.85,5.83,8.25,8.8,173.14,525.47
53.9562,0.0,4.84,0.0,4.73,9.68,19.58,20.24,56.54,117.26,182.93,140.58,55.77,21.45,7.04,9.57,10.23,115.61,544.83
53.9662,0.0,4.84,0.0,3.52,6.93,13.09,14.41,37.18,110.22,179.52,142.12,67.65,29.81,10.67,9.57,14.63,79.97,564.19
53.9762,0.0,3.19,0.0,2.31,5.5,9.13,11.55,23.43,103.51,176.11,145.2,75.13,36.41,10.67,11.0,14.63,55.11,572.66
53.9862,0.0,3.19,0.0,2.31,5.5,7.81,8.69,9.57,96.8,174.46,145.2,82.5,46.31,10.67,12.32,14.63,37.07,582.89
53.9962,0.0,0.0,0.0,2.31,4.18,5.17,5.72,2.75,90.09,169.4,145.2,89.98,51.26,11.77,13.75,16.06,20.13,587.51
54.0062,0.0,0.0,0.0,2.31,4.18,5.17,5.72,2.75,82.06,159.5,140.58,91.52,59.51,12.98,12.32,17.6,20.13,576.07
54.0162,0.0,0.0,0.0,3.52,2.75,3.85,5.72,2.75,75.35,152.9,137.5,97.46,62.59,12.98,12.32,17.6,18.59,568.7
54.0262,0.0,0.0,2.75,0.0,2.75,2.53,2.86,2.75,68.64,143.0,131.45,101.97,67.21,12.98,13.75,16.06,13.64,555.06
54.0362,0.0,0.0,0.0,0.0,2.75,3.85,2.86,0.0,60.61,131.56,123.75,104.94,76.45,12.98,15.18,17.6,9.46,543.07
54.0462,0.0,0.0,0.0,2.31,2.75,3.85,2.86,0.0,54.23,118.36,114.51,107.91,82.72,14.19,15.18,19.03,11.77,526.13
54.0562,0.0,0.0,0.0,0.0,0.0,2.53,4.29,2.75,48.07,108.68,105.27,112.42,87.34,15.4,13.75,20.46,9.57,511.39
54.0662,0.0,0.0,0.0,0.0,2.75,3.85,0.0,2.75,41.91,96.36,95.92,117.15,93.5,15.4,16.5,19.03,9.35,495.77
54.0762,0.0,0.0,0.0,2.31,0.0,0.0,0.0,2.75,35.75,82.5,86.68,124.96,102.85,17.71,16.5,20.46,5.06,487.41
54.0862,0.0,0.0,0.0,0.0,0.0,0.0,0.0,0.0,29.59,71.72,78.87,131.34,110.55,16.61,19.25,23.43,0.0,481.36
54.0962,0.0,0.0,0.0,0.0,0.0,2.53,2.86,0.0,24.64,62.48,72.71,137.61,120.12,17.71,19.25,23.43,5.39,477.95
54.1062,0.0,0.0,0.0,0.0,0.0,0.0,2.86,0.0,20.9,56.1,66.44,143.99,126.61,20.13,22.0,24.86,2.86,481.03
54.1162,0.0,0.0,0.0,0.0,0.0,2.53,2.86,0.0,17.16,47.85,58.74,150.26,136.29,20.13,24.75,24.86,5.39,480.04
54.1262,0.0,0.0,0.0,0.0,0.0,2.53,0.0,0.0,14.74,37.95,52.91,159.72,145.97,22.44,33.11,27.83,2.53,494.67
54.1362,0.0,0.0,0.0,0.0,0.0,2.53,0.0,2.75,12.32,33.0,45.76,166.1,154.11,23.65,39.93,27.83,5.28,502.7
54.1462,0.0,0.0,0.0,0.0,0.0,0.0,0.0,0.0,11.0,24.75,40.04,178.09,160.6,30.8,48.29,32.23,0.0,525.8
54.1562,0.0,0.0,0.0,0.0,0.0,0.0,0.0,0.0,8.58,18.15,32.89,183.37,170.39,39.05,59.4,30.8,0.0,542.63
54.1662,0.0,0.0,0.0,0.0,0.0,0.0,0.0,2.75,7.37,13.2,25.74,188.54,175.78,50.93,65.34,35.2,2.75,562.1
54.1762,0.0,0.0,0.0,0.0,0.0,0.0,0.0,0.0,7.37,13.2,20.02,191.95,186.56,60.28,77.33,38.06,0.0,594.77
54.1862,0.0,0.0,0.0,0.0,0.0,0.0,0.0,2.75,6.16,11.55,15.73,197.12,193.71,73.81,86.24,42.46,2.75,626.78
54.1962,0.0,0.0,0.0,0.0,0.0,0.0,0.0,2.75,6.16,11.55,11.44,205.81,202.73,87.34,98.23,44.0,2.75,667.26
54.2062,0.0,0.0,0.0,0.0,0.0,0.0,0.0,2.75,4.84,8.25,8.58,210.98,209.99,96.47,107.14,46.86,2.75,693.11
54.2162,0.0,0.0,0.0,0.0,0.0,0.0,0.0,2.75,3.63,8.25,7.15,212.74,215.38,113.08,114.73,48.4,2.75,723.36
54.2262,0.0,0.0,0.0,0.0,0.0,0.0,0.0,0.0,2.42,8.25,5.72,217.91,220.77,123.42,122.43,49.83,0.0,750.75
54.2362,0.0,0.0,2.75,0.0,0.0,0.0,0.0,0.0,0.0,6.6,0.0,217.91,220.77,142.67,128.59,52.8,2.75,769.34
54.2462,0.0,0.0,0.0,0.0,0.0,0.0,0.0,2.75,0.0,4.95,4.29,221.32,220.77,154.77,136.18,52.8,2.75,795.08
54.2562,0.0,0.0,2.75,0.0,0.0,0.0,0.0,0.0,0.0,4.95,2.86,219.56,213.62,168.74,139.26,52.8,2.75,801.79
54.2662,0.0,0.0,0.0,0.0,0.0,0.0,0.0,2.75,0.0,4.95,2.86,214.39,208.12,182.6,142.34,51.26,2.75,806.52
54.2762,3.41,0.0,0.0,0.0,0.0,0.0,0.0,0.0,0.0,3.3,2.86,205.81,195.58,189.64,145.42,49.83,3.41,792.44
54.2862,3.41,0.0,0.0,0.0,0.0,0.0,0.0,0.0,0.0,4.95,2.86,191.95,181.17,199.98,146.96,46.86,3.41,774.73
54.2962,6.82,0.0,0.0,0.0,0.0,0.0,0.0,0.0,0.0,4.95,0.0,172.92,170.39,208.67,149.93,48.4,6.82,755.26
54.3062,11.99,0.0,0.0,0.0,0.0,0.0,0.0,0.0,0.0,4.95,2.86,156.53,160.6,215.6,154.55,46.86,11.99,741.95
54.3162,20.57,0.0,0.0,0.0,0.0,0.0,0.0,0.0,0.0,3.3,2.86,140.8,152.46,220.88,156.09,45.43,20.57,721.82
54.3262,39.6,0.0,0.0,0.0,0.0,0.0,0.0,0.0,0.0,3.3,2.86,123.42,144.43,226.27,159.17,42.46,39.6,701.91
54.3362,58.52,0.0,0.0,0.0,0.0,0.0,0.0,0.0,0.0,4.95,2.86,106.37,139.59,229.9,159.17,41.03,58.52,683.87
54.3462,80.85,0.0,0.0,0.0,2.75,0.0,0.0,0.0,0.0,0.0,0.0,91.52,131.45,233.53,156.09,41.03,83.6,653.62
54.3562,118.91,0.0,0.0,2.31,2.75,0.0,0.0,0.0,0.0,0.0,2.86,75.13,118.47,235.4,154.55,39.6,123.97,626.01
54.3662,157.3,40.48,20.68,2.31,5.5,2.53,2.86,2.75,0.0,4.95,2.86,58.74,96.69,233.53,151.47,39.6,234.41,587.84
54.3762,155.54,81.29,87.34,5.83,12.54,5.17,5.72,4.07,0.0,0.0,0.0,39.82,71.83,233.53,140.8,36.63,357.5,522.61
54.3862,152.13,94.38,117.04,21.23,26.4,6.49,7.15,6.82,0.0,3.3,2.86,28.6,41.36,215.6,113.19,33.66,431.64,438.57
54.3962,148.61,96.03,125.29,33.11,44.55,7.81,4.29,8.25,0.0,4.95,2.86,25.41,38.06,165.33,63.91,41.03,467.94,341.55
54.4062,141.57,99.22,126.94,44.88,55.77,7.81,8.69,9.57,0.0,4.95,0.0,23.87,33.11,116.49,30.36,71.06,494.45,279.84
54.4162,141.57,105.82,128.59,57.97,63.03,6.49,10.12,11.0,0.0,4.95,0.0,19.03,26.4,53.35,23.43,90.97,524.59,218.13
54.4262,143.33,110.77,131.89,67.98,70.4,9.13,10.12,11.0,0.0,0.0,0.0,17.49,21.45,30.8,20.68,75.57,554.62,165.99
54.4362,146.85,115.72,136.73,73.7,73.37,9.13,10.12,12.32,0.0,0.0,0.0,11.11,18.15,22.44,16.5,46.86,577.94,115.06
54.4462,150.37,117.37,138.38,76.56,76.34,7.81,11.55,12.32,0.0,3.3,0.0,6.27,11.55,12.98,15.18,30.8,590.7,80.08
54.4562,150.37,120.78,140.03,77.99,79.31,10.45,10.12,12.32,0.0,0.0,0.0,4.73,8.25,9.46,12.32,23.43,601.37,58.19
54.4662,150.37,120.78,140.03,82.28,82.17,7.81,11.55,11.0,0.0,3.3,0.0,4.73,4.95,10.67,8.25,13.2,605.99,45.1
54.4762,146.85,120.78,138.38,83.71,83.71,9.13,12.98,11.0,0.0,0.0,0.0,4.73,3.3,9.46,4.07,5.83,606.54,27.39
54.4862,141.57,117.37,133.43,86.57,86.57,10.45,12.98,12.32,0.0,0.0,0.0,3.08,3.3,8.25,6.82,4.4,601.26,25.85
54.4962,134.64,112.42,125.29,89.43,88.11,10.45,14.41,12.32,0.0,3.3,0.0,4.73,3.3,7.04,2.75,2.86,587.07,23.98
54.5062,127.6,105.82,117.04,93.72,88.11,10.45,14.41,13.75,0.0,0.0,0.0,3.08,0.0,8.25,2.75,4.4,570.9,18.48
54.5162,120.67,100.87,110.66,96.58,89.54,10.45,12.98,12.32,0.0,0.0,0.0,0.0,3.3,7.04,5.5,0.0,554.07,15.84
54.5262,110.22,92.73,101.31,100.87,92.51,9.13,17.38,12.32,0.0,0.0,0.0,3.08,0.0,7.04,5.5,5.83,536.47,21.45
54.5362,101.53,86.13,91.96,105.16,95.48,10.45,18.81,15.18,0.0,0.0,0.0,3.08,0.0,5.83,4.07,4.4,524.7,17.38
54.5462,92.95,76.34,84.26,113.96,96.91,10.45,20.24,15.18,0.0,3.3,0.0,3.08,0.0,5.83,2.75,4.4,510.29,19.36
54.5562,86.02,68.2,77.99,118.58,99.88,13.09,23.1,16.5,0.0,0.0,0.0,0.0,0.0,5.83,2.75,4.4,503.36,12.98
54.5662,77.44,63.25,68.64,124.74,102.85,15.73,27.5,16.5,0.0,0.0,0.0,0.0,0.0,5.83,0.0,0.0,496.65,5.83
54.5762,68.86,56.65,65.56,130.9,105.71,19.58,31.79,17.93,0.0,0.0,0.0,3.08,0.0,4.73,2.75,4.4,496.98,14.96
54.5862,61.93,50.16,59.4,138.71,110.22,23.54,37.62,19.25,0.0,0.0,0.0,3.08,0.0,5.83,4.07,2.86,500.83,15.84
54.5962,55.11,43.67,52.47,146.41,115.28,31.46,44.88,22.0,0.0,0.0,0.0,0.0,3.3,4.73,4.07,4.4,511.28,16.5
54.6062,48.18,38.83,45.54,155.76,122.1,40.59,52.14,22.0,0.0,0.0,0.0,0.0,0.0,4.73,0.0,4.4,525.14,9.13
54.6162,43.01,32.34,40.04,161.92,128.92,49.83,59.4,24.75,0.0,0.0,0.0,0.0,0.0,3.52,2.75,4.4,540.21,10.67
54.6262,39.6,24.31,34.43,168.19,135.74,60.72,69.74,26.18,0.0,0.0,0.0,0.0,0.0,4.73,4.07,4.4,558.91,13.2
54.6362,34.43,21.01,28.93,174.57,140.91,72.05,77.22,28.93,0.0,0.0,0.0,0.0,0.0,3.52,4.07,4.4,578.05,11.99
54.6462,29.26,14.52,23.43,179.52,147.73,80.52,87.67,28.93,0.0,0.0,0.0,0.0,0.0,3.52,2.75,0.0,591.58,6.27
54.6562,25.74,9.68,17.93,185.9,156.2,93.17,99.55,31.68,0.0,0.0,0.0,0.0,0.0,4.73,2.75,4.4,619.85,11.88
54.6662,22.33,8.03,15.18,190.85,163.02,105.93,110.0,34.43,0.0,0.0,0.0,0.0,0.0,3.52,2.75,2.86,649.77,9.13
54.6762,18.92,8.03,15.18,194.04,168.19,117.7,122.65,34.43,0.0,0.0,0.0,0.0,0.0,3.52,0.0,2.86,679.14,6.38
54.6862,15.4,8.03,13.75,198.88,171.6,131.45,135.52,38.61,0.0,0.0,0.0,0.0,0.0,3.52,0.0,4.4,713.24,7.92
54.6962,11.99,4.84,11.0,202.18,175.12,148.39,146.85,38.61,0.0,0.0,0.0,0.0,0.0,3.52,2.75,2.86,738.98,9.13
54.7062,8.58,6.38,11.0,203.72,178.64,163.68,158.07,38.61,0.0,0.0,0.0,0.0,0.0,3.52,2.75,2.86,768.68,9.13
54.7162,5.06,4.84,6.82,203.72,178.64,179.96,170.94,39.93,0.0,0.0,0.0,0.0,0.0,2.31,0.0,2.86,789.91,5.17
54.7262,0.0,3.19,4.07,200.53,176.88,194.92,183.04,41.36,0.0,0.0,0.0,0.0,0.0,2.31,0.0,0.0,803.99,2.31
54.7362,0.0,3.19,4.07,195.69,171.6,208.23,193.6,42.68,0.0,0.0,0.0,0.0,0.0,2.31,0.0,2.86,819.06,5.17
54.7462,0.0,3.19,4.07,184.36,164.78,223.08,200.53,42.68,0.0,0.0,0.0,0.0,0.0,3.52,0.0,2.86,822.69,6.38
54.7562,0.0,0.0,2.75,173.03,154.55,234.74,212.85,45.54,2.42,0.0,0.0,0.0,0.0,2.31,2.75,0.0,823.46,7.48
54.7662,0.0,3.19,2.75,155.76,144.32,244.64,223.41,44.11,2.42,0.0,0.0,0.0,0.0,3.52,0.0,2.86,818.18,8.8
54.7762,0.0,4.84,2.75,135.63,134.09,254.65,228.47,48.29,3.63,0.0,0.0,0.0,0.0,0.0,2.75,0.0,808.72,6.38
54.7862,0.0,0.0,4.07,115.5,123.86,261.25,233.53,51.04,4.84,0.0,0.0,0.0,0.0,2.31,0.0,0.0,789.25,7.15
54.7962,0.0,3.19,4.07,99.44,113.63,267.85,240.35,52.36,9.79,0.0,0.0,0.0,0.0,3.52,2.75,0.0,780.89,16.06
54.8062,0.0,3.19,2.75,82.28,102.85,271.15,243.76,53.79,20.9,0.0,0.0,0.0,0.0,0.0,0.0,0.0,759.77,20.9
54.8162,0.0,3.19,4.07,65.12,91.08,271.15,242.11,56.54,40.7,0.0,0.0,0.0,0.0,0.0,0.0,0.0,733.26,40.7
54.8262,0.0,3.19,2.75,49.61,73.37,274.45,238.7,59.4,71.28,4.95,0.0,0.0,0.0,2.31,0.0,0.0,701.47,78.54
54.8362,0.0,0.0,2.75,30.69,52.91,269.5,226.71,65.34,120.01,6.6,2.86,0.0,0.0,3.52,0.0,0.0,647.9,132.99
54.8462,0.0,3.19,2.75,18.92,29.26,253.0,205.81,75.79,138.49,120.01,20.02,0.0,0.0,3.52,0.0,0.0,588.72,282.04
54.8562,0.0,3.19,0.0,16.5,26.4,203.17,140.36,90.75,134.2,167.75,92.84,6.27,3.3,4.73,4.07,2.86,480.37,416.02
54.8662,0.0,4.84,2.75,14.19,22.22,136.07,74.25,116.27,129.91,172.81,122.21,11.11,8.25,5.83,2.75,5.83,370.59,458.7
54.8762,0.0,4.84,2.75,11.77,19.47,79.09,31.79,154.88,124.3,172.81,125.29,23.87,9.9,7.04,8.25,5.83,304.59,477.29
54.8862,0.0,3.19,2.75,8.25,13.86,30.14,24.53,127.05,112.97,171.05,128.37,41.36,16.5,8.25,11.0,10.23,209.77,499.73
54.8962,0.0,3.19,2.75,5.83,11.11,22.22,23.1,72.82,107.47,172.81,131.45,57.2,28.05,9.46,11.0,13.2,141.02,530.64
54.9062,0.0,3.19,0.0,3.52,8.36,15.73,15.84,44.11,107.47,174.46,134.42,67.65,38.06,9.46,12.32,13.2,90.75,557.04
54.9162,0.0,3.19,0.0,3.52,5.5,10.45,11.55,28.93,104.83,176.11,137.5,75.13,41.36,12.98,11.0,14.63,63.14,573.54
54.9262,0.0,3.19,0.0,3.52,5.5,7.81,8.69,13.75,100.76,176.11,139.04,79.53,51.26,11.77,13.75,16.06,42.46,588.28
54.9362,0.0,3.19,0.0,3.52,4.18,5.17,5.72,2.75,95.48,174.46,137.5,88.55,56.21,11.77,13.75,14.63,24.53,592.35
54.9462,0.0,0.0,0.0,2.31,4.18,5.17,5.72,2.75,91.41,172.81,134.42,92.95,61.05,12.98,12.32,16.06,20.13,594.0
54.9562,0.0,0.0,0.0,2.31,4.18,5.17,4.29,0.0,84.7,166.1,128.37,99.0,67.21,12.98,12.32,14.63,15.95,585.31
54.9662,0.0,0.0,0.0,2.31,2.75,2.53,5.72,2.75,76.67,156.2,116.05,103.4,70.29,14.19,12.32,16.06,16.06,565.18
54.9762,0.0,0.0,0.0,0.0,0.0,3.85,4.29,2.75,71.28,147.95,106.81,109.34,71.83,14.19,15.18,17.6,10.89,554.18
54.9862,0.0,0.0,0.0,2.31,2.75,0.0,4.29,0.0,63.25,136.51,95.92,115.5,74.91,14.19,15.18,19.03,9.35,534.49
54.9962,0.0,0.0,0.0,2.31,0.0,2.53,2.86,0.0,56.65,124.96,85.03,120.23,79.64,15.4,13.75,17.6,7.7,513.26
55.0061,0.0,0.0,0.0,0.0,2.75,3.85,2.86,0.0,50.49,111.76,75.79,128.15,81.18,16.61,17.93,19.03,9.46,500.94
55.0161,0.0,0.0,0.0,0.0,0.0,0.0,2.86,0.0,44.33,99.44,67.98,129.69,85.8,16.61,16.5,19.03,2.86,479.38
55.0261,0.0,0.0,0.0,0.0,0.0,2.53,0.0,0.0,38.17,88.66,60.28,139.15,90.42,16.61,17.93,20.46,2.53,471.68
55.0361,0.0,0.0,0.0,0.0,0.0,2.53,0.0,0.0,33.22,77.88,54.34,145.53,93.5,17.71,19.25,22.0,2.53,463.43
55.0461,0.0,0.0,0.0,0.0,0.0,0.0,0.0,0.0,28.27,68.64,48.62,151.8,99.77,17.71,19.25,23.43,0.0,457.49
55.0561,0.0,0.0,0.0,0.0,0.0,2.53,0.0,0.0,23.43,57.75,42.9,161.26,107.47,20.13,19.25,23.43,2.53,455.62
55.0661,0.0,0.0,0.0,0.0,0.0,2.53,0.0,0.0,18.48,47.85,35.75,167.75,113.63,21.34,23.43,23.43,2.53,451.66
55.0761,0.0,0.0,0.0,0.0,0.0,2.53,0.0,2.75,17.16,42.9,34.32,181.61,120.12,22.44,22.0,23.43,5.28,463.98
55.0861,0.0,0.0,0.0,0.0,0.0,0.0,0.0,0.0,13.53,34.65,28.6,193.71,126.61,24.86,26.18,27.83,0.0,475.97
55.0961,0.0,0.0,0.0,0.0,0.0,0.0,0.0,2.75,12.32,29.7,21.45,205.81,134.64,27.28,33.11,29.26,2.75,493.57
55.1061,0.0,0.0,0.0,0.0,0.0,0.0,0.0,0.0,11.0,23.1,20.02,221.32,137.94,32.01,38.61,32.23,0.0,516.23
55.1161,0.0,0.0,0.0,0.0,0.0,0.0,0.0,0.0,8.58,18.15,14.3,231.77,147.62,41.47,45.54,32.23,0.0,539.66
55.1261,0.0,0.0,0.0,0.0,0.0,0.0,0.0,2.75,7.37,13.2,12.87,238.81,154.11,54.56,56.54,32.23,2.75,569.69
55.1361,0.0,0.0,0.0,0.0,0.0,0.0,0.0,2.75,7.37,13.2,10.01,251.02,155.76,69.3,63.91,38.06,2.75,608.63
55.1461,0.0,0.0,0.0,0.0,0.0,0.0,0.0,2.75,6.16,11.55,8.58,259.82,165.44,84.37,72.82,39.6,2.75,648.34
55.1561,0.0,0.0,0.0,0.0,0.0,0.0,0.0,2.75,4.84,9.9,7.15,265.1,172.15,99.44,83.27,41.03,2.75,682.88
55.1661,0.0,0.0,0.0,0.0,0.0,0.0,0.0,2.75,2.42,6.6,5.72,272.14,175.78,116.49,95.26,42.46,2.75,716.87
55.1761,0.0,0.0,0.0,0.0,0.0,0.0,0.0,2.75,0.0,6.6,4.29,275.66,182.93,133.87,102.74,44.0,2.75,750.09
55.1861,0.0,0.0,0.0,0.0,0.0,0.0,0.0,0.0,0.0,4.95,4.29,277.31,182.93,153.12,110.22,45.43,0.0,778.25
55.1961,0.0,0.0,0.0,0.0,0.0,0.0,0.0,0.0,0.0,6.6,2.86,275.66,186.56,165.33,120.89,46.86,0.0,804.76
55.2061,0.0,0.0,0.0,0.0,0.0,0.0,0.0,0.0,0.0,3.3,2.86,272.14,182.93,186.12,128.59,46.86,0.0,822.8
55.2161,0.0,0.0,0.0,0.0,0.0,0.0,0.0,0.0,0.0,3.3,0.0,265.1,175.78,198.22,133.1,42.46,0.0,817.96
55.2261,3.41,0.0,2.75,0.0,0.0,0.0,0.0,0.0,0.0,4.95,2.86,249.37,165.44,208.67,136.18,44.0,6.16,811.47
55.2361,6.82,0.0,0.0,0.0,0.0,0.0,0.0,2.75,0.0,6.6,2.86,237.05,155.76,220.88,143.88,41.03,9.57,808.06
55.2461,8.58,0.0,0.0,0.0,0.0,0.0,0.0,2.75,0.0,3.3,0.0,216.15,147.62,231.77,146.96,44.0,11.33,789.8
55.2561,15.4,0.0,0.0,0.0,0.0,0.0,0.0,0.0,0.0,4.95,0.0,195.47,139.59,239.03,151.47,42.46,15.4,772.97
55.2661,24.09,0.0,0.0,0.0,0.0,0.0,0.0,0.0,0.0,3.3,0.0,176.44,133.1,250.03,151.47,42.46,24.09,756.8
55.2761,44.77,0.0,0.0,0.0,0.0,0.0,0.0,0.0,0.0,3.3,2.86,153.45,126.61,255.53,153.01,41.03,44.77,735.79
55.2861,74.03,0.0,0.0,0.0,0.0,0.0,0.0,0.0,0.0,0.0,0.0,136.07,118.47,257.29,156.09,41.03,74.03,708.95
55.2961,108.46,0.0,0.0,0.0,2.75,0.0,0.0,2.75,0.0,4.95,2.86,117.15,107.47,259.16,154.55,41.03,113.96,687.17
55.3061,159.06,8.03,6.82,2.31,2.75,2.53,2.86,0.0,0.0,0.0,0.0,95.92,95.04,261.03,151.47,39.6,184.36,643.06
55.3161,169.62,81.29,65.56,5.83,8.36,2.53,4.29,5.5,0.0,3.3,0.0,75.13,70.29,264.66,143.88,36.63,342.98,593.89
55.3261,162.58,99.22,115.39,12.98,12.54,5.17,5.72,6.82,0.0,3.3,2.86,47.74,44.66,266.42,123.97,36.63,420.42,525.58
55.3361,159.06,102.52,130.24,24.75,25.08,5.17,7.15,8.25,0.0,0.0,0.0,33.44,38.06,226.27,77.33,30.8,462.22,405.9
55.3461,150.37,102.52,130.24,40.15,45.98,5.17,7.15,8.25,0.0,3.3,2.86,30.25,31.46,163.57,38.61,46.86,489.83,316.91
55.3561,145.09,107.47,133.43,53.13,55.77,9.13,10.12,11.0,0.0,4.95,2.86,23.87,29.81,100.98,26.18,71.06,525.14,259.71
55.3661,145.09,112.42,136.73,62.26,63.03,7.81,10.12,11.0,0.0,3.3,2.86,22.22,21.45,42.68,23.43,66.44,548.46,182.38
55.3761,145.09,114.07,140.03,67.98,71.94,9.13,12.98,12.32,0.0,3.3,0.0,14.3,16.5,29.59,20.68,45.43,573.54,129.8
55.3861,143.33,117.37,138.38,73.7,77.77,9.13,15.84,13.75,0.0,4.95,0.0,11.11,11.55,18.92,17.93,29.26,589.27,93.72
55.3961,141.57,117.37,140.03,80.85,85.14,7.81,18.81,12.32,0.0,0.0,0.0,7.92,8.25,10.67,12.32,24.86,603.9,64.02
55.4061,138.16,117.37,140.03,85.14,88.11,9.13,21.67,13.75,0.0,0.0,0.0,7.92,4.95,10.67,9.57,16.06,613.36,49.17
55.4161,134.64,114.07,138.38,86.57,92.51,10.45,26.07,13.75,0.0,0.0,0.0,4.73,3.3,10.67,4.07,7.26,616.44,30.03
55.4261,127.6,109.12,133.43,90.86,95.48,11.77,27.5,13.75,0.0,0.0,0.0,4.73,4.95,9.46,4.07,5.83,609.51,29.04
55.4361,120.67,104.17,130.24,92.29,98.34,11.77,30.36,15.18,0.0,0.0,0.0,4.73,3.3,8.25,2.75,4.4,603.02,23.43
55.4461,113.63,96.03,123.64,96.58,99.88,11.77,34.76,16.5,0.0,0.0,0.0,4.73,3.3,7.04,4.07,4.4,592.79,23.54
55.4561,105.05,89.43,115.39,99.44,102.85,13.09,39.05,16.5,0.0,0.0,0.0,4.73,3.3,8.25,5.5,4.4,580.8,26.18
55.4661,98.12,81.29,106.04,102.3,105.71,15.73,41.91,17.93,0.0,0.0,0.0,4.73,3.3,5.83,5.5,4.4,569.03,23.76
55.4761,89.54,74.69,96.69,105.16,107.25,18.26,46.31,17.93,0.0,0.0,0.0,3.08,0.0,7.04,5.5,2.86,555.83,18.48
55.4861,82.61,66.55,87.34,110.88,108.68,20.9,47.74,17.93,0.0,0.0,0.0,3.08,0.0,7.04,2.75,4.4,542.63,17.27
55.4961,74.03,59.95,76.45,115.5,111.87,24.86,52.14,19.25,0.0,3.3,0.0,0.0,0.0,5.83,4.07,2.86,534.05,16.06
55.5061,67.1,53.46,67.1,120.12,113.63,27.5,55.0,20.68,0.0,0.0,0.0,3.08,0.0,4.73,4.07,4.4,524.59,16.28
55.5161,60.17,48.62,60.94,124.74,117.04,32.78,59.4,20.68,0.0,0.0,0.0,3.08,0.0,4.73,4.07,2.86,524.37,14.74
55.5261,55.11,42.13,55.22,129.36,117.04,36.74,63.8,23.43,0.0,0.0,0.0,3.08,0.0,4.73,2.75,2.86,522.83,13.42
55.5361,49.94,35.64,51.04,134.09,120.45,41.91,66.77,23.43,0.0,3.3,0.0,3.08,0.0,4.73,0.0,2.86,523.27,13.97
55.5461,44.77,30.69,42.79,138.71,123.86,45.87,72.71,24.75,0.0,0.0,0.0,0.0,0.0,3.52,4.07,4.4,524.15,11.99
55.5561,39.6,25.85,38.61,141.79,130.68,53.79,75.79,24.75,0.0,0.0,0.0,0.0,0.0,4.73,4.07,2.86,530.86,11.66
55.5661,36.08,21.01,34.43,144.87,135.74,59.29,84.7,27.5,0.0,0.0,0.0,0.0,0.0,4.73,2.75,4.4,543.62,11.88
55.5761,32.67,17.82,28.93,144.87,139.15,67.76,92.18,28.93,0.0,0.0,0.0,0.0,0.0,3.52,2.75,4.4,552.31,10.67
55.5861,29.26,9.68,26.18,151.14,147.73,73.48,101.09,28.93,0.0,0.0,0.0,0.0,0.0,5.83,0.0,4.4,567.49,10.23
55.5961,25.74,8.03,20.68,154.22,156.2,83.38,108.57,30.36,0.0,0.0,0.0,0.0,0.0,3.52,2.75,2.86,587.18,9.13
55.6061,24.09,6.38,17.93,157.3,161.37,91.85,121.11,33.11,0.0,0.0,0.0,0.0,0.0,4.73,0.0,4.4,613.14,9.13
55.6161,20.57,6.38,15.18,160.38,168.19,101.75,130.68,34.43,0.0,0.0,0.0,0.0,0.0,5.83,0.0,0.0,637.56,5.83
55.6261,17.16,6.38,13.75,166.54,171.6,113.08,140.36,35.86,0.0,0.0,0.0,0.0,0.0,3.52,2.75,0.0,664.73,6.27
55.6361,15.4,6.38,13.75,171.38,176.88,126.94,151.58,37.18,0.0,0.0,0.0,0.0,0.0,4.73,0.0,2.86,699.49,7.59
55.6461,11.99,6.38,12.43,176.22,182.05,139.15,164.45,37.18,0.0,0.0,0.0,0.0,0.0,3.52,2.75,0.0,729.85,6.27
55.6561,8.58,6.38,9.57,179.52,187.33,154.44,176.0,39.93,0.0,3.3,0.0,0.0,0.0,2.31,0.0,2.86,761.75,8.47
55.6661,5.06,3.19,6.82,182.71,190.85,166.76,188.32,42.68,0.0,0.0,0.0,0.0,0.0,2.31,0.0,0.0,786.39,2.31
55.6761,3.41,3.19,6.82,182.71,187.33,181.61,200.53,42.68,0.0,0.0,0.0,0.0,0.0,2.31,0.0,2.86,808.28,5.17
55.6861,0.0,3.19,4.07,184.36,187.33,196.57,207.57,45.54,0.0,0.0,0.0,0.0,0.0,3.52,0.0,2.86,828.63,6.38
55.6961,0.0,3.19,4.07,179.52,180.4,208.23,216.37,45.54,2.42,0.0,0.0,0.0,0.0,2.31,0.0,2.86,837.32,7.59
55.7061,0.0,3.19,2.75,168.19,169.84,219.78,228.47,46.86,3.63,0.0,0.0,0.0,0.0,2.31,0.0,0.0,839.08,5.94
55.7161,0.0,3.19,4.07,157.3,159.61,229.79,235.29,46.86,4.84,0.0,0.0,0.0,0.0,2.31,0.0,0.0,836.11,7.15
55.7261,0.0,3.19,4.07,140.25,149.38,238.04,240.35,46.86,7.37,0.0,0.0,0.0,0.0,2.31,0.0,2.86,822.14,12.54
55.7361,0.0,3.19,2.75,120.12,137.5,242.99,245.52,46.86,18.48,0.0,0.0,0.0,0.0,3.52,0.0,0.0,798.93,22.0
55.7461,0.0,3.19,2.75,98.01,123.86,247.94,248.93,46.86,35.75,0.0,0.0,0.0,0.0,0.0,0.0,0.0,771.54,35.75
55.7561,0.0,3.19,2.75,79.42,107.25,249.59,252.23,49.61,57.97,3.3,0.0,0.0,0.0,2.31,0.0,0.0,744.04,63.58
55.7661,0.0,3.19,2.75,57.97,91.08,253.0,247.17,49.61,95.48,3.3,2.86,0.0,0.0,0.0,0.0,2.86,704.77,104.5
55.7761,0.0,3.19,2.75,40.15,73.37,254.65,243.76,52.36,138.49,52.8,8.58,3.08,0.0,2.31,0.0,0.0,670.23,205.26
55.7861,0.0,3.19,0.0,21.23,47.3,246.29,230.12,57.97,132.77,138.16,63.36,6.27,0.0,4.73,4.07,2.86,606.1,352.22
55.7961,0.0,3.19,2.75,15.29,29.26,206.58,177.76,69.85,124.3,149.6,103.73,7.92,6.6,3.52,4.07,2.86,504.68,402.6
55.8061,0.0,3.19,2.75,14.19,25.08,142.23,107.03,93.72,122.87,157.85,113.08,11.11,9.9,7.04,5.5,5.83,388.19,433.18
55.8161,0.0,3.19,2.75,11.77,22.22,93.17,50.6,145.64,111.54,156.2,116.05,28.6,16.5,7.04,8.25,10.23,329.34,454.41
55.8261,0.0,4.84,2.75,7.04,16.72,31.46,28.93,156.42,100.76,151.25,114.51,50.93,31.46,10.67,12.32,10.23,248.16,482.13
55.8361,0.0,4.84,0.0,4.73,12.54,23.54,24.53,93.72,98.12,154.55,122.21,64.68,44.66,12.98,11.0,14.63,163.9,522.83
55.8461,0.0,3.19,2.75,3.52,8.36,18.26,17.38,49.61,95.48,159.5,128.37,73.59,54.56,11.77,12.32,16.06,103.07,551.65
55.8561,0.0,3.19,0.0,0.0,6.93,11.77,11.55,34.43,92.73,157.85,132.88,82.5,61.05,14.19,12.32,16.06,67.87,569.58
55.8661,0.0,3.19,0.0,2.31,5.5,6.49,11.55,17.93,88.77,156.2,132.88,89.98,67.21,12.98,13.75,16.06,46.97,577.83
55.8761,0.0,0.0,0.0,2.31,5.5,6.49,7.15,4.07,86.02,156.2,132.88,95.92,76.45,15.4,13.75,17.6,25.52,594.22
55.8861,0.0,0.0,0.0,0.0,4.18,5.17,7.15,0.0,82.06,152.9,126.83,103.4,81.18,14.19,16.5,17.6,16.5,594.66
55.8961,0.0,0.0,0.0,2.31,2.75,5.17,5.72,2.75,75.35,146.3,119.13,107.91,85.8,15.4,16.5,19.03,18.7,585.42
55.9061,0.0,0.0,0.0,2.31,2.75,3.85,7.15,2.75,68.64,136.51,108.35,113.96,88.88,16.61,16.5,19.03,18.81,568.48
55.9161,0.0,0.0,0.0,2.31,2.75,3.85,5.72,2.75,64.57,129.91,97.46,117.15,90.42,16.61,16.5,22.0,17.38,554.62
55.9261,0.0,0.0,0.0,0.0,2.75,3.85,4.29,2.75,57.97,116.71,88.22,124.96,91.96,16.61,19.25,20.46,13.64,536.14
55.9361,0.0,0.0,0.0,0.0,2.75,3.85,5.72,2.75,53.02,108.68,80.41,126.61,93.5,17.71,16.5,22.0,15.07,518.43
55.9461,0.0,0.0,0.0,0.0,2.75,0.0,2.86,2.75,46.86,99.44,72.71,132.88,95.04,17.71,17.93,22.0,8.36,504.57
55.9561,0.0,0.0,0.0,0.0,2.75,2.53,4.29,0.0,41.91,87.12,63.36,137.61,95.04,17.71,20.68,23.43,9.57,486.86
55.9661,0.0,0.0,0.0,0.0,0.0,2.53,4.29,0.0,36.96,76.34,57.2,140.8,99.77,17.71,19.25,22.0,6.82,470.03
55.9761,0.0,0.0,0.0,0.0,0.0,2.53,2.86,0.0,32.01,68.64,52.91,147.07,102.85,18.92,19.25,23.43,5.39,465.08
55.9861,0.0,0.0,0.0,0.0,2.75,2.53,0.0,0.0,27.06,62.48,48.62,150.26,107.47,20.13,19.25,22.0,5.28,457.27
55.9961,0.0,0.0,0.0,0.0,0.0,2.53,2.86,0.0,23.43,54.45,44.33,154.99,113.63,20.13,20.68,24.86,5.39,456.5
56.0061,0.0,0.0,0.0,0.0,0.0,0.0,0.0,0.0,20.9,47.85,40.04,162.91,118.47,20.13,23.43,26.4,0.0,460.13
56.0161,0.0,0.0,0.0,0.0,0.0,0.0,0.0,0.0,17.16,39.6,35.75,171.27,126.61,21.34,23.43,26.4,0.0,461.56
56.0261,0.0,0.0,0.0,0.0,0.0,0.0,2.86,0.0,14.74,33.0,31.46,181.61,133.1,22.44,26.18,27.83,2.86,470.36
56.0361,0.0,0.0,0.0,0.0,0.0,0.0,0.0,0.0,12.32,26.4,27.17,190.19,142.78,23.65,30.36,27.83,0.0,480.7
56.0461,0.0,0.0,0.0,0.0,0.0,2.53,0.0,0.0,11.0,21.45,24.31,202.29,154.11,27.28,33.11,29.26,2.53,502.81
56.0561,0.0,0.0,0.0,0.0,0.0,0.0,0.0,2.75,9.79,18.15,20.02,212.74,162.25,32.01,45.54,32.23,2.75,532.73
56.0661,0.0,0.0,0.0,0.0,0.0,0.0,0.0,0.0,8.58,14.85,15.73,221.32,172.15,40.26,52.36,35.2,0.0,560.45
56.0761,0.0,0.0,0.0,0.0,0.0,0.0,0.0,2.75,7.37,9.9,11.44,230.01,181.17,52.14,65.34,36.63,2.75,594.0
56.0861,0.0,0.0,0.0,0.0,0.0,0.0,0.0,2.75,6.16,8.25,10.01,237.05,188.32,64.79,77.33,39.6,2.75,631.51
56.0961,0.0,0.0,0.0,0.0,0.0,0.0,0.0,0.0,4.84,9.9,8.58,245.85,197.34,79.86,87.78,41.03,0.0,675.18
56.1061,0.0,0.0,0.0,0.0,0.0,0.0,0.0,2.75,3.63,8.25,4.29,251.02,202.73,96.47,101.2,39.6,2.75,707.19
56.1161,0.0,0.0,0.0,0.0,0.0,0.0,0.0,0.0,0.0,4.95,4.29,258.06,208.12,113.08,107.14,42.46,0.0,738.1
56.1261,0.0,0.0,0.0,0.0,0.0,0.0,0.0,0.0,0.0,4.95,0.0,261.58,209.99,126.94,116.27,46.86,0.0,766.59
56.1361,0.0,0.0,0.0,0.0,0.0,0.0,0.0,0.0,0.0,4.95,2.86,265.1,209.99,144.32,127.05,46.86,0.0,801.13
56.1461,0.0,0.0,0.0,0.0,0.0,0.0,0.0,0.0,0.0,3.3,2.86,266.86,206.36,161.81,133.1,48.4,0.0,822.69
56.1561,0.0,0.0,0.0,0.0,0.0,0.0,0.0,0.0,0.0,3.3,0.0,263.34,199.21,177.43,140.8,48.4,0.0,832.48
56.1661,0.0,0.0,0.0,0.0,0.0,0.0,0.0,0.0,0.0,3.3,2.86,252.78,188.32,189.64,142.34,45.43,0.0,824.67
56.1761,3.41,0.0,0.0,0.0,0.0,0.0,0.0,0.0,0.0,4.95,0.0,237.05,175.78,203.5,148.39,45.43,3.41,815.1
56.1861,5.06,0.0,0.0,0.0,0.0,0.0,0.0,0.0,0.0,3.3,2.86,216.15,167.09,215.6,149.93,44.0,5.06,798.93
56.1961,8.58,0.0,0.0,0.0,0.0,0.0,0.0,0.0,0.0,0.0,0.0,193.71,157.41,224.4,154.55,44.0,8.58,774.07
56.2061,13.75,0.0,0.0,0.0,0.0,0.0,0.0,2.75,0.0,4.95,0.0,169.51,149.27,233.53,157.63,42.46,16.5,757.35
56.2161,25.74,0.0,0.0,0.0,0.0,0.0,0.0,0.0,0.0,4.95,2.86,147.07,142.78,239.03,162.25,42.46,25.74,741.4
56.2261,48.18,0.0,0.0,0.0,0.0,0.0,0.0,0.0,0.0,3.3,0.0,128.15,134.64,244.53,163.79,42.46,48.18,716.87
56.2361,77.44,0.0,0.0,0.0,2.75,0.0,0.0,0.0,0.0,3.3,0.0,107.91,124.96,246.4,160.71,41.03,80.19,684.31
56.2461,115.39,0.0,0.0,2.31,0.0,0.0,0.0,0.0,0.0,0.0,2.86,91.52,113.63,251.79,159.17,41.03,117.7,660.0
56.2561,164.34,24.31,6.82,2.31,4.18,0.0,2.86,2.75,0.0,3.3,0.0,72.16,93.5,253.66,154.55,38.06,207.57,615.23
56.2661,164.34,89.43,76.45,4.73,11.11,3.85,5.72,4.07,0.0,4.95,2.86,50.93,67.21,255.53,143.88,36.63,359.7,561.99
56.2761,159.06,100.87,117.04,10.56,9.68,3.85,4.29,5.5,0.0,3.3,2.86,30.25,43.01,235.4,117.81,33.66,410.85,466.29
56.2861,157.3,105.82,130.24,21.23,19.47,5.17,5.72,6.82,0.0,3.3,0.0,28.6,36.41,177.43,63.91,41.03,451.77,350.68
56.2961,148.61,105.82,130.24,35.42,36.19,5.17,8.69,8.25,0.0,3.3,2.86,27.06,31.46,123.42,28.93,67.98,478.39,285.01
56.3061,145.09,109.12,126.94,47.3,45.98,7.81,7.15,8.25,0.0,0.0,0.0,22.22,26.4,55.77,22.0,89.43,497.64,215.82
56.3161,141.57,112.42,130.24,56.76,55.77,6.49,10.12,9.57,0.0,0.0,0.0,19.03,19.8,30.8,22.0,75.57,522.94,167.2
56.3261,139.92,115.72,131.89,65.12,61.6,7.81,8.69,11.0,0.0,3.3,0.0,14.3,14.85,21.34,15.18,45.43,541.75,114.4
56.3361,139.92,119.13,131.89,72.27,67.54,7.81,11.55,12.32,0.0,3.3,0.0,9.46,8.25,12.98,13.75,32.23,562.43,79.97
56.3461,138.16,119.13,130.24,77.99,70.4,9.13,12.98,11.0,0.0,3.3,0.0,6.27,8.25,10.67,11.0,19.03,569.03,58.52
56.3561,134.64,117.37,130.24,82.28,74.8,9.13,14.41,12.32,0.0,0.0,0.0,4.73,3.3,9.46,6.82,8.8,575.19,33.11
56.3661,131.12,115.72,126.94,85.14,77.77,9.13,15.84,12.32,0.0,3.3,0.0,4.73,4.95,9.46,4.07,4.4,573.98,30.91
56.3761,127.6,114.07,123.64,88.0,80.74,9.13,17.38,13.75,0.0,0.0,0.0,4.73,3.3,8.25,5.5,2.86,574.31,24.64
56.3861,118.91,107.47,117.04,93.72,80.74,9.13,18.81,13.75,0.0,0.0,0.0,0.0,3.3,8.25,5.5,4.4,559.57,21.45
56.3961,113.63,100.87,109.12,95.15,83.71,10.45,20.24,15.18,0.0,0.0,0.0,4.73,0.0,7.04,5.5,5.83,548.35,23.1
56.4061,105.05,92.73,101.31,98.01,86.57,9.13,23.1,13.75,0.0,0.0,0.0,4.73,3.3,7.04,4.07,4.4,529.65,23.54
56.4161,94.71,82.94,91.96,105.16,86.57,11.77,24.53,15.18,0.0,0.0,0.0,0.0,3.3,5.83,5.5,5.83,512.82,20.46
56.4261,87.78,76.34,79.53,109.45,88.11,11.77,26.07,15.18,0.0,0.0,0.0,3.08,3.3,4.73,4.07,4.4,494.23,19.58
56.436,79.2,68.2,70.18,115.5,91.08,14.41,28.93,16.5,0.0,0.0,0.0,3.08,0.0,3.52,2.75,4.4,484.0,13.75
56.446,70.51,59.95,64.02,121.66,89.54,17.05,33.22,17.93,0.0,0.0,0.0,3.08,3.3,5.83,2.75,4.4,473.88,19.36
56.456,61.93,53.46,56.54,129.36,95.48,20.9,37.62,19.25,0.0,3.3,0.0,3.08,0.0,5.83,4.07,2.86,474.54,19.14
56.466,55.11,46.97,49.72,137.17,99.88,24.86,43.45,19.25,0.0,0.0,0.0,0.0,0.0,4.73,2.75,4.4,476.41,11.88
56.476,49.94,40.48,42.79,143.33,101.31,32.78,50.6,19.25,0.0,0.0,0.0,3.08,0.0,4.73,4.07,4.4,480.48,16.28
56.486,43.01,30.69,35.86,149.49,107.25,40.59,55.0,22.0,0.0,3.3,0.0,0.0,0.0,4.73,2.75,2.86,483.89,13.64
56.496,37.84,27.5,31.68,151.14,111.87,45.87,63.8,23.43,0.0,0.0,0.0,0.0,0.0,4.73,2.75,0.0,493.13,7.48
56.506,34.43,22.66,27.61,155.76,117.04,56.43,74.25,26.18,0.0,0.0,0.0,0.0,0.0,4.73,2.75,2.86,514.36,10.34
56.516,30.91,16.17,23.43,160.38,125.51,64.9,83.16,26.18,0.0,0.0,0.0,0.0,0.0,4.73,2.75,2.86,530.64,10.34
56.526,27.5,11.33,19.25,163.46,132.33,74.8,92.18,28.93,0.0,0.0,0.0,0.0,0.0,3.52,2.75,2.86,549.78,9.13
56.536,24.09,8.03,15.18,166.54,140.91,86.13,104.06,30.36,0.0,0.0,0.0,0.0,0.0,3.52,0.0,2.86,575.3,6.38
56.546,20.57,6.38,13.75,169.73,145.97,93.17,113.08,33.11,0.0,0.0,0.0,0.0,0.0,4.73,2.75,2.86,595.76,10.34
56.556,17.16,6.38,13.75,174.57,154.55,104.5,121.11,33.11,0.0,0.0,0.0,0.0,0.0,3.52,0.0,2.86,625.13,6.38
56.566,15.4,6.38,12.43,177.87,159.61,116.16,132.33,35.86,0.0,0.0,0.0,0.0,0.0,3.52,2.75,2.86,656.04,9.13
56.576,13.75,6.38,9.57,179.52,163.02,126.94,143.55,37.18,0.0,0.0,0.0,0.0,0.0,4.73,0.0,2.86,679.91,7.59
56.586,10.23,6.38,9.57,185.9,168.19,139.15,154.88,38.61,0.0,0.0,0.0,0.0,0.0,3.52,2.75,2.86,712.91,9.13
56.596,8.58,4.84,9.57,185.9,171.6,152.9,164.45,38.61,0.0,0.0,0.0,0.0,0.0,3.52,2.75,0.0,736.45,6.27
56.606,5.06,3.19,8.25,190.85,171.6,166.76,176.0,41.36,0.0,0.0,0.0,0.0,0.0,0.0,2.75,4.4,763.07,7.15
56.616,0.0,3.19,5.5,189.2,169.84,178.31,186.56,41.36,0.0,0.0,0.0,0.0,0.0,3.52,0.0,4.4,773.96,7.92
56.626,0.0,3.19,5.5,189.2,166.43,196.57,198.77,42.68,0.0,0.0,0.0,0.0,0.0,3.52,0.0,4.4,802.34,7.92
56.636,0.0,4.84,4.07,181.06,159.61,208.23,207.57,42.68,0.0,0.0,0.0,0.0,0.0,2.31,2.75,0.0,808.06,5.06
56.646,0.0,3.19,4.07,169.73,152.79,219.78,216.37,45.54,2.42,0.0,0.0,0.0,0.0,2.31,0.0,2.86,811.47,7.59
56.656,0.0,3.19,2.75,157.3,144.32,229.79,223.41,45.54,3.63,0.0,0.0,0.0,0.0,2.31,0.0,2.86,806.3,8.8
56.666,0.0,3.19,2.75,141.79,132.33,238.04,226.71,46.86,3.63,0.0,0.0,0.0,0.0,2.31,0.0,0.0,791.67,5.94
56.676,0.0,0.0,2.75,121.66,123.86,244.64,233.53,46.86,6.16,0.0,0.0,0.0,0.0,2.31,0.0,2.86,773.3,11.33
56.686,0.0,3.19,2.75,103.73,111.87,253.0,240.35,46.86,15.95,0.0,0.0,0.0,0.0,0.0,0.0,2.86,761.75,18.81
56.696,0.0,3.19,2.75,88.0,98.34,256.3,242.11,46.86,30.8,0.0,0.0,0.0,0.0,2.31,0.0,0.0,737.55,33.11
56.706,0.0,3.19,2.75,70.84,85.14,261.25,242.11,51.04,53.02,3.3,0.0,0.0,0.0,2.31,0.0,0.0,716.32,58.63
56.716,0.0,3.19,0.0,52.03,67.54,264.55,235.29,52.36,91.41,3.3,2.86,0.0,0.0,2.31,0.0,2.86,674.96,102.74
56.726,0.0,3.19,0.0,33.11,47.3,261.25,223.41,57.97,139.81,41.25,7.15,3.08,0.0,3.52,0.0,0.0,626.23,194.81
56.736,0.0,3.19,2.75,20.02,30.58,242.99,191.84,65.34,139.81,146.3,54.34,6.27,3.3,3.52,0.0,0.0,556.71,353.54
56.746,0.0,0.0,4.07,15.29,26.4,188.32,125.84,83.27,134.2,164.45,106.81,7.92,6.6,5.83,0.0,4.4,443.19,430.21
56.756,0.0,4.84,0.0,14.19,23.65,134.53,69.74,113.19,137.06,174.46,120.67,11.11,9.9,7.04,6.82,5.83,360.14,472.89
56.766,0.0,4.84,2.75,11.77,19.47,81.95,33.22,148.72,124.3,169.4,120.67,34.98,11.55,8.25,9.57,7.26,302.72,485.98
56.776,0.0,4.84,2.75,7.04,15.29,30.14,26.07,120.89,114.4,169.4,125.29,50.93,21.45,10.67,8.25,13.2,207.02,513.59
56.786,0.0,4.84,0.0,4.73,11.11,20.9,23.1,69.85,111.54,172.81,125.29,61.71,31.46,10.67,11.0,11.66,134.53,536.14
56.796,0.0,3.19,2.75,4.73,8.36,13.09,15.84,42.68,108.79,172.81,129.91,73.59,38.06,11.77,12.32,13.2,90.64,560.45
56.806,0.0,3.19,0.0,2.31,6.93,10.45,12.98,26.18,104.83,174.46,131.45,79.53,46.31,12.98,11.0,16.06,62.04,576.62
56.816,0.0,0.0,0.0,3.52,5.5,7.81,8.69,12.32,99.44,167.75,129.91,87.01,54.56,14.19,11.0,14.63,37.84,578.49
56.826,0.0,3.19,0.0,3.52,4.18,5.17,7.15,0.0,95.48,167.75,129.91,94.49,57.97,14.19,12.32,17.6,23.21,589.71
56.836,0.0,0.0,0.0,2.31,4.18,6.49,5.72,2.75,90.09,162.8,123.75,100.43,62.59,12.98,15.18,16.06,21.45,583.88
56.846,0.0,0.0,0.0,2.31,4.18,5.17,5.72,0.0,84.7,157.85,119.13,104.94,64.13,12.98,15.18,17.6,17.38,576.51
56.856,0.0,0.0,0.0,2.31,2.75,3.85,5.72,2.75,76.67,146.3,108.35,109.34,68.75,12.98,15.18,19.03,17.38,556.6
56.866,0.0,0.0,0.0,0.0,0.0,3.85,4.29,2.75,71.28,139.7,100.65,112.42,67.21,14.19,16.5,19.03,10.89,540.98
56.876,0.0,0.0,0.0,2.31,2.75,3.85,4.29,2.75,66.0,131.56,91.3,118.69,70.29,15.4,16.5,17.6,15.95,527.34
56.886,0.0,0.0,0.0,0.0,2.75,3.85,4.29,2.75,59.29,118.36,81.95,123.42,74.91,12.98,15.18,20.46,13.64,506.55
56.896,0.0,0.0,0.0,2.31,2.75,2.53,4.29,0.0,53.02,111.76,74.25,128.15,74.91,15.4,17.93,20.46,11.88,495.88
56.906,0.0,0.0,0.0,2.31,2.75,0.0,2.86,2.75,46.86,97.9,66.44,134.42,81.18,15.4,17.93,20.46,10.67,480.59
56.916,0.0,0.0,0.0,0.0,2.75,0.0,0.0,0.0,41.91,87.12,58.74,140.8,82.72,17.71,16.5,20.46,2.75,465.96
56.926,0.0,0.0,0.0,0.0,0.0,3.85,2.86,0.0,35.75,77.88,55.77,148.72,87.34,16.61,17.93,23.43,6.71,463.43
56.936,0.0,0.0,0.0,0.0,0.0,2.53,2.86,2.75,30.8,68.64,51.48,154.99,90.42,17.71,20.68,23.43,8.14,458.15
56.946,0.0,0.0,0.0,0.0,0.0,2.53,2.86,0.0,25.85,60.94,47.19,161.26,98.23,20.13,19.25,24.86,5.39,457.71
56.956,0.0,0.0,0.0,0.0,0.0,0.0,0.0,0.0,20.9,52.8,41.47,171.27,105.93,20.13,20.68,26.4,0.0,459.58
56.966,0.0,0.0,0.0,0.0,0.0,2.53,0.0,0.0,18.48,44.55,37.18,183.37,115.28,21.34,24.75,23.43,2.53,468.38
56.976,0.0,0.0,0.0,0.0,0.0,0.0,0.0,0.0,15.95,37.95,30.03,195.47,124.96,23.65,23.43,26.4,0.0,477.84
56.986,0.0,0.0,0.0,0.0,0.0,2.53,0.0,2.75,12.32,29.7,27.17,210.98,134.64,23.65,28.93,29.26,5.28,496.65
56.996,0.0,0.0,0.0,0.0,0.0,0.0,0.0,0.0,9.79,21.45,22.88,224.84,145.97,30.8,37.18,33.66,0.0,526.57
57.006,0.0,0.0,0.0,0.0,0.0,0.0,0.0,2.75,8.58,16.5,17.16,230.01,155.76,42.68,46.86,36.63,2.75,554.18
57.016,0.0,0.0,0.0,0.0,0.0,0.0,0.0,2.75,7.37,14.85,12.87,240.57,167.09,54.56,55.11,38.06,2.75,590.48
57.026,0.0,0.0,0.0,0.0,0.0,0.0,0.0,2.75,6.16,9.9,10.01,247.61,172.15,70.84,68.31,39.6,2.75,624.58
57.036,0.0,0.0,0.0,0.0,0.0,0.0,0.0,2.75,6.16,8.25,8.58,251.02,184.8,87.34,77.33,41.03,2.75,664.51
57.046,0.0,0.0,0.0,0.0,0.0,2.53,0.0,2.75,4.84,9.9,7.15,258.06,188.32,99.44,90.75,42.46,5.28,700.92
57.056,0.0,0.0,0.0,0.0,0.0,0.0,0.0,2.75,2.42,8.25,4.29,259.82,197.34,114.73,101.2,44.0,2.75,732.05
57.066,0.0,0.0,0.0,0.0,0.0,0.0,0.0,0.0,0.0,6.6,4.29,263.34,200.97,130.46,111.65,45.43,0.0,762.74
57.076,0.0,0.0,0.0,0.0,0.0,0.0,0.0,2.75,0.0,6.6,2.86,263.34,200.97,147.84,117.81,48.4,2.75,787.82
57.086,0.0,0.0,0.0,0.0,0.0,0.0,0.0,0.0,0.0,3.3,0.0,265.1,199.21,165.33,127.05,49.83,0.0,809.82
57.096,0.0,0.0,0.0,0.0,0.0,0.0,0.0,2.75,0.0,6.6,0.0,261.58,197.34,180.95,130.02,49.83,2.75,826.32
57.106,0.0,0.0,0.0,0.0,0.0,0.0,0.0,0.0,0.0,4.95,2.86,252.78,190.19,187.88,136.18,48.4,0.0,823.24
57.116,0.0,0.0,0.0,0.0,0.0,0.0,0.0,2.75,0.0,4.95,2.86,240.57,175.78,201.74,140.8,46.86,2.75,813.56
57.126,6.82,0.0,0.0,0.0,0.0,0.0,0.0,2.75,0.0,4.95,2.86,226.49,168.74,212.19,140.8,44.0,9.57,800.03
57.136,6.82,0.0,0.0,0.0,0.0,0.0,0.0,2.75,0.0,3.3,2.86,209.22,160.6,220.88,148.39,45.43,9.57,790.68
57.146,8.58,0.0,0.0,0.0,0.0,0.0,0.0,2.75,0.0,4.95,0.0,188.54,150.92,231.77,153.01,42.46,11.33,771.65
57.156,11.99,0.0,0.0,0.0,0.0,0.0,0.0,0.0,0.0,3.3,2.86,167.75,144.43,239.03,154.55,44.0,11.99,755.92
57.166,18.92,0.0,0.0,0.0,0.0,0.0,0.0,2.75,0.0,3.3,2.86,147.07,137.94,250.03,157.63,44.0,21.67,742.83
57.176,34.43,0.0,0.0,0.0,0.0,0.0,0.0,0.0,0.0,4.95,2.86,129.69,131.45,255.53,157.63,44.0,34.43,726.11
57.186,58.52,0.0,0.0,0.0,0.0,0.0,0.0,0.0,0.0,3.3,2.86,113.96,121.66,259.16,160.71,42.46,58.52,704.11
57.196,86.02,0.0,0.0,2.31,2.75,0.0,0.0,0.0,0.0,3.3,2.86,95.92,113.63,262.79,154.55,39.6,91.08,672.65
57.206,138.16,3.19,4.07,2.31,2.75,0.0,0.0,0.0,0.0,0.0,2.86,81.07,93.5,264.66,154.55,42.46,150.48,639.1
57.216,153.89,69.74,49.72,5.83,11.11,3.85,5.72,4.07,0.0,0.0,2.86,61.71,74.91,264.66,146.96,41.03,303.93,592.13
57.226,150.37,92.73,102.85,22.44,26.4,5.17,7.15,6.82,0.0,3.3,0.0,38.17,47.96,262.79,127.05,38.06,413.93,517.33
57.236,150.37,97.68,120.34,31.9,40.37,6.49,7.15,8.25,0.0,4.95,2.86,28.6,36.41,219.12,80.3,36.63,462.55,408.87
57.246,143.33,97.68,125.29,44.88,57.2,7.81,8.69,8.25,0.0,4.95,0.0,28.6,34.76,160.05,39.93,46.86,493.13,315.15
57.256,138.16,100.87,125.29,55.55,63.03,6.49,10.12,9.57,0.0,4.95,0.0,23.87,31.46,103.95,24.75,74.14,509.08,263.12
57.266,138.16,105.82,125.29,66.55,73.37,7.81,10.12,11.0,0.0,0.0,0.0,20.68,24.75,42.68,20.68,83.27,538.12,192.06
57.276,138.16,109.12,126.94,73.7,76.34,7.81,10.12,9.57,0.0,0.0,0.0,15.84,18.15,29.59,20.68,61.82,551.76,146.08
57.286,138.16,110.77,126.94,79.42,77.77,7.81,11.55,12.32,0.0,0.0,0.0,12.65,13.2,21.34,16.5,39.6,564.74,103.29
57.296,138.16,110.77,125.29,83.71,82.17,9.13,11.55,11.0,0.0,4.95,0.0,9.46,8.25,12.98,13.75,30.8,571.78,80.19
57.306,136.4,114.07,121.99,88.0,85.14,9.13,11.55,12.32,0.0,0.0,0.0,6.27,6.6,10.67,11.0,17.6,578.6,52.14
57.316,132.88,114.07,118.69,93.72,86.57,9.13,11.55,13.75,0.0,0.0,0.0,6.27,6.6,10.67,8.25,10.23,580.36,42.02
57.326,129.36,110.77,117.04,98.01,88.11,10.45,12.98,13.75,0.0,0.0,0.0,4.73,0.0,9.46,5.5,4.4,580.47,24.09
57.336,125.84,107.47,112.2,100.87,92.51,9.13,12.98,12.32,0.0,0.0,0.0,4.73,3.3,8.25,4.07,4.4,573.32,24.75
57.346,120.67,104.17,107.58,103.73,92.51,9.13,12.98,13.75,0.0,3.3,0.0,0.0,3.3,7.04,5.5,4.4,564.52,23.54
57.356,113.63,99.22,101.31,106.59,95.48,9.13,14.41,13.75,0.0,3.3,0.0,3.08,0.0,7.04,4.07,4.4,553.52,21.89
57.366,108.46,92.73,96.69,112.42,96.91,10.45,15.84,15.18,0.0,0.0,0.0,4.73,0.0,7.04,4.07,2.86,548.68,18.7
57.376,101.53,86.13,87.34,115.5,98.34,10.45,18.81,13.75,0.0,0.0,0.0,3.08,0.0,5.83,5.5,4.4,531.85,18.81
57.386,92.95,77.99,82.72,121.66,99.88,11.77,20.24,13.75,0.0,3.3,0.0,3.08,0.0,7.04,5.5,4.4,520.96,23.32
57.396,86.02,71.39,76.45,124.74,102.85,10.45,21.67,16.5,0.0,3.3,0.0,3.08,0.0,5.83,4.07,2.86,510.07,19.14
57.406,77.44,64.9,68.64,129.36,105.71,13.09,24.53,16.5,0.0,3.3,0.0,3.08,0.0,5.83,4.07,2.86,500.17,19.14
57.416,72.27,58.3,65.56,135.63,108.68,15.73,28.93,16.5,0.0,0.0,0.0,3.08,0.0,3.52,4.07,2.86,501.6,13.53
57.426,65.34,51.81,59.4,140.25,111.87,18.26,33.22,16.5,0.0,0.0,0.0,3.08,0.0,5.83,4.07,2.86,496.65,15.84
57.436,58.52,46.97,53.79,146.41,117.04,23.54,39.05,19.25,0.0,0.0,0.0,0.0,0.0,5.83,0.0,0.0,504.57,5.83
57.446,51.59,40.48,49.72,149.49,120.45,28.82,46.31,20.68,0.0,0.0,0.0,0.0,0.0,3.52,0.0,0.0,507.54,3.52
57.456,46.42,33.99,44.11,158.84,125.51,34.1,52.14,22.0,0.0,0.0,0.0,0.0,0.0,4.73,2.75,0.0,517.11,7.48
57.466,43.01,29.15,37.29,163.46,130.68,43.23,59.4,23.43,0.0,3.3,0.0,0.0,0.0,4.73,0.0,2.86,529.65,10.89
57.476,37.84,24.31,33.11,168.19,139.15,51.15,68.31,23.43,0.0,0.0,0.0,0.0,0.0,3.52,2.75,2.86,545.49,9.13
57.486,32.67,19.36,26.18,174.57,144.32,62.15,77.22,26.18,0.0,0.0,0.0,0.0,0.0,4.73,0.0,0.0,562.65,4.73
57.496,30.91,14.52,22.0,176.22,149.38,70.62,84.7,28.93,0.0,0.0,0.0,0.0,0.0,4.73,0.0,2.86,577.28,7.59
57.506,27.5,9.68,16.5,182.71,157.96,81.95,95.15,27.5,0.0,0.0,0.0,0.0,0.0,4.73,2.75,2.86,598.95,10.34
57.516,24.09,8.03,16.5,185.9,161.37,93.17,105.6,30.36,0.0,0.0,0.0,0.0,0.0,3.52,2.75,2.86,625.02,9.13
57.526,18.92,4.84,15.18,192.39,166.43,104.5,114.62,30.36,0.0,0.0,0.0,0.0,0.0,3.52,2.75,2.86,647.24,9.13
57.536,17.16,6.38,13.75,197.23,171.6,117.7,125.84,33.11,0.0,0.0,0.0,0.0,0.0,4.73,0.0,4.4,682.77,9.13
57.546,11.99,6.38,12.43,200.53,175.12,131.45,138.71,34.43,0.0,0.0,0.0,0.0,0.0,4.73,0.0,2.86,711.04,7.59
57.556,11.99,4.84,9.57,205.37,178.64,145.31,151.58,35.86,0.0,0.0,0.0,0.0,0.0,3.52,0.0,0.0,743.16,3.52
57.566,6.82,4.84,8.25,208.56,178.64,160.6,164.45,37.18,0.0,0.0,0.0,0.0,0.0,3.52,0.0,2.86,769.34,6.38
57.576,3.41,3.19,5.5,207.02,176.88,176.66,174.24,37.18,0.0,3.3,0.0,0.0,0.0,2.31,0.0,2.86,784.08,8.47
57.586,0.0,3.19,4.07,208.56,171.6,193.27,184.8,38.61,2.42,0.0,0.0,0.0,0.0,2.31,0.0,2.86,804.1,7.59
57.596,0.0,3.19,4.07,203.72,163.02,204.82,197.12,39.93,9.79,0.0,0.0,0.0,0.0,2.31,0.0,0.0,815.87,12.1
57.606,0.0,3.19,2.75,194.04,156.2,219.78,205.81,41.36,3.63,0.0,0.0,0.0,0.0,2.31,0.0,0.0,823.13,5.94
57.616,0.0,3.19,2.75,181.06,145.97,231.44,212.85,41.36,4.84,0.0,0.0,0.0,0.0,2.31,0.0,0.0,818.62,7.15
57.626,0.0,3.19,4.07,165.0,132.33,239.69,219.89,44.11,6.16,3.3,0.0,0.0,0.0,2.31,0.0,0.0,808.28,11.77
57.636,0.0,3.19,2.75,144.87,120.45,251.35,225.06,42.68,9.79,0.0,0.0,0.0,0.0,2.31,0.0,0.0,790.35,12.1
57.646,0.0,3.19,4.07,123.2,108.68,257.95,230.12,44.11,17.16,0.0,0.0,0.0,0.0,0.0,0.0,0.0,771.32,17.16
57.656,0.0,0.0,4.07,106.59,96.91,264.55,230.12,42.68,30.8,0.0,0.0,0.0,0.0,0.0,0.0,0.0,744.92,30.8
57.666,0.0,3.19,2.75,88.0,82.17,269.5,231.88,44.11,51.7,3.3,0.0,0.0,0.0,0.0,0.0,0.0,721.6,55.0
57.676,0.0,3.19,2.75,66.55,68.97,274.45,226.71,46.86,79.31,3.3,2.86,0.0,0.0,2.31,0.0,0.0,689.48,87.78
57.686,0.0,3.19,0.0,48.4,47.3,274.45,218.13,48.29,122.87,8.25,2.86,3.08,0.0,2.31,0.0,0.0,639.76,139.37
57.696,0.0,4.84,4.07,25.96,30.58,269.5,195.36,53.79,132.77,126.61,35.75,3.08,4.95,4.73,2.75,0.0,584.1,310.64
57.706,0.0,3.19,0.0,18.92,26.4,223.08,140.36,69.85,128.59,156.2,100.65,7.92,6.6,4.73,4.07,2.86,481.8,411.62
57.716,0.0,3.19,0.0,15.29,23.65,155.98,83.16,93.72,129.91,167.75,120.67,14.3,9.9,7.04,4.07,7.26,374.99,460.9
57.726,0.0,4.84,0.0,12.98,20.9,105.93,40.48,137.83,120.01,167.75,117.59,36.63,13.2,7.04,9.57,8.8,322.96,480.59
57.736,0.0,4.84,0.0,10.56,15.29,40.59,26.07,139.37,106.15,166.1,119.13,60.17,19.8,10.67,11.0,11.66,236.72,504.68
57.746,0.0,4.84,2.75,7.04,12.54,23.54,23.1,93.72,99.44,167.75,119.13,76.56,34.76,10.67,11.0,14.63,167.53,533.94
57.756,0.0,3.19,0.0,4.73,8.36,18.26,18.81,53.79,95.48,166.1,122.21,91.52,44.66,14.19,12.32,16.06,107.14,562.54
57.766,0.0,3.19,0.0,3.52,8.36,10.45,12.98,35.86,92.73,166.1,123.75,99.0,54.56,14.19,12.32,16.06,74.36,578.71
57.776,0.0,3.19,0.0,2.31,5.5,9.13,10.12,20.68,87.34,162.8,125.29,106.37,61.05,12.98,15.18,16.06,50.93,587.07
57.786,0.0,0.0,0.0,3.52,2.75,6.49,7.15,6.82,84.7,161.15,125.29,109.34,67.21,14.19,16.5,19.03,26.73,597.41
57.796,0.0,0.0,0.0,3.52,4.18,5.17,5.72,0.0,80.74,159.5,120.67,115.5,68.75,15.4,16.5,17.6,18.59,594.66
57.806,0.0,0.0,0.0,2.31,4.18,3.85,4.29,2.75,75.35,152.9,114.51,117.15,73.37,15.4,16.5,19.03,17.38,584.21
57.816,0.0,0.0,0.0,0.0,0.0,3.85,5.72,2.75,69.96,144.65,103.73,120.23,73.37,16.61,16.5,19.03,12.32,564.08
57.826,0.0,0.0,0.0,2.31,0.0,3.85,4.29,2.75,64.57,136.51,94.38,126.61,76.45,15.4,16.5,19.03,13.2,549.45
57.836,0.0,0.0,0.0,2.31,2.75,2.53,4.29,2.75,59.29,124.96,83.49,129.69,78.1,14.19,17.93,20.46,14.63,528.11
57.846,0.0,0.0,0.0,2.31,2.75,3.85,4.29,2.75,55.44,116.71,74.25,134.42,78.1,17.71,16.5,19.03,15.95,512.16
57.856,0.0,0.0,0.0,0.0,0.0,2.53,2.86,2.75,50.49,108.68,67.98,136.07,78.1,16.61,17.93,22.0,8.14,497.86
57.8659,0.0,0.0,0.0,0.0,2.75,2.53,2.86,0.0,44.33,97.9,60.28,143.99,81.18,16.61,19.25,22.0,8.14,485.54
57.8759,0.0,0.0,0.0,0.0,0.0,0.0,2.86,0.0,38.17,87.12,52.91,151.8,81.18,17.71,19.25,22.0,2.86,470.14
57.8859,0.0,0.0,0.0,0.0,0.0,3.85,2.86,0.0,33.22,74.8,48.62,154.99,88.88,17.71,19.25,22.0,6.71,459.47
57.8959,0.0,0.0,0.0,0.0,0.0,0.0,2.86,0.0,28.27,67.1,44.33,162.91,95.04,17.71,20.68,23.43,2.86,459.47
57.9059,0.0,0.0,0.0,0.0,0.0,0.0,0.0,2.75,24.64,59.4,38.61,171.27,99.77,20.13,22.0,24.86,2.75,460.68
57.9159,0.0,0.0,0.0,0.0,0.0,0.0,2.86,0.0,20.9,51.15,34.32,181.61,107.47,21.34,20.68,26.4,2.86,463.87
57.9259,0.0,0.0,0.0,0.0,0.0,2.53,0.0,0.0,17.16,46.2,32.89,191.95,113.63,21.34,24.75,27.83,2.53,475.75
57.9359,0.0,0.0,0.0,0.0,0.0,0.0,0.0,0.0,14.74,39.6,28.6,204.05,121.66,23.65,26.18,27.83,0.0,486.31
57.9459,0.0,0.0,0.0,0.0,0.0,0.0,0.0,2.75,12.32,31.35,25.74,214.39,133.1,23.65,27.5,27.83,2.75,495.88
57.9559,0.0,0.0,0.0,0.0,0.0,0.0,0.0,2.75,11.0,26.4,21.45,224.84,141.13,28.38,33.11,30.8,2.75,517.11
57.9659,0.0,0.0,0.0,0.0,0.0,2.53,0.0,0.0,9.79,23.1,18.59,235.29,149.27,35.53,38.61,30.8,2.53,540.98
57.9759,0.0,0.0,0.0,0.0,0.0,0.0,0.0,2.75,8.58,16.5,14.3,244.09,157.41,46.2,44.11,33.66,2.75,564.85
57.9859,0.0,0.0,0.0,0.0,0.0,0.0,0.0,2.75,7.37,13.2,11.44,251.02,163.9,55.77,55.11,38.06,2.75,595.87
57.9959,0.0,0.0,0.0,0.0,0.0,0.0,0.0,0.0,6.16,9.9,8.58,258.06,172.15,70.84,63.91,39.6,0.0,629.2
58.0059,0.0,0.0,0.0,0.0,0.0,0.0,0.0,2.75,6.16,9.9,8.58,263.34,179.3,85.91,75.79,39.6,2.75,668.58
58.0159,0.0,0.0,0.0,0.0,0.0,0.0,0.0,0.0,3.63,6.6,5.72,266.86,188.32,97.9,87.78,42.46,0.0,699.27
58.0259,0.0,0.0,0.0,0.0,0.0,0.0,0.0,0.0,2.42,6.6,4.29,270.38,190.19,113.08,98.23,42.46,0.0,727.65
58.0359,0.0,0.0,0.0,0.0,0.0,0.0,0.0,2.75,0.0,6.6,2.86,272.14,197.34,130.46,105.71,46.86,2.75,761.97
58.0459,0.0,0.0,0.0,0.0,0.0,0.0,0.0,0.0,0.0,6.6,2.86,273.9,199.21,140.91,114.73,46.86,0.0,785.07
58.0559,0.0,0.0,0.0,0.0,0.0,0.0,0.0,0.0,0.0,4.95,2.86,273.9,195.58,160.05,122.43,48.4,0.0,808.17
58.0659,0.0,0.0,2.75,0.0,0.0,0.0,0.0,0.0,0.0,3.3,0.0,272.14,195.58,172.26,130.02,48.4,2.75,821.7
58.0759,0.0,0.0,0.0,0.0,0.0,0.0,0.0,2.75,0.0,4.95,2.86,263.34,182.93,186.12,133.1,46.86,2.75,820.16
58.0859,0.0,0.0,0.0,0.0,0.0,0.0,0.0,0.0,0.0,4.95,0.0,254.54,175.78,198.22,133.1,44.0,0.0,810.59
58.0959,0.0,0.0,0.0,0.0,0.0,0.0,0.0,0.0,0.0,3.3,2.86,240.57,165.44,208.67,137.72,45.43,0.0,803.99
58.1059,0.0,0.0,0.0,0.0,0.0,0.0,0.0,0.0,0.0,4.95,0.0,224.84,157.41,217.36,140.8,45.43,0.0,790.79
58.1159,5.06,0.0,0.0,0.0,0.0,0.0,0.0,0.0,0.0,0.0,0.0,209.22,149.27,224.4,143.88,44.0,5.06,770.77
58.1259,10.23,0.0,0.0,0.0,0.0,0.0,0.0,0.0,0.0,3.3,0.0,190.19,142.78,229.9,148.39,42.46,10.23,757.02
58.1359,15.4,0.0,0.0,0.0,0.0,0.0,0.0,0.0,0.0,4.95,0.0,171.27,134.64,237.16,148.39,42.46,15.4,738.87
58.1459,29.26,0.0,0.0,0.0,0.0,0.0,0.0,0.0,0.0,3.3,2.86,151.8,124.96,244.53,151.47,42.46,29.26,721.38
58.1559,55.11,0.0,0.0,0.0,0.0,0.0,0.0,0.0,0.0,3.3,0.0,134.42,118.47,248.16,151.47,44.0,55.11,699.82
58.1659,84.37,0.0,0.0,0.0,2.75,2.53,0.0,0.0,0.0,0.0,0.0,117.15,110.55,253.66,146.96,41.03,89.65,669.35
58.1759,134.64,0.0,0.0,2.31,4.18,2.53,0.0,0.0,0.0,4.95,0.0,97.46,95.04,257.29,145.42,39.6,143.66,639.76
58.1859,180.4,22.66,6.82,3.52,4.18,2.53,0.0,0.0,0.0,0.0,0.0,78.1,71.83,262.79,137.72,38.06,220.11,588.5
58.1959,182.16,100.87,73.37,3.52,11.11,3.85,4.29,4.07,0.0,0.0,2.86,50.93,49.61,266.42,119.35,38.06,383.24,527.23
58.2059,176.77,109.12,117.04,16.5,13.86,3.85,4.29,6.82,0.0,0.0,0.0,33.44,39.71,237.16,80.3,35.2,448.25,425.81
58.2159,180.4,114.07,131.89,29.48,26.4,5.17,7.15,6.82,0.0,3.3,2.86,30.25,33.11,173.91,38.61,44.0,501.38,326.04
58.2259,171.38,114.07,135.08,42.57,43.12,5.17,7.15,9.57,0.0,3.3,2.86,27.06,31.46,116.49,26.18,69.52,528.11,276.87
58.2359,167.86,117.37,135.08,50.82,52.91,6.49,7.15,9.57,0.0,3.3,0.0,20.68,26.4,52.14,23.43,74.14,547.25,200.09
58.2459,166.1,119.13,136.73,59.4,57.2,6.49,8.69,11.0,0.0,3.3,0.0,19.03,19.8,32.01,20.68,51.26,564.74,146.08
58.2559,166.1,120.78,136.73,63.69,61.6,6.49,10.12,11.0,0.0,0.0,0.0,14.3,13.2,23.65,16.5,33.66,576.51,101.31
58.2659,164.34,122.43,138.38,70.84,68.97,6.49,10.12,12.32,0.0,3.3,0.0,9.46,8.25,14.19,12.32,27.83,593.89,75.35
58.2759,162.58,122.43,138.38,73.7,71.94,6.49,10.12,9.57,0.0,3.3,0.0,6.27,8.25,10.67,11.0,20.46,595.21,59.95
58.2859,159.06,124.08,136.73,76.56,74.8,7.81,10.12,11.0,0.0,3.3,0.0,6.27,4.95,10.67,6.82,7.26,600.16,39.27
58.2959,155.54,120.78,133.43,79.42,76.34,7.81,11.55,13.75,0.0,0.0,0.0,4.73,3.3,8.25,4.07,4.4,598.62,24.75
58.3059,150.37,115.72,133.43,82.28,79.31,9.13,11.55,12.32,0.0,0.0,0.0,6.27,3.3,8.25,5.5,2.86,594.11,26.18
58.3159,145.09,112.42,130.24,82.28,82.17,7.81,12.98,12.32,0.0,3.3,0.0,4.73,0.0,8.25,2.75,5.83,585.31,24.86
58.3259,138.16,107.47,126.94,83.71,82.17,9.13,12.98,13.75,0.0,3.3,0.0,4.73,0.0,7.04,4.07,2.86,574.31,22.0
58.3359,131.12,100.87,118.69,85.14,83.71,7.81,12.98,12.32,0.0,3.3,0.0,4.73,0.0,5.83,2.75,2.86,552.64,19.47
58.3459,122.43,94.38,113.85,85.14,86.57,7.81,14.41,13.75,0.0,0.0,0.0,4.73,0.0,7.04,5.5,4.4,538.34,21.67
58.3559,115.39,89.43,107.58,90.86,86.57,9.13,14.41,13.75,0.0,0.0,0.0,3.08,0.0,7.04,2.75,4.4,527.12,17.27
58.3659,108.46,82.94,98.23,92.29,88.11,9.13,15.84,15.18,0.0,0.0,0.0,3.08,0.0,5.83,4.07,4.4,510.18,17.38
58.3759,99.88,76.34,91.96,98.01,89.54,9.13,15.84,13.75,0.0,0.0,0.0,0.0,0.0,4.73,2.75,2.86,494.45,10.34
58.3859,92.95,69.74,82.72,100.87,92.51,9.13,17.38,15.18,0.0,3.3,0.0,0.0,0.0,5.83,0.0,0.0,480.48,9.13
58.3959,84.37,63.25,77.99,106.59,96.91,10.45,23.1,15.18,0.0,0.0,0.0,3.08,0.0,5.83,4.07,2.86,477.84,15.84
58.4059,77.44,56.65,73.37,112.42,101.31,11.77,26.07,16.5,0.0,0.0,0.0,3.08,0.0,4.73,4.07,0.0,475.53,11.88
58.4159,70.51,51.81,67.1,118.58,105.71,15.73,30.36,17.93,0.0,3.3,0.0,3.08,0.0,4.73,4.07,0.0,477.73,15.18
58.4259,63.69,45.32,60.94,126.28,108.68,18.26,40.48,19.25,0.0,0.0,0.0,3.08,0.0,3.52,4.07,4.4,482.9,15.07
58.4359,56.76,38.83,56.54,132.55,118.69,24.86,46.31,20.68,0.0,0.0,0.0,0.0,0.0,4.73,4.07,0.0,495.22,8.8
58.4459,49.94,33.99,53.79,137.17,127.27,31.46,56.43,22.0,0.0,0.0,0.0,0.0,0.0,4.73,4.07,2.86,512.05,11.66
58.4559,44.77,27.5,49.72,143.33,135.74,40.59,65.34,23.43,0.0,0.0,0.0,3.08,0.0,3.52,0.0,0.0,530.42,6.6
58.4659,39.6,22.66,42.79,151.14,144.32,51.15,77.22,26.18,0.0,0.0,0.0,0.0,0.0,3.52,2.75,2.86,555.06,9.13
58.4759,34.43,19.36,38.61,154.22,151.14,60.72,87.67,28.93,0.0,3.3,0.0,0.0,0.0,3.52,2.75,2.86,575.08,12.43
58.4859,32.67,14.52,31.68,161.92,159.61,72.05,98.12,30.36,0.0,0.0,0.0,0.0,0.0,3.52,2.75,2.86,600.93,9.13
58.4959,29.26,11.33,26.18,168.19,166.43,81.95,108.57,31.68,0.0,3.3,0.0,0.0,0.0,3.52,0.0,2.86,623.59,9.68
58.5059,25.74,8.03,20.68,174.57,173.36,93.17,121.11,34.43,0.0,0.0,0.0,0.0,0.0,2.31,2.75,2.86,651.09,7.92
58.5159,22.33,6.38,15.18,179.52,178.64,105.93,133.98,35.86,0.0,0.0,0.0,0.0,0.0,2.31,2.75,0.0,677.82,5.06
58.5259,18.92,6.38,15.18,184.36,187.33,117.7,145.2,37.18,0.0,0.0,0.0,0.0,0.0,4.73,0.0,0.0,712.25,4.73
58.5359,15.4,6.38,11.0,189.2,190.85,132.99,158.07,37.18,0.0,0.0,0.0,0.0,0.0,3.52,0.0,0.0,741.07,3.52
58.5459,10.23,4.84,11.0,192.39,194.26,146.85,169.29,39.93,0.0,0.0,0.0,0.0,0.0,3.52,0.0,0.0,768.79,3.52
58.5559,6.82,4.84,9.57,194.04,196.02,160.6,181.28,41.36,3.63,0.0,0.0,0.0,0.0,3.52,0.0,0.0,794.53,7.15
58.5659,3.41,4.84,6.82,194.04,196.02,175.01,191.84,41.36,3.63,0.0,0.0,0.0,0.0,2.31,0.0,0.0,813.34,5.94
58.5759,0.0,3.19,6.82,190.85,192.61,186.67,205.81,44.11,3.63,0.0,0.0,0.0,0.0,3.52,0.0,0.0,830.06,7.15
58.5859,0.0,3.19,4.07,184.36,182.05,201.52,214.61,44.11,3.63,0.0,0.0,0.0,0.0,2.31,2.75,0.0,833.91,8.69
58.5959,0.0,4.84,4.07,171.38,169.84,213.18,223.41,45.54,6.16,0.0,0.0,0.0,0.0,2.31,0.0,2.86,832.26,11.33
58.6059,0.0,3.19,4.07,157.3,156.2,221.43,228.47,46.86,7.37,0.0,0.0,0.0,0.0,2.31,0.0,0.0,817.52,9.68
58.6159,0.0,3.19,4.07,138.71,142.56,233.09,233.53,45.54,12.32,0.0,0.0,0.0,0.0,2.31,0.0,2.86,800.69,17.49
58.6259,0.0,0.0,4.07,115.5,125.51,239.69,238.7,46.86,22.11,0.0,0.0,0.0,0.0,0.0,0.0,0.0,770.33,22.11
58.6359,0.0,0.0,4.07,96.58,113.63,244.64,240.35,46.86,36.96,0.0,0.0,0.0,0.0,2.31,0.0,0.0,746.13,39.27
58.6459,0.0,3.19,2.75,79.42,98.34,247.94,242.11,48.29,57.97,3.3,0.0,0.0,0.0,2.31,0.0,0.0,722.04,63.58
58.6559,0.0,0.0,2.75,57.97,80.74,253.0,238.7,48.29,92.73,3.3,0.0,0.0,0.0,2.31,0.0,0.0,681.45,98.34
58.6659,0.0,3.19,2.75,40.15,60.17,251.35,233.53,51.04,132.77,42.9,5.72,4.73,0.0,3.52,0.0,0.0,642.18,189.64
58.6759,0.0,3.19,2.75,22.44,38.94,246.29,214.61,55.11,131.34,136.51,48.62,4.73,4.95,4.73,2.75,2.86,583.33,336.49
58.6859,0.0,3.19,2.75,17.71,27.83,208.23,161.26,63.91,122.87,152.9,89.76,7.92,4.95,5.83,0.0,4.4,484.88,388.63
58.6959,0.0,4.84,4.07,12.98,23.65,148.39,96.58,84.7,122.87,161.15,99.0,12.65,6.6,5.83,6.82,4.4,375.21,419.32
58.7059,0.0,4.84,2.75,11.77,20.9,103.07,43.45,127.05,112.97,162.8,102.19,28.6,9.9,8.25,5.5,7.26,313.83,437.47
58.7159,0.0,4.84,2.75,9.46,15.29,43.23,27.5,136.29,106.15,162.8,106.81,47.74,16.5,8.25,11.0,7.26,239.36,466.51
58.7259,0.0,4.84,0.0,5.83,12.54,23.54,21.67,87.78,103.51,164.45,111.43,63.14,28.05,9.46,11.0,11.66,156.2,502.7
58.7359,0.0,4.84,2.75,4.73,8.36,17.05,17.38,48.29,102.08,169.4,116.05,69.08,36.41,10.67,13.75,14.63,103.4,532.07
58.7459,0.0,3.19,0.0,3.52,6.93,11.77,12.98,33.11,100.76,172.81,119.13,79.53,41.36,11.77,11.0,14.63,71.5,550.99
58.7559,0.0,3.19,2.75,0.0,4.18,9.13,10.12,16.5,99.44,172.81,119.13,84.04,47.96,11.77,12.32,14.63,45.87,562.1
58.7659,0.0,3.19,0.0,2.31,4.18,6.49,8.69,4.07,96.8,172.81,120.67,89.98,52.91,11.77,13.75,14.63,28.93,573.32
58.7759,0.0,0.0,0.0,0.0,2.75,3.85,7.15,2.75,92.73,171.05,119.13,95.92,56.21,12.98,13.75,16.06,16.5,577.83
58.7859,0.0,0.0,0.0,2.31,2.75,3.85,5.72,2.75,87.34,164.45,114.51,101.97,56.21,11.77,15.18,16.06,17.38,567.49
58.7959,0.0,0.0,2.75,0.0,2.75,3.85,5.72,2.75,82.06,161.15,108.35,104.94,62.59,14.19,13.75,17.6,17.82,564.63
58.8059,0.0,0.0,0.0,0.0,4.18,3.85,4.29,0.0,76.67,154.55,102.19,109.34,64.13,12.98,15.18,17.6,12.32,552.64
58.8159,0.0,0.0,0.0,2.31,2.75,3.85,4.29,2.75,71.28,147.95,99.0,110.88,67.21,15.4,13.75,17.6,15.95,543.07
58.8259,0.0,0.0,0.0,0.0,0.0,3.85,4.29,2.75,67.32,141.35,91.3,115.5,67.21,14.19,16.5,17.6,10.89,530.97
58.8359,0.0,0.0,0.0,2.31,0.0,3.85,4.29,2.75,61.93,134.86,83.49,120.23,68.75,14.19,13.75,17.6,13.2,514.8
58.8459,0.0,0.0,0.0,2.31,0.0,2.53,0.0,0.0,55.44,123.31,74.25,124.96,70.29,16.61,15.18,19.03,4.84,499.07
58.8559,0.0,0.0,0.0,0.0,2.75,2.53,2.86,0.0,51.7,116.71,71.06,129.69,71.83,14.19,16.5,17.6,8.14,489.28
58.8659,0.0,0.0,0.0,0.0,0.0,3.85,2.86,0.0,45.54,105.6,66.44,131.34,74.91,16.61,17.93,20.46,6.71,478.83
58.8759,0.0,0.0,0.0,0.0,0.0,2.53,2.86,0.0,41.91,97.9,61.82,137.61,76.45,16.61,17.93,20.46,5.39,470.69
58.8859,0.0,0.0,0.0,0.0,0.0,2.53,0.0,0.0,35.75,87.12,57.2,147.07,79.64,16.61,16.5,22.0,2.53,461.89
58.8959,0.0,0.0,0.0,0.0,0.0,0.0,0.0,0.0,32.01,79.42,51.48,151.8,85.8,17.71,19.25,23.43,0.0,460.9
58.9059,0.0,0.0,0.0,0.0,0.0,2.53,0.0,0.0,27.06,71.72,48.62,156.53,91.96,20.13,17.93,22.0,2.53,455.95
58.9159,0.0,0.0,0.0,0.0,0.0,0.0,0.0,0.0,23.43,64.02,44.33,167.75,95.04,18.92,19.25,24.86,0.0,457.6
58.9259,0.0,0.0,0.0,0.0,0.0,0.0,0.0,0.0,19.69,54.45,40.04,176.44,104.39,20.13,22.0,26.4,0.0,463.54
58.9359,0.0,0.0,0.0,0.0,0.0,0.0,0.0,0.0,17.16,47.85,37.18,185.02,113.63,21.34,22.0,26.4,0.0,470.58
58.9459,0.0,0.0,0.0,0.0,0.0,0.0,0.0,0.0,14.74,39.6,31.46,198.88,121.66,22.44,26.18,29.26,0.0,484.22
58.9559,0.0,0.0,0.0,0.0,0.0,0.0,0.0,0.0,12.32,33.0,25.74,212.74,139.59,24.86,30.36,30.8,0.0,509.41
58.9659,0.0,0.0,0.0,0.0,0.0,0.0,0.0,2.75,9.79,23.1,24.31,224.84,150.92,33.22,37.18,32.23,2.75,535.59
58.9759,0.0,0.0,2.75,0.0,0.0,0.0,0.0,2.75,8.58,18.15,18.59,235.29,163.9,42.68,46.86,36.63,5.5,570.68
58.9859,0.0,0.0,0.0,0.0,0.0,0.0,0.0,2.75,7.37,14.85,12.87,242.33,172.15,58.74,57.97,36.63,2.75,602.91
58.9959,0.0,0.0,0.0,0.0,0.0,0.0,0.0,0.0,6.16,11.55,10.01,251.02,179.3,75.35,68.31,38.06,0.0,639.76
59.0059,0.0,0.0,0.0,0.0,0.0,0.0,0.0,2.75,4.84,8.25,7.15,256.3,191.95,90.42,81.84,42.46,2.75,683.21
59.0159,0.0,0.0,0.0,0.0,0.0,0.0,0.0,0.0,2.42,6.6,4.29,263.34,197.34,107.03,90.75,44.0,0.0,715.77
59.0259,0.0,0.0,0.0,0.0,0.0,0.0,0.0,2.75,0.0,6.6,4.29,268.62,202.73,118.25,102.74,46.86,2.75,750.09
59.0359,0.0,0.0,0.0,0.0,0.0,0.0,0.0,2.75,0.0,8.25,4.29,273.9,202.73,137.39,111.65,46.86,2.75,785.07
59.0459,0.0,0.0,0.0,0.0,0.0,0.0,0.0,0.0,0.0,6.6,2.86,277.31,200.97,154.77,117.81,48.4,0.0,808.72
59.0559,0.0,0.0,0.0,0.0,0.0,0.0,0.0,0.0,0.0,4.95,2.86,279.07,200.97,168.74,123.97,48.4,0.0,828.96
59.0659,5.06,0.0,0.0,0.0,0.0,0.0,0.0,0.0,0.0,4.95,2.86,277.31,197.34,184.36,128.59,48.4,5.06,843.81
59.0759,5.06,0.0,0.0,0.0,0.0,0.0,0.0,0.0,0.0,3.3,2.86,270.38,184.8,198.22,133.1,45.43,5.06,838.09
59.0859,8.58,0.0,0.0,0.0,0.0,0.0,0.0,0.0,0.0,4.95,0.0,258.06,170.39,208.67,134.64,45.43,8.58,822.14
59.0959,10.23,0.0,0.0,0.0,0.0,0.0,0.0,0.0,0.0,3.3,0.0,242.33,165.44,219.12,139.26,45.43,10.23,814.88
59.1059,17.16,0.0,0.0,0.0,0.0,0.0,0.0,0.0,0.0,4.95,0.0,217.91,152.46,228.03,142.34,44.0,17.16,789.69
59.1159,29.26,0.0,0.0,0.0,0.0,0.0,0.0,0.0,0.0,3.3,2.86,195.47,144.43,235.4,140.8,42.46,29.26,764.72
59.1259,46.42,0.0,0.0,0.0,0.0,0.0,0.0,0.0,0.0,4.95,0.0,167.75,139.59,240.9,143.88,44.0,46.42,741.07
59.1359,67.1,0.0,0.0,0.0,2.75,0.0,0.0,0.0,0.0,4.95,0.0,148.72,131.45,244.53,143.88,39.6,69.85,713.13
59.1459,96.36,0.0,0.0,2.31,2.75,2.53,0.0,0.0,0.0,4.95,0.0,126.61,121.66,246.4,143.88,41.03,103.95,684.53
59.1559,138.16,6.38,6.82,2.31,4.18,2.53,0.0,0.0,0.0,4.95,2.86,106.37,105.93,248.16,142.34,38.06,160.38,648.67
59.1659,145.09,68.2,53.79,4.73,11.11,3.85,5.72,4.07,0.0,4.95,2.86,84.04,84.26,250.03,134.64,38.06,296.56,598.84
59.1759,141.57,84.48,96.69,16.5,19.47,3.85,7.15,6.82,0.0,3.3,0.0,60.17,56.21,253.66,120.89,35.2,376.53,529.43
59.1859,141.57,91.08,113.85,24.75,33.44,5.17,7.15,8.25,0.0,4.95,0.0,31.79,39.71,233.53,87.78,33.66,425.26,431.42
59.1959,138.16,96.03,118.69,37.84,50.16,6.49,7.15,8.25,0.0,3.3,0.0,30.25,33.11,170.5,42.68,38.06,462.77,317.9
59.2059,136.4,99.22,121.99,49.61,60.17,7.81,8.69,8.25,0.0,3.3,2.86,27.06,28.05,116.49,26.18,66.44,492.14,270.38
59.2159,138.16,104.17,125.29,56.76,68.97,7.81,8.69,12.32,0.0,3.3,2.86,23.87,24.75,49.83,22.0,75.57,522.17,202.18
59.2259,139.92,110.77,126.94,62.26,71.94,7.81,11.55,11.0,0.0,6.6,0.0,17.49,18.15,29.59,19.25,58.74,542.19,149.82
59.2359,141.57,114.07,131.89,69.41,76.34,7.81,10.12,12.32,0.0,4.95,0.0,14.3,11.55,21.34,17.93,38.06,563.53,108.13
59.2459,143.33,115.72,133.43,75.13,80.74,9.13,11.55,12.32,0.0,0.0,0.0,9.46,8.25,14.19,12.32,29.26,581.35,73.48
59.2559,141.57,119.13,135.08,80.85,82.17,9.13,12.98,13.75,0.0,3.3,0.0,7.92,4.95,10.67,11.0,19.03,594.66,56.87
59.2659,139.92,117.37,131.89,83.71,86.57,9.13,11.55,12.32,0.0,3.3,0.0,6.27,4.95,10.67,4.07,8.8,592.46,38.06
59.2759,136.4,117.37,130.24,89.43,88.11,9.13,12.98,15.18,0.0,3.3,0.0,4.73,3.3,8.25,5.5,5.83,598.84,30.91
59.2858,129.36,114.07,125.29,89.43,91.08,10.45,14.41,15.18,0.0,0.0,0.0,4.73,4.95,9.46,4.07,4.4,589.27,27.61
59.2958,125.84,109.12,120.34,92.29,93.94,9.13,15.84,15.18,0.0,3.3,0.0,4.73,3.3,7.04,5.5,2.86,581.68,26.73
59.3058,118.91,104.17,115.39,96.58,95.48,9.13,17.38,15.18,0.0,3.3,0.0,0.0,3.3,7.04,2.75,5.83,572.22,22.22
59.3158,111.87,97.68,110.66,102.3,96.91,10.45,18.81,16.5,0.0,3.3,0.0,3.08,3.3,8.25,2.75,2.86,565.18,23.54
59.3258,103.29,91.08,102.85,106.59,96.91,10.45,20.24,15.18,0.0,0.0,0.0,4.73,0.0,4.73,5.5,4.4,546.59,19.36
59.3358,94.71,84.48,93.61,112.42,98.34,11.77,21.67,16.5,0.0,0.0,0.0,3.08,3.3,5.83,4.07,4.4,533.5,20.68
59.3458,87.78,77.99,85.8,118.58,99.88,10.45,23.1,16.5,0.0,0.0,0.0,3.08,0.0,4.73,4.07,4.4,520.08,16.28
59.3558,79.2,71.39,79.53,123.2,101.31,13.09,24.53,16.5,0.0,0.0,0.0,3.08,3.3,4.73,2.75,2.86,508.75,16.72
59.3658,72.27,64.9,68.64,129.36,104.28,15.73,27.5,17.93,0.0,3.3,0.0,3.08,0.0,5.83,4.07,4.4,500.61,20.68
59.3758,65.34,58.3,64.02,137.17,105.71,18.26,31.79,19.25,0.0,3.3,0.0,3.08,0.0,4.73,0.0,2.86,499.84,13.97
59.3858,58.52,51.81,57.97,141.79,108.68,22.22,36.19,20.68,0.0,3.3,0.0,0.0,0.0,4.73,4.07,2.86,497.86,14.96
59.3958,51.59,46.97,53.79,147.95,110.22,24.86,40.48,20.68,0.0,0.0,0.0,3.08,0.0,4.73,2.75,2.86,496.54,13.42
59.4058,46.42,38.83,49.72,154.22,117.04,31.46,49.17,22.0,0.0,0.0,0.0,3.08,0.0,4.73,2.75,2.86,508.86,13.42
59.4158,41.25,33.99,42.79,160.38,123.86,39.27,55.0,23.43,0.0,3.3,0.0,0.0,0.0,3.52,4.07,4.4,519.97,15.29
59.4258,37.84,29.15,38.61,166.54,130.68,47.19,60.83,23.43,0.0,0.0,0.0,0.0,0.0,4.73,0.0,2.86,534.27,7.59
59.4358,34.43,25.85,33.11,171.38,137.5,56.43,69.74,27.5,0.0,0.0,0.0,0.0,0.0,2.31,2.75,4.4,555.94,9.46
59.4458,30.91,19.36,28.93,177.87,142.56,67.76,80.19,27.5,0.0,0.0,0.0,0.0,0.0,3.52,2.75,2.86,575.08,9.13
59.4558,27.5,14.52,24.86,182.71,151.14,77.66,89.21,30.36,0.0,0.0,0.0,0.0,0.0,2.31,2.75,0.0,597.96,5.06
59.4658,24.09,11.33,19.25,189.2,156.2,88.99,99.55,31.68,0.0,0.0,0.0,0.0,0.0,2.31,2.75,2.86,620.29,7.92
59.4758,20.57,8.03,15.18,194.04,161.37,97.46,108.57,33.11,0.0,0.0,0.0,0.0,0.0,2.31,2.75,2.86,638.33,7.92
59.4858,18.92,8.03,15.18,198.88,166.43,108.79,119.46,34.43,0.0,0.0,0.0,0.0,0.0,2.31,0.0,0.0,670.12,2.31
59.4958,15.4,6.38,13.75,203.72,171.6,119.24,130.68,37.18,0.0,0.0,0.0,0.0,0.0,3.52,2.75,2.86,697.95,9.13
59.5058,13.75,6.38,13.75,203.72,173.36,134.53,138.71,38.61,0.0,0.0,0.0,0.0,0.0,2.31,2.75,0.0,722.81,5.06
59.5158,8.58,6.38,12.43,210.21,175.12,146.85,148.39,37.18,0.0,0.0,0.0,0.0,0.0,2.31,2.75,0.0,745.14,5.06
59.5258,6.82,3.19,6.82,211.86,178.64,157.52,161.26,39.93,0.0,0.0,0.0,0.0,0.0,2.31,0.0,2.86,766.04,5.17
59.5358,3.41,4.84,6.82,211.86,178.64,171.71,170.94,39.93,0.0,3.3,2.86,0.0,0.0,2.31,2.75,2.86,788.15,14.08
59.5458,0.0,3.19,5.5,210.21,173.36,184.91,181.28,41.36,2.42,0.0,0.0,0.0,0.0,3.52,0.0,0.0,799.81,5.94
59.5558,0.0,3.19,5.5,207.02,164.78,198.22,191.84,41.36,2.42,0.0,0.0,0.0,0.0,0.0,2.75,2.86,811.91,8.03
59.5658,0.0,3.19,4.07,197.23,157.96,208.23,197.12,42.68,2.42,0.0,0.0,0.0,0.0,3.52,2.75,0.0,810.48,8.69
59.5758,0.0,3.19,2.75,185.9,147.73,221.43,205.81,44.11,3.63,0.0,0.0,0.0,0.0,3.52,0.0,0.0,810.92,7.15
59.5858,0.0,0.0,4.07,169.73,137.5,231.44,212.85,45.54,4.84,0.0,0.0,0.0,0.0,2.31,0.0,0.0,801.13,7.15
59.5958,0.0,3.19,2.75,149.49,125.51,239.69,219.89,46.86,9.79,0.0,0.0,0.0,0.0,2.31,0.0,0.0,787.38,12.1
59.6058,0.0,3.19,2.75,124.74,111.87,247.94,225.06,45.54,20.9,0.0,0.0,0.0,0.0,2.31,0.0,0.0,761.09,23.21
59.6158,0.0,3.19,2.75,103.73,101.31,253.0,228.47,46.86,39.38,0.0,0.0,0.0,0.0,2.31,0.0,0.0,739.31,41.69
59.6258,0.0,3.19,4.07,83.71,89.54,257.95,230.12,46.86,61.93,3.3,2.86,0.0,0.0,3.52,0.0,0.0,715.44,71.61
59.6358,0.0,4.84,2.75,63.69,71.94,257.95,228.47,49.61,102.08,4.95,0.0,0.0,0.0,4.73,0.0,2.86,679.25,114.62
59.6458,0.0,4.84,2.75,47.3,54.34,257.95,218.13,51.04,122.87,104.06,17.16,3.08,4.95,2.31,0.0,0.0,636.35,254.43
59.6558,0.0,4.84,0.0,24.75,34.76,249.59,202.29,53.79,118.69,144.65,80.41,6.27,8.25,3.52,2.75,2.86,570.02,367.4
59.6658,0.0,3.19,2.75,18.92,26.4,213.18,145.2,63.91,115.83,151.25,100.65,15.84,11.55,5.83,5.5,7.26,473.55,413.71
59.6758,0.0,4.84,2.75,16.5,23.65,148.39,80.19,86.24,112.97,156.2,102.19,33.44,11.55,8.25,9.57,10.23,362.56,444.4
59.6858,0.0,4.84,0.0,12.98,19.47,98.89,36.19,130.13,102.08,147.95,99.0,50.93,24.75,10.67,9.57,11.66,302.5,456.61
59.6958,0.0,4.84,0.0,8.25,13.86,36.74,24.53,127.05,98.12,152.9,102.19,66.11,36.41,10.67,12.32,14.63,215.27,493.35
59.7058,0.0,4.84,2.75,5.83,11.11,19.58,20.24,78.76,96.8,156.2,108.35,79.53,43.01,12.98,13.75,11.66,143.11,522.28
59.7158,0.0,3.19,0.0,5.83,8.36,15.73,15.84,42.68,96.8,159.5,109.89,87.01,54.56,12.98,13.75,16.06,91.63,550.55
59.7258,0.0,3.19,0.0,4.73,5.5,11.77,12.98,30.36,94.05,159.5,116.05,92.95,57.97,12.98,15.18,16.06,68.53,564.74
59.7358,0.0,3.19,0.0,3.52,5.5,7.81,8.69,15.18,92.73,162.8,116.05,99.0,62.59,12.98,15.18,16.06,43.89,577.39
59.7458,0.0,0.0,0.0,3.52,2.75,6.49,7.15,4.07,90.09,161.15,116.05,104.94,67.21,14.19,15.18,17.6,23.98,586.41
59.7558,0.0,0.0,0.0,3.52,4.18,5.17,5.72,2.75,87.34,161.15,113.08,106.37,70.29,15.4,13.75,17.6,21.34,584.98
59.7658,0.0,0.0,0.0,2.31,4.18,3.85,4.29,0.0,82.06,154.55,108.35,112.42,70.29,15.4,16.5,16.06,14.63,575.63
59.7758,0.0,0.0,0.0,2.31,2.75,5.17,4.29,0.0,76.67,151.25,103.73,113.96,73.37,14.19,16.5,17.6,14.52,567.27
59.7858,0.0,0.0,0.0,0.0,2.75,3.85,4.29,2.75,71.28,141.35,94.38,120.23,74.91,15.4,16.5,19.03,13.64,553.08
59.7958,0.0,0.0,0.0,2.31,2.75,3.85,4.29,2.75,66.0,133.21,86.68,124.96,74.91,14.19,17.93,17.6,15.95,535.48
59.8058,0.0,0.0,0.0,0.0,2.75,3.85,2.86,0.0,60.61,126.61,80.41,124.96,74.91,16.61,16.5,19.03,9.46,519.64
59.8158,0.0,0.0,0.0,2.31,2.75,3.85,2.86,0.0,54.23,115.06,71.06,132.88,76.45,15.4,16.5,20.46,11.77,502.04
59.8258,0.0,0.0,0.0,0.0,2.75,0.0,4.29,0.0,49.28,105.6,64.9,136.07,78.1,16.61,17.93,20.46,7.04,488.95
59.8358,0.0,0.0,0.0,0.0,0.0,0.0,2.86,0.0,43.12,93.28,58.74,143.99,84.26,16.61,19.25,20.46,2.86,479.71
59.8458,0.0,0.0,0.0,0.0,2.75,2.53,0.0,0.0,38.17,85.58,52.91,147.07,87.34,18.92,16.5,20.46,5.28,466.95
59.8558,0.0,0.0,0.0,0.0,0.0,0.0,2.86,0.0,33.22,76.34,51.48,150.26,91.96,18.92,17.93,22.0,2.86,462.11
59.8658,0.0,0.0,0.0,0.0,0.0,2.53,0.0,0.0,28.27,68.64,47.19,159.72,98.23,17.71,22.0,24.86,2.53,466.62
59.8758,0.0,0.0,0.0,0.0,0.0,0.0,0.0,0.0,24.64,60.94,41.47,166.1,102.85,18.92,22.0,23.43,0.0,460.35
59.8858,0.0,0.0,0.0,0.0,0.0,2.53,0.0,0.0,20.9,54.45,37.18,179.85,109.01,21.34,20.68,23.43,2.53,466.84
59.8958,0.0,0.0,0.0,0.0,0.0,0.0,0.0,0.0,18.48,47.85,31.46,190.19,116.82,21.34,22.0,26.4,0.0,474.54
59.9058,0.0,0.0,0.0,0.0,0.0,0.0,0.0,2.75,15.95,39.6,27.17,202.29,123.31,23.65,27.5,29.26,2.75,488.73
59.9158,0.0,0.0,0.0,0.0,0.0,0.0,0.0,0.0,13.53,33.0,21.45,219.56,133.1,26.07,27.5,29.26,0.0,503.47
59.9258,0.0,0.0,0.0,0.0,0.0,0.0,0.0,2.75,12.32,26.4,15.73,233.53,144.43,30.8,33.11,32.23,2.75,528.55
59.9358,0.0,0.0,0.0,0.0,0.0,2.53,0.0,2.75,9.79,18.15,14.3,244.09,150.92,40.26,41.36,35.2,5.28,554.07
59.9458,0.0,0.0,0.0,0.0,0.0,0.0,0.0,2.75,8.58,16.5,10.01,252.78,160.6,50.93,49.61,38.06,2.75,587.07
59.9558,0.0,0.0,0.0,0.0,0.0,0.0,0.0,2.75,7.37,9.9,8.58,259.82,168.74,66.22,57.97,38.06,2.75,616.66
59.9658,0.0,0.0,0.0,0.0,0.0,0.0,0.0,4.07,6.16,9.9,7.15,266.86,175.78,81.4,68.31,41.03,4.07,656.59
59.9758,0.0,0.0,0.0,0.0,0.0,0.0,0.0,0.0,4.84,9.9,5.72,272.14,184.8,93.39,81.84,42.46,0.0,695.09
59.9858,0.0,0.0,0.0,0.0,0.0,0.0,0.0,0.0,2.42,4.95,4.29,277.31,190.19,111.54,92.29,45.43,0.0,728.42
59.9958,0.0,0.0,0.0,0.0,0.0,0.0,0.0,0.0,0.0,4.95,4.29,280.72,191.95,125.18,104.17,42.46,0.0,753.72
60.0058,0.0,0.0,2.75,0.0,0.0,0.0,0.0,2.75,0.0,4.95,0.0,282.48,197.34,142.67,110.22,46.86,5.5,784.52
60.0158,0.0,0.0,2.75,0.0,0.0,0.0,0.0,0.0,0.0,6.6,2.86,282.48,197.34,156.53,117.81,48.4,2.75,812.02
60.0258,0.0,0.0,0.0,0.0,0.0,0.0,0.0,0.0,0.0,4.95,2.86,282.48,193.71,172.26,127.05,49.83,0.0,833.14
60.0358,6.82,0.0,0.0,0.0,0.0,0.0,0.0,0.0,0.0,6.6,0.0,272.14,184.8,187.88,130.02,48.4,6.82,829.84
60.0458,8.58,0.0,0.0,0.0,0.0,0.0,0.0,0.0,0.0,3.3,0.0,261.58,177.54,199.98,133.1,45.43,8.58,820.93
60.0558,10.23,0.0,0.0,0.0,0.0,0.0,0.0,0.0,0.0,4.95,0.0,245.85,165.44,210.43,136.18,45.43,10.23,808.28
60.0658,13.75,0.0,0.0,0.0,0.0,0.0,0.0,0.0,0.0,4.95,0.0,224.84,157.41,217.36,142.34,42.46,13.75,789.36
60.0758,18.92,0.0,0.0,0.0,0.0,0.0,0.0,0.0,0.0,6.6,2.86,200.64,147.62,228.03,143.88,42.46,18.92,772.09
60.0858,27.5,0.0,0.0,0.0,0.0,0.0,0.0,0.0,0.0,6.6,0.0,179.85,137.94,233.53,149.93,44.0,27.5,751.85
60.0958,44.77,0.0,0.0,0.0,0.0,0.0,0.0,0.0,0.0,3.3,2.86,154.99,134.64,237.16,151.47,39.6,44.77,724.02
60.1058,70.51,0.0,0.0,0.0,2.75,0.0,0.0,0.0,0.0,0.0,0.0,132.88,124.96,242.66,151.47,42.46,73.26,694.43
60.1158,108.46,0.0,0.0,0.0,2.75,0.0,0.0,0.0,0.0,3.3,0.0,112.42,112.09,248.16,149.93,41.03,111.21,666.93
60.1258,145.09,46.97,9.57,4.73,8.36,0.0,4.29,4.07,0.0,3.3,0.0,94.49,98.23,253.66,143.88,38.06,223.08,631.62
60.1358,148.61,77.99,71.83,16.5,16.72,5.17,5.72,6.82,0.0,4.95,2.86,75.13,74.91,255.53,137.72,38.06,349.36,589.16
60.1458,145.09,89.43,106.04,30.69,33.44,5.17,7.15,8.25,0.0,3.3,2.86,49.39,46.31,257.29,122.43,36.63,425.26,518.21
60.1558,141.57,94.38,120.34,42.57,58.63,9.13,10.12,9.57,0.0,4.95,0.0,33.44,36.41,224.4,77.33,33.66,486.31,410.19
60.1658,132.88,92.73,120.34,52.03,73.37,10.45,8.69,11.0,0.0,3.3,2.86,30.25,31.46,163.57,34.43,44.0,501.49,309.87
60.1758,129.36,94.38,121.99,65.12,86.57,7.81,12.98,12.32,0.0,3.3,2.86,27.06,26.4,108.46,23.43,69.52,530.53,261.03
60.1858,124.19,94.38,121.99,76.56,96.91,10.45,14.41,13.75,0.0,4.95,0.0,22.22,24.75,47.41,17.93,71.06,552.64,188.32
60.1958,122.43,97.68,123.64,83.71,104.28,10.45,18.81,15.18,0.0,3.3,0.0,19.03,19.8,30.8,19.25,54.23,576.18,146.41
60.2058,122.43,97.68,120.34,90.86,110.22,11.77,24.53,16.5,0.0,4.95,0.0,12.65,13.2,21.34,13.75,35.2,594.33,101.09
60.2158,118.91,97.68,118.69,98.01,111.87,11.77,30.36,16.5,0.0,0.0,0.0,9.46,9.9,12.98,11.0,26.4,603.79,69.74
60.2258,113.63,96.03,113.85,103.73,117.04,13.09,36.19,17.93,0.0,3.3,0.0,7.92,8.25,9.46,11.0,17.6,611.49,57.53
60.2358,110.22,92.73,110.66,108.02,120.45,17.05,39.05,16.5,0.0,0.0,0.0,6.27,4.95,9.46,6.82,7.26,614.68,34.76
60.2458,106.7,89.43,102.85,109.45,123.86,18.26,41.91,19.25,0.0,0.0,0.0,4.73,4.95,9.46,6.82,5.83,611.71,31.79
60.2558,101.53,86.13,98.23,115.5,122.1,19.58,46.31,19.25,0.0,0.0,0.0,6.27,3.3,8.25,5.5,4.4,608.63,27.72
60.2658,96.36,81.29,90.42,120.12,125.51,22.22,47.74,20.68,0.0,0.0,0.0,6.27,3.3,8.25,2.75,2.86,604.34,23.43
60.2758,91.19,76.34,84.26,123.2,125.51,22.22,52.14,22.0,0.0,3.3,0.0,3.08,3.3,8.25,2.75,2.86,596.86,23.54
60.2858,84.37,69.74,76.45,127.82,128.92,24.86,53.57,22.0,0.0,3.3,0.0,4.73,0.0,5.83,4.07,5.83,587.73,23.76
60.2958,77.44,64.9,68.64,135.63,128.92,30.14,57.86,22.0,0.0,0.0,0.0,3.08,3.3,7.04,5.5,4.4,585.53,23.32
60.3058,70.51,56.65,64.02,140.25,132.33,34.1,59.4,23.43,0.0,0.0,0.0,3.08,0.0,5.83,4.07,0.0,580.69,12.98
60.3158,63.69,51.81,55.22,144.87,134.09,39.27,65.34,24.75,0.0,3.3,0.0,4.73,0.0,5.83,4.07,2.86,579.04,20.79
60.3258,56.76,45.32,49.72,146.41,139.15,43.23,71.28,26.18,0.0,0.0,0.0,3.08,0.0,4.73,4.07,4.4,578.05,16.28
60.3358,51.59,38.83,45.54,151.14,140.91,48.51,75.79,26.18,0.0,3.3,0.0,3.08,0.0,4.73,4.07,2.86,578.49,18.04
60.3458,46.42,33.99,40.04,154.22,144.32,52.47,80.19,27.5,0.0,3.3,0.0,0.0,0.0,4.73,4.07,4.4,579.15,16.5
60.3558,41.25,29.15,34.43,157.3,147.73,59.29,86.13,26.18,0.0,3.3,0.0,3.08,0.0,3.52,4.07,2.86,581.46,16.83
60.3658,37.84,24.31,30.36,158.84,151.14,64.9,93.61,28.93,0.0,3.3,0.0,3.08,0.0,4.73,2.75,4.4,589.93,18.26
60.3758,34.43,19.36,24.86,161.92,156.2,72.05,99.55,30.36,0.0,3.3,0.0,3.08,0.0,4.73,4.07,4.4,598.73,19.58
60.3858,30.91,14.52,20.68,163.46,157.96,80.52,105.6,31.68,0.0,3.3,0.0,0.0,0.0,4.73,0.0,2.86,605.33,10.89
60.3958,29.26,11.33,19.25,168.19,163.02,86.13,111.54,31.68,0.0,3.3,0.0,0.0,0.0,4.73,2.75,2.86,620.4,13.64
60.4058,25.74,6.38,16.5,168.19,168.19,91.85,117.81,33.11,0.0,0.0,0.0,0.0,0.0,4.73,0.0,0.0,627.77,4.73
60.4158,22.33,6.38,13.75,173.03,169.84,97.46,124.3,34.43,0.0,3.3,0.0,0.0,0.0,3.52,0.0,2.86,641.52,9.68
60.4258,18.92,6.38,12.43,176.22,175.12,105.93,133.98,34.43,0.0,3.3,0.0,0.0,0.0,4.73,2.75,2.86,663.41,13.64
60.4358,17.16,6.38,13.75,177.87,175.12,114.62,142.01,35.86,0.0,3.3,0.0,0.0,0.0,3.52,2.75,2.86,682.77,12.43
60.4458,15.4,6.38,11.0,179.52,182.05,125.4,150.04,35.86,0.0,0.0,0.0,0.0,0.0,3.52,0.0,2.86,705.65,6.38
60.4558,11.99,4.84,11.0,181.06,183.81,134.53,154.88,35.86,0.0,0.0,0.0,0.0,0.0,3.52,2.75,0.0,717.97,6.27
60.4658,10.23,4.84,11.0,182.71,183.81,143.77,166.1,39.93,0.0,0.0,0.0,0.0,0.0,3.52,2.75,2.86,742.39,9.13
60.4758,6.82,4.84,9.57,184.36,185.57,152.9,172.59,39.93,0.0,0.0,0.0,0.0,0.0,2.31,2.75,0.0,756.58,5.06
60.4858,5.06,4.84,6.82,185.9,185.57,163.68,179.52,39.93,0.0,0.0,0.0,0.0,0.0,2.31,0.0,0.0,771.32,2.31
60.4958,0.0,3.19,6.82,185.9,183.81,173.36,188.32,42.68,0.0,0.0,0.0,0.0,0.0,2.31,0.0,0.0,784.08,2.31
60.5058,0.0,3.19,4.07,189.2,178.64,183.26,195.36,41.36,0.0,0.0,0.0,0.0,0.0,3.52,0.0,0.0,795.08,3.52
60.5158,0.0,3.19,4.07,184.36,169.84,191.62,204.05,44.11,0.0,3.3,0.0,0.0,0.0,0.0,0.0,0.0,801.24,3.3
60.5258,0.0,3.19,2.75,177.87,161.37,201.52,209.33,44.11,0.0,0.0,0.0,0.0,0.0,3.52,2.75,2.86,800.14,9.13
60.5358,0.0,3.19,2.75,169.73,151.14,211.53,214.61,45.54,2.42,0.0,0.0,0.0,0.0,3.52,0.0,0.0,798.49,5.94
60.5458,0.0,3.19,0.0,154.22,140.91,218.13,221.65,44.11,2.42,0.0,0.0,0.0,0.0,2.31,0.0,0.0,782.21,4.73
60.5558,0.0,3.19,2.75,138.71,130.68,226.49,225.06,45.54,3.63,0.0,0.0,0.0,0.0,2.31,0.0,0.0,772.42,5.94
60.5658,0.0,3.19,2.75,117.04,118.69,229.79,228.47,45.54,4.84,0.0,0.0,0.0,0.0,0.0,0.0,0.0,745.47,4.84
60.5758,0.0,3.19,2.75,98.01,107.25,238.04,233.53,45.54,8.58,0.0,0.0,0.0,0.0,2.31,0.0,0.0,728.31,10.89
60.5858,0.0,0.0,2.75,80.85,93.94,241.34,236.94,48.29,20.9,0.0,0.0,0.0,0.0,0.0,0.0,0.0,704.11,20.9
60.5958,0.0,3.19,2.75,63.69,80.74,244.64,235.29,48.29,39.38,0.0,0.0,0.0,0.0,2.31,0.0,0.0,678.59,41.69
60.6058,0.0,0.0,2.75,46.09,68.97,247.94,233.53,52.36,68.64,4.95,2.86,3.08,0.0,3.52,0.0,0.0,651.64,83.05
60.6158,0.0,3.19,0.0,30.69,52.91,244.64,226.71,56.54,110.22,16.5,4.29,0.0,0.0,0.0,0.0,0.0,614.68,131.01
60.6258,0.0,3.19,2.75,18.92,36.19,234.74,214.61,56.54,121.44,124.96,25.74,7.92,4.95,4.73,2.75,0.0,566.94,292.49
60.6358,0.0,3.19,0.0,15.29,25.08,203.17,169.29,65.34,117.26,157.85,89.76,14.3,9.9,4.73,6.82,7.26,481.36,407.88
60.6458,0.0,3.19,0.0,12.98,22.22,146.85,102.63,80.3,114.4,167.75,109.89,39.82,13.2,7.04,11.0,10.23,368.17,473.33
60.6558,0.0,3.19,2.75,10.56,19.47,104.5,52.14,116.27,103.51,164.45,117.59,64.68,29.81,10.67,11.0,11.66,308.88,513.37
60.6658,0.0,4.84,0.0,9.46,16.72,47.19,27.5,142.56,88.77,157.85,114.51,91.52,54.56,12.98,15.18,19.03,248.27,554.4
60.6758,0.0,3.19,0.0,7.04,12.54,19.58,21.67,107.14,82.06,156.2,111.43,112.42,70.29,16.61,15.18,19.03,171.16,583.22
60.6858,0.0,4.84,0.0,4.73,9.68,17.05,17.38,52.36,76.67,152.9,109.89,126.61,82.72,16.61,16.5,22.0,106.04,603.9
60.6958,0.0,3.19,0.0,4.73,6.93,11.77,14.41,34.43,72.6,149.6,109.89,137.61,96.69,16.61,20.68,23.43,75.46,627.11
60.7058,0.0,0.0,0.0,3.52,5.5,9.13,10.12,20.68,68.64,144.65,108.35,147.07,102.85,20.13,19.25,24.86,48.95,635.8
60.7157,0.0,3.19,0.0,3.52,5.5,6.49,7.15,9.57,63.25,141.35,103.73,154.99,110.55,18.92,22.0,26.4,35.42,641.19
60.7257,0.0,3.19,0.0,3.52,4.18,5.17,7.15,2.75,59.29,138.16,100.65,161.26,115.28,21.34,22.0,24.86,25.96,642.84
60.7357,0.0,0.0,0.0,2.31,4.18,6.49,5.72,2.75,54.23,126.61,95.92,167.75,118.47,21.34,23.43,27.83,21.45,635.58
60.7457,0.0,0.0,0.0,2.31,2.75,3.85,5.72,2.75,50.49,118.36,89.76,172.92,121.66,21.34,24.75,26.4,17.38,625.68
60.7557,0.0,0.0,0.0,2.31,2.75,3.85,5.72,0.0,46.86,110.22,81.95,174.68,124.96,23.65,27.5,29.26,14.63,619.08
60.7657,0.0,0.0,0.0,2.31,0.0,3.85,4.29,2.75,43.12,100.98,74.25,181.61,126.61,22.44,27.5,29.26,13.2,605.77
60.7757,0.0,0.0,0.0,2.31,2.75,3.85,4.29,2.75,38.17,90.2,69.52,185.02,129.8,22.44,27.5,27.83,15.95,590.48
60.7857,0.0,0.0,0.0,2.31,0.0,3.85,4.29,2.75,34.43,84.04,63.36,185.02,131.45,23.65,30.36,30.8,13.2,583.11
60.7957,0.0,0.0,0.0,0.0,0.0,2.53,4.29,0.0,30.8,74.8,63.36,188.54,133.1,22.44,28.93,29.26,6.82,571.23
60.8057,0.0,0.0,0.0,2.31,2.75,0.0,2.86,0.0,27.06,70.18,58.74,190.19,131.45,23.65,31.68,30.8,7.92,563.75
60.8157,0.0,0.0,0.0,0.0,0.0,2.53,2.86,0.0,23.43,60.94,52.91,193.71,136.29,26.07,34.43,30.8,5.39,558.58
60.8257,0.0,0.0,0.0,0.0,2.75,2.53,2.86,2.75,22.11,56.1,51.48,195.47,136.29,24.86,35.86,30.8,10.89,552.97
60.8357,0.0,0.0,0.0,0.0,0.0,2.53,2.86,0.0,18.48,47.85,47.19,197.12,141.13,27.28,39.93,33.66,5.39,552.64
60.8457,0.0,0.0,0.0,0.0,0.0,0.0,0.0,0.0,17.16,44.55,45.76,197.12,142.78,29.59,38.61,30.8,0.0,546.37
60.8557,0.0,0.0,0.0,0.0,0.0,2.53,2.86,0.0,14.74,39.6,42.9,202.29,141.13,33.22,45.54,32.23,5.39,551.65
60.8657,0.0,0.0,0.0,0.0,0.0,2.53,0.0,2.75,13.53,33.0,37.18,202.29,147.62,36.74,45.54,35.2,5.28,551.1
60.8757,0.0,0.0,0.0,0.0,0.0,0.0,0.0,0.0,12.32,33.0,35.75,204.05,147.62,39.05,48.29,35.2,0.0,555.28
60.8857,0.0,0.0,0.0,0.0,0.0,0.0,0.0,2.75,11.0,29.7,34.32,205.81,147.62,43.89,53.79,35.2,2.75,561.33
60.8957,0.0,0.0,0.0,0.0,0.0,0.0,0.0,2.75,9.79,24.75,30.03,212.74,150.92,47.41,55.11,35.2,2.75,565.95
60.9057,0.0,0.0,0.0,0.0,0.0,0.0,0.0,4.07,9.79,23.1,28.6,216.15,150.92,52.14,60.94,38.06,4.07,579.7
60.9157,0.0,0.0,0.0,0.0,0.0,0.0,0.0,12.32,8.58,18.15,25.74,217.91,158.95,58.74,66.88,38.06,12.32,593.01
60.9257,0.0,0.0,0.0,0.0,0.0,0.0,2.86,6.82,7.37,13.2,18.59,223.08,162.25,66.22,71.39,39.6,9.68,601.7
60.9357,0.0,0.0,0.0,0.0,0.0,2.53,2.86,4.07,6.16,11.55,18.59,226.49,163.9,75.35,78.76,38.06,9.46,618.86
60.9457,0.0,0.0,0.0,0.0,0.0,0.0,0.0,4.07,6.16,11.55,15.73,231.77,168.74,84.37,84.81,41.03,4.07,644.16
60.9557,0.0,0.0,0.0,0.0,0.0,2.53,0.0,2.75,6.16,11.55,12.87,235.29,170.39,93.39,92.29,42.46,5.28,664.4
60.9657,0.0,0.0,0.0,0.0,0.0,0.0,0.0,2.75,4.84,8.25,10.01,238.81,175.78,102.52,98.23,44.0,2.75,682.44
60.9757,0.0,0.0,2.75,0.0,0.0,0.0,0.0,2.75,4.84,9.9,8.58,244.09,175.78,111.54,102.74,45.43,5.5,702.9
60.9857,0.0,0.0,0.0,0.0,0.0,0.0,2.86,0.0,3.63,8.25,7.15,245.85,177.54,125.18,108.68,48.4,2.86,724.68
60.9957,0.0,0.0,0.0,0.0,2.75,0.0,0.0,2.75,3.63,8.25,5.72,251.02,181.17,135.63,114.73,48.4,5.5,748.55
61.0057,0.0,0.0,2.75,0.0,0.0,0.0,0.0,0.0,0.0,4.95,2.86,254.54,182.93,147.84,120.89,49.83,2.75,763.84
61.0157,0.0,0.0,4.07,0.0,0.0,0.0,0.0,2.75,0.0,6.6,2.86,256.3,179.3,160.05,125.51,51.26,6.82,781.88
61.0257,3.41,0.0,2.75,0.0,0.0,0.0,0.0,0.0,0.0,6.6,2.86,258.06,177.54,175.67,127.05,51.26,6.16,799.04
61.0357,3.41,0.0,4.07,0.0,0.0,0.0,0.0,0.0,0.0,3.3,4.29,259.82,175.78,187.88,131.56,52.8,7.48,815.43
61.0457,5.06,0.0,2.75,0.0,0.0,0.0,0.0,0.0,0.0,4.95,2.86,258.06,163.9,199.98,136.18,52.8,7.81,818.73
61.0557,8.58,0.0,5.5,3.52,0.0,0.0,0.0,2.75,0.0,3.3,2.86,249.37,150.92,210.43,136.18,48.4,20.35,801.46
61.0657,8.58,0.0,6.82,4.73,4.18,2.53,2.86,4.07,0.0,3.3,0.0,237.05,134.64,219.12,133.1,49.83,33.77,777.04
61.0757,8.58,0.0,5.5,5.83,5.5,3.85,4.29,4.07,0.0,4.95,2.86,216.15,116.82,229.9,134.64,48.4,37.62,753.72
61.0857,13.75,3.19,5.5,15.29,8.36,3.85,4.29,4.07,0.0,0.0,0.0,195.47,104.39,240.9,134.64,46.86,58.3,722.26
61.0957,17.16,6.38,2.75,50.82,9.68,5.17,5.72,4.07,0.0,4.95,0.0,169.51,90.42,246.4,131.56,46.86,101.75,689.7
61.1057,32.67,9.68,6.82,70.84,29.26,7.81,10.12,9.57,0.0,3.3,2.86,147.07,81.18,253.66,127.05,46.86,176.77,661.98
61.1157,58.52,19.36,8.25,77.99,61.6,9.13,10.12,12.32,0.0,3.3,2.86,131.34,70.29,255.53,119.35,45.43,257.29,628.1
61.1257,79.2,43.67,16.5,83.71,91.08,13.09,15.84,13.75,0.0,3.3,0.0,115.5,57.97,251.79,111.65,44.0,356.84,584.21
61.1357,89.54,56.65,40.04,82.28,115.28,14.41,24.53,15.18,0.0,0.0,0.0,101.97,44.66,242.66,93.72,41.03,437.91,524.04
61.1457,92.95,64.9,57.97,82.28,128.92,17.05,39.05,16.5,0.0,0.0,0.0,79.53,26.4,228.03,69.85,32.23,499.62,436.04
61.1557,96.36,69.74,70.18,83.71,134.09,19.58,46.31,17.93,0.0,4.95,0.0,39.82,24.75,210.43,30.36,26.4,537.9,336.71
61.1657,99.88,74.69,73.37,86.57,135.74,19.58,50.6,17.93,0.0,3.3,0.0,27.06,21.45,142.67,22.0,22.0,558.36,238.48
61.1757,105.05,79.64,73.37,88.0,135.74,22.22,53.57,19.25,0.0,0.0,0.0,23.87,14.85,97.9,19.25,23.43,576.84,179.3
61.1857,106.7,82.94,71.83,92.29,134.09,22.22,55.0,19.25,0.0,3.3,0.0,19.03,11.55,49.83,17.93,19.03,584.32,120.67
61.1957,108.46,84.48,70.18,96.58,132.33,26.18,55.0,19.25,0.0,3.3,0.0,14.3,11.55,23.65,12.32,14.63,592.46,79.75
61.2057,106.7,86.13,70.18,99.44,132.33,27.5,57.86,19.25,0.0,3.3,0.0,11.11,6.6,16.61,11.0,8.8,599.39,57.42
61.2157,108.46,86.13,70.18,103.73,134.09,27.5,60.83,22.0,0.0,3.3,0.0,7.92,6.6,11.77,8.25,10.23,612.92,48.07
61.2257,106.7,86.13,70.18,102.3,134.09,30.14,60.83,22.0,0.0,3.3,0.0,9.46,4.95,10.67,6.82,5.83,612.37,41.03
61.2357,106.7,86.13,70.18,103.73,132.33,31.46,65.34,20.68,0.0,0.0,0.0,7.92,4.95,10.67,4.07,2.86,616.55,30.47
61.2457,105.05,84.48,73.37,102.3,135.74,32.78,68.31,20.68,0.0,3.3,0.0,4.73,4.95,9.46,4.07,5.83,622.71,32.34
61.2557,105.05,82.94,73.37,102.3,134.09,32.78,71.28,22.0,0.0,3.3,0.0,4.73,3.3,7.04,6.82,4.4,623.81,29.59
61.2657,103.29,82.94,74.91,100.87,135.74,32.78,72.71,23.43,0.0,0.0,0.0,6.27,3.3,8.25,4.07,4.4,626.67,26.29
61.2757,101.53,81.29,74.91,99.44,139.15,34.1,75.79,23.43,0.0,0.0,0.0,6.27,4.95,8.25,5.5,4.4,629.64,29.37
61.2857,101.53,79.64,73.37,98.01,137.5,34.1,75.79,23.43,0.0,0.0,0.0,6.27,0.0,7.04,2.75,4.4,623.37,20.46
61.2957,99.88,77.99,74.91,98.01,137.5,35.42,75.79,22.0,0.0,0.0,0.0,4.73,0.0,7.04,5.5,4.4,621.5,21.67
61.3057,98.12,76.34,73.37,98.01,139.15,36.74,78.76,23.43,0.0,0.0,0.0,4.73,3.3,7.04,5.5,4.4,623.92,24.97
61.3157,96.36,74.69,71.83,95.15,137.5,37.95,77.22,23.43,0.0,0.0,0.0,4.73,3.3,5.83,5.5,4.4,614.13,23.76
61.3257,94.71,73.04,70.18,93.72,137.5,36.74,78.76,23.43,0.0,0.0,0.0,4.73,3.3,7.04,0.0,2.86,608.08,17.93
61.3357,94.71,69.74,68.64,95.15,137.5,36.74,78.76,22.0,0.0,3.3,0.0,4.73,0.0,5.83,4.07,4.4,603.24,22.33
61.3457,91.19,69.74,68.64,92.29,135.74,36.74,80.19,22.0,0.0,0.0,0.0,4.73,0.0,5.83,2.75,2.86,596.53,16.17
61.3557,89.54,66.55,68.64,90.86,134.09,36.74,78.76,23.43,0.0,0.0,0.0,4.73,0.0,4.73,2.75,2.86,588.61,15.07
61.3657,89.54,64.9,68.64,92.29,135.74,36.74,81.73,23.43,0.0,0.0,0.0,0.0,0.0,5.83,4.07,2.86,593.01,12.76
61.3757,87.78,63.25,68.64,90.86,135.74,39.27,83.16,23.43,0.0,0.0,0.0,4.73,0.0,4.73,4.07,0.0,592.13,13.53
61.3857,86.02,63.25,68.64,90.86,137.5,37.95,84.7,24.75,0.0,0.0,0.0,4.73,0.0,4.73,2.75,0.0,593.67,12.21
61.3957,86.02,63.25,70.18,89.43,137.5,39.27,84.7,23.43,0.0,0.0,0.0,3.08,0.0,5.83,0.0,2.86,593.78,11.77
61.4057,82.61,59.95,70.18,89.43,139.15,41.91,87.67,24.75,0.0,0.0,0.0,0.0,0.0,5.83,0.0,0.0,595.65,5.83
61.4157,82.61,61.6,70.18,90.86,139.15,43.23,87.67,23.43,0.0,0.0,0.0,3.08,0.0,2.31,4.07,0.0,598.73,9.46
61.4257,82.61,59.95,71.83,89.43,140.91,43.23,90.64,24.75,0.0,0.0,0.0,3.08,0.0,3.52,0.0,0.0,603.35,6.6
61.4357,80.85,61.6,73.37,89.43,142.56,43.23,90.64,24.75,0.0,0.0,0.0,4.73,0.0,4.73,4.07,2.86,606.43,16.39
61.4457,80.85,61.6,73.37,90.86,142.56,44.55,93.61,24.75,0.0,0.0,0.0,0.0,0.0,4.73,0.0,0.0,612.15,4.73
61.4557,80.85,61.6,74.91,92.29,144.32,47.19,95.15,24.75,0.0,0.0,0.0,0.0,0.0,4.73,2.75,0.0,621.06,7.48
61.4657,79.2,61.6,74.91,92.29,144.32,48.51,96.58,26.18,0.0,0.0,0.0,0.0,3.3,4.73,4.07,0.0,623.59,12.1
61.4757,79.2,61.6,76.45,96.58,142.56,51.15,98.12,26.18,0.0,0.0,0.0,3.08,0.0,5.83,0.0,2.86,631.84,11.77
61.4857,77.44,59.95,74.91,99.44,144.32,52.47,98.12,26.18,0.0,0.0,0.0,3.08,0.0,4.73,4.07,0.0,632.83,11.88
61.4957,74.03,58.3,73.37,102.3,142.56,55.11,99.55,27.5,0.0,0.0,0.0,0.0,3.3,3.52,2.75,2.86,632.72,12.43
61.5057,72.27,58.3,70.18,103.73,144.32,57.86,101.09,28.93,0.0,0.0,0.0,3.08,0.0,4.73,5.5,0.0,636.68,13.31
61.5157,68.86,55.11,70.18,108.02,144.32,59.29,102.63,27.5,0.0,0.0,0.0,3.08,3.3,3.52,5.5,0.0,635.91,15.4
61.5257,65.34,53.46,70.18,110.88,142.56,62.15,102.63,28.93,0.0,3.3,0.0,3.08,3.3,4.73,6.82,2.86,636.13,24.09
61.5357,60.17,51.81,65.56,112.42,144.32,64.9,104.06,28.93,0.0,0.0,0.0,3.08,9.9,5.83,8.25,2.86,632.17,29.92
61.5457,56.76,48.62,64.02,117.04,144.32,66.33,104.06,28.93,0.0,0.0,0.0,4.73,23.1,4.73,6.82,2.86,630.08,42.24
61.5557,53.35,45.32,62.48,117.04,142.56,67.76,104.06,30.36,0.0,0.0,0.0,4.73,44.66,5.83,6.82,2.86,622.93,64.9
61.5657,49.94,42.13,56.54,120.12,142.56,70.62,105.6,28.93,0.0,3.3,0.0,34.98,49.61,7.04,9.57,10.23,616.44,114.73
61.5757,44.77,35.64,51.04,121.66,142.56,70.62,105.6,30.36,0.0,0.0,0.0,66.11,47.96,10.67,9.57,11.66,602.25,145.97
61.5857,41.25,30.69,45.54,121.66,139.15,72.05,104.06,30.36,0.0,0.0,0.0,84.04,56.21,10.67,12.32,13.2,584.76,176.44
61.5957,36.08,24.31,41.36,120.12,139.15,73.48,104.06,30.36,0.0,0.0,0.0,97.46,68.75,12.98,13.75,14.63,568.92,207.57
61.6057,32.67,19.36,31.68,123.2,137.5,73.48,102.63,30.36,0.0,3.3,0.0,120.23,79.64,16.61,16.5,19.03,550.88,255.31
61.6157,29.26,12.87,26.18,123.2,135.74,74.8,101.09,30.36,0.0,0.0,0.0,140.8,90.42,18.92,19.25,22.0,533.5,291.39
61.6257,25.74,11.33,22.0,121.66,134.09,76.23,101.09,28.93,0.0,3.3,0.0,158.18,96.69,21.34,22.0,23.43,521.07,324.94
61.6357,24.09,8.03,17.93,121.66,130.68,76.23,99.55,30.36,0.0,0.0,0.0,176.44,98.23,21.34,24.75,24.86,508.53,345.62
61.6457,20.57,8.03,15.18,120.12,128.92,74.8,99.55,30.36,0.0,0.0,0.0,188.54,101.31,23.65,23.43,27.83,497.53,364.76
61.6557,17.16,6.38,13.75,121.66,120.45,73.48,96.58,30.36,3.63,4.95,2.86,197.12,99.77,23.65,24.75,27.83,479.82,384.56
61.6657,15.4,8.03,9.57,118.58,117.04,74.8,92.18,28.93,6.16,4.95,4.29,204.05,102.85,22.44,27.5,29.26,464.53,401.5
61.6757,11.99,6.38,11.0,113.96,108.68,74.8,93.61,27.5,11.0,6.6,5.72,210.98,102.85,23.65,26.18,30.8,447.92,417.78
61.6857,8.58,6.38,8.25,108.02,104.28,73.48,92.18,26.18,14.74,4.95,2.86,214.39,101.31,26.07,28.93,30.8,427.35,424.05
61.6957,6.82,4.84,8.25,96.58,95.48,74.8,89.21,24.75,17.16,9.9,4.29,217.91,98.23,26.07,24.75,29.26,400.73,427.57
61.7057,5.06,4.84,5.5,83.71,86.57,72.05,90.64,24.75,19.69,11.55,7.15,219.56,96.69,26.07,27.5,32.23,373.12,440.44
61.7157,3.41,3.19,4.07,67.98,77.77,72.05,92.18,23.43,23.43,23.1,5.72,217.91,98.23,24.86,27.5,32.23,344.08,452.98
61.7257,0.0,4.84,4.07,53.13,70.4,69.19,90.64,22.0,24.64,29.7,7.15,217.91,99.77,24.86,26.18,29.26,314.27,459.47
61.7357,0.0,3.19,4.07,42.57,61.6,70.62,92.18,22.0,27.06,37.95,10.01,214.39,104.39,26.07,28.93,30.8,296.23,479.6
61.7457,0.0,3.19,2.75,33.11,54.34,67.76,92.18,20.68,28.27,44.55,14.3,212.74,109.01,24.86,27.5,30.8,274.01,492.03
61.7557,0.0,0.0,2.75,25.96,50.16,64.9,92.18,20.68,29.59,44.55,18.59,210.98,113.63,27.28,28.93,32.23,256.63,505.78
61.7657,0.0,0.0,2.75,18.92,43.12,63.58,90.64,19.25,30.8,47.85,20.02,207.46,118.47,27.28,30.36,30.8,238.26,513.04
61.7757,0.0,0.0,2.75,15.29,40.37,60.72,89.21,17.93,30.8,47.85,24.31,210.98,123.31,26.07,30.36,30.8,226.27,524.48
61.7857,0.0,3.19,0.0,12.98,36.19,56.43,87.67,17.93,30.8,47.85,25.74,209.22,123.31,27.28,31.68,33.66,214.39,529.54
61.7957,0.0,0.0,0.0,10.56,34.76,51.15,83.16,17.93,30.8,47.85,27.17,209.22,128.15,28.38,28.93,30.8,197.56,531.3
61.8057,0.0,3.19,2.75,10.56,32.01,47.19,81.73,16.5,30.8,51.15,25.74,210.98,129.8,28.38,33.11,33.66,193.93,543.62
61.8157,0.0,3.19,2.75,9.46,30.58,41.91,75.79,16.5,32.01,49.5,27.17,209.22,133.1,28.38,33.11,32.23,180.18,544.72
61.8257,0.0,0.0,2.75,8.25,29.26,39.27,72.71,15.18,32.01,51.15,28.6,209.22,134.64,29.59,34.43,32.23,167.42,551.87
61.8357,0.0,3.19,2.75,7.04,29.26,35.42,66.77,13.75,32.01,52.8,28.6,209.22,136.29,29.59,33.11,32.23,158.18,553.85
61.8457,0.0,0.0,2.75,8.25,27.83,30.14,59.4,11.0,32.01,49.5,28.6,210.98,137.94,30.8,37.18,32.23,139.37,559.24
61.8557,0.0,3.19,2.75,8.25,26.4,27.5,55.0,12.32,32.01,51.15,30.03,209.22,144.43,33.22,41.36,33.66,135.41,575.08
61.8657,0.0,3.19,0.0,7.04,23.65,22.22,47.74,12.32,30.8,49.5,27.17,214.39,145.97,35.53,39.93,36.63,116.16,579.92
61.8757,0.0,0.0,2.75,8.25,22.22,19.58,40.48,11.0,30.8,49.5,28.6,216.15,147.62,36.74,44.11,36.63,104.28,590.15
61.8857,0.0,3.19,2.75,7.04,20.9,14.41,36.19,9.57,29.59,47.85,27.17,217.91,154.11,37.95,46.86,36.63,94.05,598.07
61.8957,0.0,0.0,0.0,7.04,18.04,13.09,30.36,9.57,29.59,49.5,27.17,217.91,155.76,40.26,48.29,36.63,78.1,605.11
61.9057,0.0,3.19,0.0,5.83,18.04,10.45,24.53,9.57,28.27,49.5,25.74,219.56,158.95,41.47,48.29,38.06,71.61,609.84
61.9157,0.0,0.0,0.0,7.04,16.72,6.49,18.81,9.57,27.06,47.85,24.31,221.32,160.6,44.99,52.36,35.2,58.63,613.69
61.9257,0.0,0.0,0.0,7.04,13.86,7.81,15.84,8.25,25.85,44.55,24.31,224.84,165.44,46.2,55.11,38.06,52.8,624.36
61.9357,0.0,0.0,2.75,7.04,9.68,5.17,12.98,8.25,25.85,44.55,22.88,226.49,167.09,47.41,55.11,36.63,45.87,626.01
61.9457,0.0,0.0,0.0,5.83,9.68,5.17,12.98,5.5,25.85,42.9,22.88,228.25,170.39,49.83,56.54,36.63,39.16,633.27
61.9557,0.0,0.0,2.75,4.73,8.36,3.85,10.12,5.5,25.85,42.9,22.88,226.49,172.15,50.93,60.94,36.63,35.31,638.77
61.9657,0.0,0.0,2.75,4.73,8.36,3.85,10.12,4.07,24.64,39.6,24.31,230.01,173.91,52.14,63.91,39.6,33.88,648.12
61.9757,0.0,0.0,2.75,3.52,6.93,3.85,7.15,5.5,24.64,42.9,22.88,228.25,179.3,50.93,65.34,39.6,29.7,653.84
61.9857,0.0,0.0,2.75,3.52,6.93,3.85,7.15,5.5,24.64,42.9,24.31,230.01,179.3,54.56,63.91,38.06,29.7,657.69
61.9957,0.0,0.0,2.75,4.73,6.93,3.85,4.29,4.07,24.64,41.25,25.74,230.01,181.17,54.56,66.88,36.63,26.62,660.88
62.0057,0.0,0.0,2.75,3.52,5.5,2.53,5.72,2.75,24.64,41.25,25.74,226.49,184.8,54.56,69.85,38.06,22.77,665.39
62.0157,0.0,0.0,0.0,3.52,6.93,2.53,5.72,2.75,24.64,42.9,27.17,226.49,186.56,55.77,69.85,39.6,21.45,672.98
62.0257,0.0,0.0,2.75,4.73,5.5,0.0,5.72,4.07,24.64,42.9,27.17,224.84,190.19,57.2,72.82,38.06,22.77,677.82
62.0357,0.0,0.0,2.75,3.52,5.5,2.53,4.29,2.75,24.64,41.25,27.17,224.84,191.95,57.2,72.82,39.6,21.34,679.47
62.0457,0.0,0.0,0.0,2.31,6.93,0.0,5.72,4.07,23.43,41.25,25.74,223.08,193.71,58.74,72.82,39.6,19.03,678.37
62.0557,0.0,0.0,2.75,3.52,4.18,0.0,5.72,4.07,23.43,39.6,25.74,224.84,193.71,58.74,75.79,39.6,20.24,681.45
62.0657,0.0,0.0,2.75,3.52,4.18,2.53,2.86,2.75,23.43,36.3,24.31,224.84,195.58,60.28,77.33,39.6,18.59,681.67
62.0757,0.0,0.0,2.75,3.52,5.5,0.0,4.29,0.0,20.9,33.0,22.88,223.08,197.34,61.71,75.79,39.6,16.06,674.3
62.0857,3.41,0.0,2.75,2.31,6.93,0.0,4.29,2.75,20.9,31.35,21.45,223.08,195.58,63.25,78.76,41.03,22.44,675.4
62.0957,0.0,0.0,2.75,2.31,5.5,2.53,4.29,2.75,19.69,28.05,20.02,224.84,197.34,63.25,81.84,39.6,20.13,674.63
62.1057,3.41,0.0,0.0,2.31,4.18,0.0,2.86,2.75,19.69,26.4,18.59,226.49,199.21,66.22,81.84,39.6,15.51,678.04
62.1157,3.41,0.0,2.75,2.31,5.5,0.0,4.29,2.75,18.48,24.75,17.16,226.49,199.21,69.3,83.27,39.6,21.01,678.26
62.1257,3.41,0.0,2.75,2.31,5.5,0.0,2.86,2.75,17.16,21.45,17.16,224.84,199.21,72.27,84.81,38.06,19.58,674.96
62.1357,5.06,0.0,0.0,3.52,4.18,0.0,4.29,0.0,15.95,19.8,14.3,230.01,199.21,72.27,87.78,41.03,17.05,680.35
62.1456,5.06,0.0,2.75,3.52,5.5,0.0,4.29,2.75,15.95,18.15,12.87,230.01,200.97,75.35,87.78,41.03,23.87,682.11
62.1556,6.82,0.0,2.75,3.52,5.5,2.53,4.29,2.75,14.74,13.2,11.44,231.77,197.34,78.32,89.21,41.03,28.16,677.05
62.1656,8.58,0.0,2.75,3.52,4.18,0.0,2.86,2.75,13.53,13.2,11.44,230.01,199.21,81.4,90.75,41.03,24.64,680.57
62.1756,10.23,0.0,0.0,3.52,4.18,0.0,4.29,2.75,13.53,11.55,8.58,233.53,199.21,79.86,93.72,41.03,24.97,681.01
62.1856,13.75,0.0,2.75,3.52,6.93,2.53,2.86,2.75,11.0,8.25,8.58,231.77,199.21,84.37,93.72,42.46,35.09,679.36
62.1956,17.16,0.0,5.5,3.52,8.36,2.53,4.29,2.75,9.79,6.6,7.15,233.53,199.21,87.34,98.23,41.03,44.11,682.88
62.2056,20.57,0.0,8.25,7.04,32.01,2.53,5.72,4.07,8.58,4.95,5.72,233.53,199.21,90.42,96.69,41.03,80.19,680.13
62.2156,27.5,0.0,8.25,9.46,33.44,3.85,7.15,5.5,7.37,4.95,5.72,230.01,197.34,93.39,101.2,41.03,95.15,681.01
62.2256,34.43,3.19,11.0,12.98,45.98,3.85,7.15,6.82,4.84,4.95,5.72,228.25,197.34,96.47,102.74,44.0,125.4,684.31
62.2356,44.77,4.84,9.57,18.92,51.48,5.17,7.15,5.5,3.63,4.95,2.86,223.08,193.71,100.98,101.2,42.46,147.4,672.87
62.2456,60.17,8.03,15.18,27.17,54.34,5.17,8.69,8.25,2.42,4.95,2.86,219.56,188.32,103.95,102.74,41.03,187.0,665.83
62.2556,79.2,21.01,23.43,31.9,55.77,5.17,10.12,8.25,0.0,0.0,2.86,212.74,175.78,107.03,105.71,41.03,234.85,645.15
62.2656,89.54,29.15,33.11,31.9,57.2,5.17,8.69,8.25,0.0,0.0,0.0,198.88,165.44,108.46,102.74,36.63,263.01,612.15
62.2756,94.71,33.99,38.61,33.11,61.6,5.17,10.12,8.25,0.0,0.0,0.0,174.68,149.27,110.0,101.2,36.63,285.56,571.78
62.2856,98.12,38.83,44.11,34.21,63.03,6.49,10.12,8.25,0.0,0.0,0.0,145.53,128.15,107.03,104.17,33.66,303.16,518.54
62.2956,103.29,43.67,48.29,35.42,64.57,5.17,10.12,8.25,0.0,0.0,0.0,112.42,107.47,111.54,105.71,32.23,318.78,469.37
62.3056,110.22,50.16,49.72,37.84,66.0,7.81,10.12,9.57,0.0,0.0,0.0,79.53,91.96,110.0,104.17,30.8,341.44,416.46
62.3156,117.15,55.11,55.22,38.94,64.57,5.17,8.69,9.57,0.0,0.0,0.0,46.2,73.37,105.49,110.22,24.86,354.42,360.14
62.3256,122.43,61.6,62.48,40.15,64.57,5.17,8.69,9.57,0.0,0.0,0.0,19.03,56.21,85.91,116.27,23.43,374.66,300.85
62.3356,129.36,68.2,70.18,41.36,66.0,6.49,10.12,9.57,0.0,0.0,0.0,14.3,29.81,49.83,120.89,19.03,401.28,233.86
62.3456,134.64,76.34,74.91,46.09,68.97,6.49,10.12,8.25,0.0,0.0,0.0,9.46,14.85,24.86,119.35,14.63,425.81,183.15
62.3556,141.57,84.48,82.72,48.4,67.54,6.49,10.12,11.0,0.0,0.0,0.0,9.46,11.55,12.98,98.23,10.23,452.32,142.45
62.3656,146.85,91.08,87.34,49.61,68.97,7.81,11.55,11.0,0.0,0.0,0.0,7.92,9.9,9.46,68.31,7.26,474.21,102.85
62.3756,150.37,96.03,95.15,52.03,70.4,7.81,10.12,11.0,0.0,0.0,0.0,6.27,8.25,5.83,44.11,4.4,492.91,68.86
62.3856,153.89,99.22,102.85,50.82,71.94,6.49,10.12,11.0,0.0,0.0,0.0,3.08,9.9,7.04,37.18,4.4,506.33,61.6
62.3956,157.3,100.87,107.58,52.03,70.4,6.49,10.12,11.0,0.0,0.0,0.0,3.08,8.25,4.73,33.11,4.4,515.79,53.57
62.4056,159.06,104.17,110.66,52.03,71.94,7.81,10.12,11.0,0.0,0.0,0.0,6.27,4.95,3.52,27.5,4.4,526.79,46.64
62.4156,159.06,105.82,113.85,52.03,74.8,7.81,11.55,11.0,0.0,0.0,0.0,4.73,6.6,2.31,20.68,5.83,535.92,40.15
62.4256,159.06,105.82,117.04,52.03,76.34,6.49,11.55,11.0,0.0,0.0,0.0,0.0,4.95,3.52,13.75,0.0,539.33,22.22
62.4356,159.06,104.17,117.04,53.13,76.34,7.81,10.12,9.57,0.0,0.0,0.0,4.73,6.6,3.52,9.57,2.86,537.24,27.28
62.4456,157.3,104.17,117.04,53.13,76.34,7.81,11.55,9.57,0.0,0.0,0.0,3.08,6.6,3.52,8.25,2.86,536.91,24.31
62.4556,155.54,102.52,115.39,53.13,76.34,7.81,11.55,11.0,0.0,0.0,0.0,4.73,3.3,3.52,6.82,2.86,533.28,21.23
62.4656,153.89,100.87,115.39,54.34,73.37,7.81,11.55,12.32,0.0,0.0,0.0,4.73,3.3,3.52,6.82,2.86,529.54,21.23
62.4756,152.13,100.87,112.2,55.55,74.8,7.81,11.55,9.57,0.0,0.0,0.0,3.08,3.3,3.52,4.07,2.86,524.48,16.83
62.4856,150.37,99.22,109.12,55.55,73.37,7.81,11.55,9.57,0.0,0.0,0.0,3.08,3.3,3.52,4.07,2.86,516.56,16.83
62.4956,146.85,99.22,106.04,57.97,73.37,6.49,12.98,11.0,0.0,0.0,0.0,3.08,3.3,3.52,2.75,2.86,513.92,15.51
62.5056,145.09,96.03,106.04,59.4,73.37,6.49,10.12,12.32,0.0,0.0,0.0,3.08,3.3,3.52,4.07,2.86,508.86,16.83
62.5156,141.57,94.38,104.5,59.4,74.8,7.81,11.55,11.0,0.0,0.0,0.0,3.08,3.3,2.31,2.75,0.0,505.01,11.44
62.5256,138.16,92.73,102.85,63.69,76.34,6.49,12.98,12.32,0.0,0.0,0.0,3.08,0.0,2.31,5.5,2.86,505.56,13.75
62.5356,134.64,91.08,99.77,66.55,77.77,6.49,12.98,12.32,0.0,0.0,0.0,3.08,0.0,2.31,5.5,2.86,501.6,13.75
62.5456,129.36,87.78,96.69,69.41,80.74,9.13,12.98,13.75,0.0,0.0,0.0,3.08,0.0,0.0,5.5,0.0,499.84,8.58
62.5556,124.19,86.13,96.69,75.13,83.71,7.81,14.41,12.32,0.0,0.0,0.0,3.08,3.3,0.0,5.5,2.86,500.39,14.74
62.5656,118.91,82.94,93.61,79.42,85.14,9.13,15.84,11.0,0.0,0.0,0.0,3.08,0.0,2.31,2.75,0.0,495.99,8.14
62.5756,113.63,77.99,91.96,85.14,89.54,9.13,17.38,13.75,0.0,0.0,0.0,3.08,3.3,0.0,4.07,0.0,498.52,10.45
62.5856,108.46,77.99,90.42,89.43,92.51,10.45,20.24,13.75,0.0,0.0,0.0,3.08,0.0,0.0,4.07,0.0,503.25,7.15
62.5956,101.53,73.04,87.34,95.15,95.48,9.13,24.53,15.18,0.0,0.0,0.0,3.08,0.0,0.0,4.07,0.0,501.38,7.15
62.6056,96.36,71.39,87.34,99.44,101.31,10.45,30.36,16.5,0.0,0.0,0.0,3.08,0.0,0.0,4.07,0.0,513.15,7.15
62.6156,89.54,68.2,84.26,106.59,104.28,13.09,34.76,17.93,0.0,0.0,0.0,3.08,0.0,2.31,0.0,0.0,518.65,5.39
62.6256,84.37,61.6,81.07,112.42,108.68,15.73,40.48,17.93,0.0,0.0,0.0,0.0,0.0,0.0,4.07,0.0,522.28,4.07
62.6356,75.68,59.95,79.53,118.58,115.28,19.58,46.31,19.25,0.0,0.0,0.0,0.0,0.0,2.31,2.75,0.0,534.16,5.06
62.6456,68.86,56.65,74.91,126.28,122.1,26.18,53.57,20.68,0.0,0.0,0.0,0.0,3.3,0.0,4.07,0.0,549.23,7.37
62.6556,61.93,50.16,71.83,132.55,128.92,32.78,62.37,23.43,0.0,0.0,0.0,0.0,0.0,0.0,4.07,0.0,563.97,4.07
62.6656,55.11,45.32,67.1,141.79,137.5,40.59,69.74,23.43,0.0,0.0,0.0,0.0,0.0,0.0,2.75,0.0,580.58,2.75
62.6756,48.18,40.48,60.94,147.95,142.56,49.83,80.19,23.43,0.0,0.0,0.0,0.0,0.0,0.0,4.07,0.0,593.56,4.07
62.6856,43.01,33.99,53.79,155.76,149.38,56.43,89.21,28.93,0.0,0.0,0.0,0.0,3.3,0.0,2.75,0.0,610.5,6.05
62.6956,39.6,29.15,46.86,161.92,154.55,66.33,101.09,30.36,0.0,0.0,0.0,3.08,0.0,0.0,2.75,0.0,629.86,5.83
62.7056,34.43,24.31,41.36,168.19,163.02,74.8,110.0,30.36,0.0,0.0,0.0,3.08,0.0,0.0,4.07,0.0,646.47,7.15
62.7156,30.91,17.82,33.11,173.03,169.84,86.13,121.11,33.11,0.0,0.0,0.0,0.0,0.0,0.0,0.0,0.0,665.06,0.0
62.7256,27.5,12.87,26.18,177.87,178.64,94.6,132.33,34.43,0.0,0.0,0.0,0.0,0.0,0.0,0.0,0.0,684.42,0.0
62.7356,24.09,9.68,17.93,184.36,183.81,105.93,143.55,34.43,0.0,0.0,0.0,0.0,0.0,0.0,4.07,0.0,703.78,4.07
62.7456,20.57,9.68,13.75,189.2,190.85,114.62,154.88,38.61,0.0,0.0,0.0,0.0,0.0,0.0,4.07,0.0,732.16,4.07
62.7556,15.4,8.03,13.75,190.85,194.26,128.48,161.26,38.61,4.84,0.0,0.0,0.0,3.3,0.0,2.75,0.0,750.64,10.89
62.7656,13.75,6.38,12.43,197.23,192.61,137.61,170.94,38.61,7.37,0.0,0.0,0.0,0.0,0.0,2.75,0.0,769.56,10.12
62.7756,8.58,8.03,8.25,202.18,192.61,151.36,183.04,41.36,9.79,0.0,0.0,0.0,0.0,0.0,2.75,0.0,795.41,12.54
62.7856,5.06,6.38,6.82,205.37,190.85,163.68,190.08,42.68,17.16,0.0,0.0,0.0,0.0,0.0,2.75,0.0,810.92,19.91
62.7956,0.0,4.84,4.07,210.21,182.05,173.36,197.12,41.36,22.11,0.0,0.0,0.0,0.0,0.0,0.0,0.0,813.01,22.11
62.8056,0.0,4.84,5.5,211.86,169.84,183.26,200.53,42.68,30.8,0.0,0.0,0.0,0.0,0.0,0.0,0.0,818.51,30.8
62.8156,0.0,4.84,2.75,208.56,156.2,191.62,204.05,42.68,40.7,0.0,0.0,0.0,0.0,0.0,0.0,0.0,810.7,40.7
62.8256,0.0,4.84,4.07,198.88,137.5,201.52,205.81,41.36,55.44,3.3,0.0,0.0,0.0,0.0,2.75,0.0,793.98,61.49
62.8356,0.0,4.84,4.07,179.52,118.69,209.88,204.05,41.36,74.03,23.1,2.86,3.08,0.0,0.0,2.75,0.0,762.41,105.82
62.8456,0.0,3.19,4.07,157.3,101.31,216.48,204.05,41.36,79.31,67.1,11.44,6.27,8.25,3.52,4.07,2.86,727.76,182.82
62.8556,0.0,3.19,2.75,129.36,82.17,226.49,200.53,42.68,87.34,85.58,35.75,7.92,11.55,2.31,6.82,4.4,687.17,241.67
62.8656,0.0,3.19,2.75,106.59,64.57,233.09,190.08,41.36,94.05,99.44,44.33,14.3,13.2,4.73,9.57,7.26,641.63,286.88
62.8756,0.0,3.19,4.07,83.71,44.55,238.04,170.94,41.36,98.12,113.41,51.48,31.79,19.8,5.83,11.0,8.8,585.86,340.23
62.8856,0.0,3.19,2.75,59.4,27.83,239.69,142.01,41.36,94.05,113.41,55.77,41.36,33.11,7.04,11.0,10.23,516.23,365.97
62.8956,0.0,3.19,2.75,28.38,23.65,231.44,92.18,44.11,91.41,115.06,60.28,50.93,43.01,8.25,12.32,11.66,425.7,392.92
62.9056,0.0,3.19,2.75,21.23,20.9,173.36,47.74,60.94,92.73,123.31,64.9,58.74,51.26,8.25,12.32,13.2,330.11,424.71
62.9156,0.0,4.84,2.75,18.92,19.47,119.24,28.93,75.79,95.48,126.61,67.98,66.11,57.97,9.46,12.32,13.2,269.94,449.13
62.9256,0.0,4.84,0.0,12.98,15.29,77.66,23.1,68.31,98.12,134.86,74.25,72.16,61.05,10.67,13.75,16.06,202.18,480.92
62.9356,0.0,4.84,2.75,10.56,12.54,30.14,18.81,39.93,99.44,141.35,77.33,76.56,65.67,10.67,15.18,13.2,119.57,499.4
62.9456,0.0,4.84,2.75,8.25,9.68,19.58,12.98,26.18,99.44,144.65,78.87,81.07,71.83,11.77,16.5,16.06,84.26,520.19
62.9556,0.0,3.19,0.0,7.04,8.36,11.77,10.12,24.75,99.44,147.95,81.95,89.98,74.91,11.77,16.5,17.6,65.23,540.1
62.9656,0.0,3.19,0.0,5.83,6.93,7.81,8.69,17.93,99.44,149.6,83.49,94.49,78.1,12.98,13.75,17.6,50.38,549.45
62.9756,0.0,0.0,0.0,5.83,4.18,6.49,7.15,11.0,99.44,154.55,85.03,97.46,82.72,12.98,16.5,17.6,34.65,566.28
62.9856,0.0,3.19,0.0,4.73,5.5,3.85,4.29,4.07,98.12,156.2,85.03,104.94,82.72,12.98,15.18,19.03,25.63,574.2
62.9956,0.0,0.0,0.0,4.73,2.75,5.17,4.29,2.75,96.8,157.85,85.03,106.37,85.8,14.19,17.93,20.46,19.69,584.43
63.0056,0.0,0.0,0.0,2.31,4.18,5.17,4.29,2.75,94.05,156.2,83.49,113.96,87.34,14.19,17.93,19.03,18.7,586.19
63.0156,0.0,0.0,0.0,2.31,0.0,3.85,4.29,0.0,92.73,154.55,81.95,115.5,88.88,15.4,16.5,20.46,10.45,585.97
63.0256,0.0,0.0,0.0,2.31,2.75,3.85,4.29,0.0,88.77,151.25,78.87,120.23,91.96,14.19,19.25,20.46,13.2,584.98
63.0356,0.0,0.0,0.0,3.52,2.75,3.85,0.0,2.75,84.7,146.3,75.79,124.96,93.5,14.19,19.25,22.0,12.87,580.69
63.0456,0.0,0.0,0.0,2.31,0.0,3.85,0.0,0.0,79.31,139.7,69.52,128.15,96.69,16.61,17.93,22.0,6.16,569.91
63.0556,0.0,0.0,0.0,2.31,0.0,2.53,0.0,2.75,74.03,134.86,67.98,131.34,98.23,15.4,19.25,22.0,7.59,563.09
63.0656,0.0,0.0,0.0,3.52,2.75,3.85,2.86,0.0,69.96,131.56,66.44,134.42,98.23,17.71,17.93,23.43,12.98,559.68
63.0756,0.0,0.0,0.0,2.31,2.75,0.0,2.86,0.0,64.57,123.31,63.36,134.42,101.31,15.4,22.0,24.86,7.92,549.23
63.0856,0.0,0.0,0.0,2.31,0.0,2.53,0.0,0.0,59.29,115.06,58.74,140.8,102.85,16.61,20.68,24.86,4.84,538.89
63.0956,0.0,0.0,0.0,2.31,0.0,2.53,0.0,0.0,55.44,110.22,55.77,140.8,104.39,17.71,22.0,24.86,4.84,531.19
63.1056,0.0,0.0,0.0,2.31,0.0,0.0,0.0,0.0,49.28,100.98,51.48,150.26,104.39,17.71,22.0,26.4,2.31,522.5
63.1156,0.0,0.0,0.0,0.0,0.0,2.53,0.0,2.75,44.33,93.28,47.19,156.53,109.01,18.92,23.43,24.86,5.28,517.55
63.1256,0.0,0.0,0.0,0.0,2.75,2.53,0.0,2.75,38.17,84.04,41.47,164.45,115.28,17.71,24.75,26.4,8.03,512.27
63.1356,0.0,0.0,0.0,0.0,0.0,2.53,0.0,2.75,33.22,73.26,37.18,172.92,121.66,18.92,24.75,26.4,5.28,508.31
63.1456,0.0,0.0,0.0,0.0,0.0,0.0,0.0,2.75,29.59,64.02,32.89,185.02,126.61,21.34,23.43,27.83,2.75,510.73
63.1556,0.0,0.0,0.0,0.0,0.0,2.53,0.0,2.75,25.85,56.1,27.17,195.47,131.45,23.65,26.18,30.8,5.28,516.67
63.1656,0.0,0.0,0.0,0.0,0.0,0.0,0.0,2.75,22.11,44.55,24.31,209.22,137.94,28.38,33.11,30.8,2.75,530.42
63.1756,0.0,0.0,0.0,2.31,0.0,0.0,0.0,2.75,19.69,34.65,20.02,221.32,144.43,37.95,38.61,33.66,5.06,550.33
63.1856,0.0,0.0,0.0,0.0,0.0,0.0,0.0,0.0,18.48,28.05,15.73,228.25,152.46,46.2,45.54,36.63,0.0,571.34
63.1956,0.0,0.0,2.75,0.0,0.0,0.0,0.0,0.0,14.74,19.8,12.87,238.81,158.95,60.28,52.36,39.6,2.75,597.41
63.2056,0.0,0.0,0.0,0.0,0.0,0.0,0.0,0.0,13.53,13.2,10.01,244.09,165.44,73.81,60.94,39.6,0.0,620.62
63.2156,0.0,0.0,0.0,0.0,0.0,0.0,0.0,2.75,9.79,11.55,5.72,251.02,172.15,87.34,68.31,39.6,2.75,645.48
63.2256,0.0,0.0,0.0,0.0,0.0,0.0,0.0,0.0,8.58,11.55,5.72,259.82,177.54,99.44,78.76,42.46,0.0,683.87
63.2356,0.0,0.0,0.0,0.0,0.0,0.0,0.0,2.75,4.84,9.9,4.29,265.1,182.93,113.08,87.78,44.0,2.75,711.92
63.2456,0.0,0.0,0.0,0.0,0.0,0.0,0.0,0.0,2.42,8.25,2.86,272.14,184.8,128.7,98.23,46.86,0.0,744.26
63.2556,0.0,0.0,0.0,0.0,0.0,0.0,0.0,0.0,0.0,4.95,2.86,280.72,186.56,144.32,104.17,45.43,0.0,769.01
63.2656,0.0,0.0,0.0,2.31,0.0,0.0,0.0,2.75,0.0,6.6,2.86,280.72,182.93,161.81,116.27,49.83,5.06,801.02
63.2756,5.06,0.0,0.0,0.0,0.0,0.0,0.0,0.0,0.0,4.95,0.0,287.54,179.3,177.43,123.97,48.4,5.06,821.59
63.2856,11.99,0.0,0.0,0.0,0.0,0.0,0.0,0.0,0.0,4.95,0.0,287.54,175.78,194.81,123.97,48.4,11.99,835.45
63.2956,11.99,0.0,0.0,0.0,0.0,0.0,0.0,0.0,0.0,3.3,2.86,280.72,163.9,206.91,131.56,49.83,11.99,839.08
63.3056,17.16,0.0,0.0,0.0,0.0,0.0,0.0,0.0,0.0,3.3,0.0,265.1,155.76,215.6,134.64,46.86,17.16,821.26
63.3156,22.33,0.0,0.0,0.0,0.0,0.0,0.0,0.0,0.0,3.3,0.0,242.33,147.62,224.4,137.72,46.86,22.33,802.23
63.3256,34.43,0.0,0.0,0.0,0.0,0.0,0.0,0.0,0.0,3.3,0.0,217.91,139.59,233.53,142.34,44.0,34.43,780.67
63.3356,51.59,0.0,0.0,0.0,0.0,0.0,0.0,0.0,0.0,0.0,0.0,186.78,133.1,242.66,143.88,45.43,51.59,751.85
63.3456,70.51,0.0,0.0,2.31,0.0,0.0,0.0,0.0,0.0,3.3,0.0,158.18,124.96,246.4,148.39,44.0,72.82,725.23
63.3556,96.36,0.0,0.0,3.52,4.18,0.0,0.0,0.0,0.0,3.3,0.0,129.69,120.12,250.03,149.93,42.46,104.06,695.53
63.3656,139.92,6.38,8.25,3.52,4.18,2.53,0.0,0.0,0.0,3.3,0.0,107.91,110.55,248.16,153.01,41.03,164.78,663.96
63.3756,153.89,69.74,42.79,5.83,9.68,2.53,4.29,2.75,0.0,3.3,0.0,84.04,96.69,250.03,149.93,38.06,291.5,622.05
63.3856,152.13,86.13,82.72,7.04,11.11,3.85,5.72,5.5,0.0,3.3,2.86,61.71,76.45,248.16,145.42,36.63,354.2,574.53
63.3956,150.37,89.43,93.61,10.56,11.11,5.17,5.72,5.5,0.0,3.3,0.0,38.17,47.96,242.66,131.56,35.2,371.47,498.85
63.4056,146.85,94.38,96.69,22.44,23.65,6.49,5.72,5.5,0.0,3.3,0.0,28.6,36.41,201.74,84.81,38.06,401.72,392.92
63.4156,148.61,102.52,99.77,35.42,32.01,6.49,5.72,6.82,0.0,3.3,2.86,25.41,33.11,142.67,45.54,46.86,437.36,299.75
63.4256,150.37,109.12,101.31,43.67,36.19,6.49,7.15,6.82,0.0,4.95,0.0,20.68,28.05,87.34,24.75,83.27,461.12,249.04
63.4356,153.89,114.07,109.12,48.4,38.94,6.49,5.72,8.25,0.0,3.3,0.0,17.49,23.1,35.53,20.68,90.97,484.88,191.07
63.4456,159.06,120.78,112.2,53.13,40.37,6.49,5.72,6.82,0.0,0.0,0.0,15.84,19.8,22.44,19.25,66.44,504.57,143.77
63.4556,159.06,122.43,115.39,55.55,40.37,6.49,7.15,8.25,0.0,0.0,0.0,11.11,13.2,17.71,16.5,42.46,514.69,100.98
63.4656,162.58,127.49,118.69,57.97,43.12,6.49,7.15,8.25,0.0,0.0,0.0,7.92,9.9,10.67,13.75,29.26,531.74,71.5
63.4756,164.34,127.49,120.34,60.83,45.98,5.17,7.15,8.25,0.0,0.0,0.0,6.27,6.6,10.67,8.25,17.6,539.55,49.39
63.4856,162.58,130.79,117.04,63.69,45.98,6.49,7.15,8.25,0.0,3.3,0.0,4.73,4.95,9.46,5.5,10.23,541.97,38.17
63.4956,159.06,130.79,115.39,66.55,47.3,6.49,7.15,9.57,0.0,0.0,0.0,4.73,3.3,7.04,4.07,4.4,542.3,23.54
63.5056,155.54,129.14,117.04,70.84,47.3,6.49,7.15,8.25,0.0,3.3,0.0,4.73,0.0,7.04,2.75,5.83,541.75,23.65
63.5156,152.13,129.14,112.2,72.27,48.73,6.49,7.15,9.57,0.0,0.0,0.0,4.73,0.0,5.83,5.5,4.4,537.68,20.46
63.5256,148.61,124.08,109.12,77.99,50.16,5.17,7.15,9.57,0.0,0.0,0.0,3.08,3.3,7.04,4.07,5.83,531.85,23.32
63.5356,141.57,124.08,104.5,79.42,50.16,6.49,8.69,8.25,0.0,0.0,0.0,4.73,3.3,4.73,4.07,4.4,523.16,21.23
63.5456,134.64,119.13,98.23,83.71,48.73,7.81,8.69,9.57,0.0,0.0,0.0,4.73,3.3,3.52,5.5,4.4,510.51,21.45
63.5556,131.12,117.37,93.61,85.14,50.16,7.81,10.12,8.25,0.0,0.0,0.0,0.0,3.3,4.73,5.5,4.4,503.58,17.93
63.5656,124.19,112.42,88.88,92.29,50.16,7.81,8.69,9.57,0.0,0.0,0.0,0.0,0.0,4.73,5.5,2.86,494.01,13.09
63.5755,118.91,109.12,81.07,95.15,48.73,7.81,7.15,9.57,0.0,0.0,0.0,0.0,0.0,4.73,0.0,2.86,477.51,7.59
63.5855,111.87,104.17,77.99,100.87,51.48,7.81,8.69,9.57,0.0,0.0,0.0,3.08,0.0,4.73,4.07,4.4,472.45,16.28
63.5955,105.05,99.22,73.37,106.59,51.48,7.81,8.69,9.57,0.0,0.0,0.0,3.08,0.0,2.31,4.07,4.4,461.78,13.86
63.6055,98.12,92.73,65.56,113.96,54.34,7.81,8.69,11.0,0.0,0.0,0.0,0.0,0.0,3.52,2.75,4.4,452.21,10.67
63.6155,89.54,86.13,60.94,118.58,57.2,9.13,10.12,11.0,0.0,0.0,0.0,0.0,0.0,3.52,4.07,4.4,442.64,11.99
63.6255,82.61,79.64,55.22,127.82,60.17,9.13,11.55,12.32,0.0,0.0,0.0,3.08,0.0,3.52,2.75,0.0,438.46,9.35
63.6355,74.03,73.04,52.47,134.09,66.0,10.45,11.55,12.32,0.0,0.0,0.0,0.0,0.0,2.31,2.75,0.0,433.95,5.06
63.6455,65.34,66.55,48.29,144.87,73.37,10.45,10.12,12.32,0.0,0.0,0.0,0.0,0.0,2.31,2.75,0.0,431.31,5.06
63.6555,58.52,59.95,44.11,155.76,80.74,10.45,12.98,12.32,0.0,0.0,0.0,0.0,0.0,2.31,2.75,2.86,434.83,7.92
63.6655,51.59,53.46,40.04,166.54,88.11,11.77,14.41,15.18,0.0,0.0,0.0,0.0,0.0,0.0,0.0,2.86,441.1,2.86
63.6755,44.77,45.32,37.29,181.06,96.91,13.09,15.84,16.5,0.0,0.0,0.0,0.0,0.0,2.31,2.75,2.86,450.78,7.92
63.6855,39.6,38.83,33.11,192.39,107.25,20.9,24.53,19.25,0.0,0.0,0.0,0.0,0.0,2.31,0.0,2.86,475.86,5.17
63.6955,36.08,33.99,26.18,205.37,117.04,28.82,36.19,20.68,0.0,0.0,0.0,0.0,0.0,0.0,0.0,2.86,504.35,2.86
63.7055,32.67,27.5,23.43,211.86,125.51,43.23,47.74,23.43,0.0,0.0,0.0,0.0,0.0,2.31,2.75,0.0,535.37,5.06
63.7155,29.26,21.01,19.25,221.54,132.33,55.11,57.86,26.18,0.0,0.0,0.0,0.0,0.0,2.31,2.75,2.86,562.54,7.92
63.7255,22.33,12.87,15.18,226.38,144.32,70.62,69.74,27.5,0.0,0.0,0.0,0.0,0.0,0.0,2.75,0.0,588.94,2.75
63.7355,20.57,9.68,13.75,234.3,152.79,83.38,84.7,28.93,0.0,0.0,0.0,0.0,0.0,0.0,2.75,2.86,628.1,5.61
63.7455,15.4,9.68,11.0,239.03,161.37,96.03,96.58,30.36,0.0,0.0,0.0,0.0,0.0,0.0,0.0,2.86,659.45,2.86
63.7555,11.99,8.03,12.43,239.03,166.43,111.65,111.54,33.11,0.0,0.0,0.0,0.0,0.0,2.31,0.0,0.0,694.21,2.31
63.7655,8.58,8.03,9.57,243.76,168.19,125.4,127.49,34.43,0.0,0.0,0.0,0.0,0.0,0.0,2.75,2.86,725.45,5.61
63.7755,5.06,6.38,8.25,243.76,175.12,143.77,138.71,37.18,0.0,0.0,0.0,0.0,0.0,0.0,2.75,2.86,758.23,5.61
63.7855,0.0,4.84,5.5,245.3,173.36,157.52,151.58,37.18,2.42,0.0,0.0,0.0,0.0,0.0,0.0,2.86,775.28,5.28
63.7955,0.0,4.84,5.5,246.84,166.43,171.71,164.45,38.61,2.42,0.0,0.0,0.0,0.0,0.0,2.75,0.0,798.38,5.17
63.8055,0.0,4.84,5.5,242.11,159.61,184.91,174.24,35.86,3.63,0.0,0.0,0.0,0.0,0.0,0.0,0.0,807.07,3.63
63.8155,0.0,3.19,4.07,235.84,151.14,196.57,183.04,38.61,4.84,0.0,0.0,0.0,0.0,0.0,2.75,2.86,812.46,10.45
63.8255,0.0,0.0,4.07,224.84,139.15,209.88,190.08,38.61,9.79,0.0,0.0,0.0,0.0,0.0,0.0,0.0,806.63,9.79
63.8355,0.0,4.84,4.07,203.72,125.51,219.78,197.12,39.93,19.69,0.0,0.0,0.0,0.0,0.0,0.0,0.0,794.97,19.69
63.8455,0.0,3.19,2.75,176.22,110.22,229.79,202.29,39.93,34.43,0.0,0.0,0.0,0.0,0.0,0.0,0.0,764.39,34.43
63.8555,0.0,4.84,2.75,147.95,99.88,238.04,207.57,39.93,57.97,0.0,0.0,0.0,0.0,2.31,0.0,0.0,740.96,60.28
63.8655,0.0,0.0,4.07,118.58,82.17,246.29,209.33,41.36,94.05,0.0,0.0,0.0,0.0,2.31,0.0,0.0,701.8,96.36
63.8755,0.0,3.19,4.07,95.15,64.57,251.35,205.81,41.36,137.06,11.55,2.86,0.0,0.0,2.31,0.0,0.0,665.5,153.78
63.8855,0.0,4.84,2.75,66.55,45.98,256.3,195.36,42.68,145.53,128.26,21.45,3.08,3.3,0.0,0.0,0.0,614.46,301.62
63.8955,0.0,4.84,0.0,38.94,29.26,257.95,167.75,48.29,135.63,161.15,81.95,6.27,6.6,3.52,2.75,2.86,547.03,400.73
63.9055,0.0,4.84,2.75,22.44,23.65,216.48,110.0,62.37,132.77,171.05,102.19,9.46,6.6,4.73,0.0,0.0,442.53,426.8
63.9155,0.0,3.19,2.75,20.02,20.9,151.36,60.83,87.78,132.77,177.87,108.35,14.3,8.25,4.73,5.5,5.83,346.83,457.6
63.9255,0.0,4.84,2.75,16.5,19.47,105.93,31.79,122.43,124.3,179.52,113.08,27.06,13.2,4.73,6.82,5.83,303.71,474.54
63.9355,0.0,4.84,0.0,14.19,15.29,47.19,23.1,108.57,121.44,184.58,122.21,43.01,16.5,7.04,9.57,10.23,213.18,514.58
63.9455,0.0,4.84,2.75,10.56,12.54,23.54,20.24,65.34,121.44,184.58,126.83,55.77,24.75,9.46,8.25,11.66,139.81,542.74
63.9555,0.0,4.84,2.75,7.04,8.36,17.05,15.84,44.11,120.01,189.64,134.42,61.71,31.46,10.67,9.57,13.2,99.99,570.68
63.9655,0.0,3.19,0.0,7.04,5.5,9.13,11.55,31.68,118.69,191.29,137.5,69.08,36.41,9.46,12.32,11.66,68.09,586.41
63.9755,0.0,3.19,2.75,5.83,5.5,9.13,8.69,16.5,115.83,187.99,139.04,76.56,43.01,10.67,12.32,13.2,51.59,598.62
63.9855,0.0,0.0,0.0,5.83,2.75,6.49,7.15,5.5,112.97,189.64,139.04,81.07,47.96,10.67,13.75,14.63,27.72,609.73
63.9955,0.0,3.19,0.0,4.73,4.18,5.17,5.72,0.0,107.47,187.99,135.96,85.58,49.61,11.77,13.75,14.63,22.99,606.76
64.0055,0.0,0.0,0.0,4.73,4.18,6.49,4.29,0.0,102.08,184.58,131.45,89.98,56.21,11.77,13.75,16.06,19.69,605.88
64.0155,0.0,0.0,0.0,4.73,4.18,3.85,2.86,2.75,94.05,174.46,125.29,94.49,61.05,12.98,13.75,17.6,18.37,593.67
64.0255,0.0,0.0,2.75,3.52,2.75,3.85,4.29,2.75,88.77,169.4,119.13,99.0,64.13,12.98,13.75,16.06,19.91,583.22
64.0355,0.0,0.0,0.0,2.31,2.75,5.17,2.86,0.0,80.74,162.8,113.08,103.4,67.21,12.98,15.18,17.6,13.09,572.99
64.0455,0.0,0.0,0.0,3.52,2.75,2.53,2.86,0.0,75.35,152.9,105.27,106.37,70.29,14.19,12.32,16.06,11.66,552.75
64.0555,0.0,0.0,0.0,2.31,0.0,3.85,2.86,0.0,67.32,141.35,97.46,110.88,73.37,14.19,16.5,19.03,9.02,540.1
64.0655,0.0,0.0,0.0,2.31,2.75,2.53,2.86,0.0,60.61,133.21,94.38,118.69,78.1,14.19,16.5,20.46,10.45,536.14
64.0755,0.0,0.0,0.0,2.31,0.0,2.53,0.0,0.0,55.44,121.66,88.22,123.42,79.64,15.4,15.18,20.46,4.84,519.42
64.0855,0.0,0.0,0.0,2.31,0.0,2.53,0.0,0.0,48.07,108.68,83.49,131.34,84.26,15.4,17.93,22.0,4.84,511.17
64.0955,0.0,0.0,0.0,0.0,2.75,2.53,0.0,0.0,43.12,97.9,77.33,136.07,93.5,16.61,19.25,22.0,5.28,505.78
64.1055,0.0,0.0,0.0,2.31,0.0,2.53,0.0,0.0,38.17,91.74,74.25,143.99,96.69,16.61,20.68,22.0,4.84,504.13
64.1155,0.0,0.0,0.0,2.31,0.0,0.0,0.0,0.0,33.22,82.5,69.52,148.72,105.93,17.71,20.68,23.43,2.31,501.71
64.1255,0.0,0.0,0.0,2.31,0.0,0.0,0.0,0.0,28.27,71.72,64.9,159.72,112.09,18.92,22.0,24.86,2.31,502.48
64.1355,0.0,0.0,0.0,0.0,0.0,0.0,0.0,0.0,23.43,64.02,58.74,171.27,120.12,20.13,24.75,26.4,0.0,508.86
64.1455,0.0,0.0,0.0,0.0,0.0,0.0,0.0,0.0,19.69,57.75,52.91,181.61,133.1,20.13,28.93,29.26,0.0,523.38
64.1555,0.0,0.0,0.0,0.0,0.0,0.0,0.0,0.0,15.95,47.85,45.76,195.47,144.43,24.86,33.11,32.23,0.0,539.66
64.1655,0.0,0.0,0.0,0.0,0.0,2.53,0.0,0.0,12.32,39.6,40.04,204.05,152.46,34.32,42.68,32.23,2.53,557.7
64.1755,0.0,0.0,0.0,2.31,0.0,0.0,0.0,0.0,9.79,29.7,31.46,216.15,162.25,44.99,53.79,35.2,2.31,583.33
64.1855,0.0,0.0,0.0,0.0,0.0,0.0,0.0,0.0,8.58,23.1,21.45,223.08,170.39,55.77,66.88,38.06,0.0,607.31
64.1955,0.0,0.0,0.0,0.0,0.0,0.0,0.0,2.75,6.16,14.85,17.16,233.53,175.78,72.27,77.33,39.6,2.75,636.68
64.2055,0.0,0.0,0.0,0.0,0.0,2.53,0.0,2.75,6.16,13.2,11.44,240.57,184.8,85.91,86.24,41.03,5.28,669.35
64.2155,0.0,0.0,0.0,0.0,0.0,0.0,0.0,0.0,6.16,11.55,8.58,244.09,193.71,99.44,98.23,45.43,0.0,707.19
64.2255,0.0,0.0,0.0,0.0,0.0,0.0,0.0,0.0,3.63,6.6,7.15,251.02,197.34,118.25,105.71,45.43,0.0,735.13
64.2355,0.0,0.0,0.0,0.0,0.0,0.0,0.0,0.0,2.42,6.6,4.29,252.78,202.73,132.22,117.81,48.4,0.0,767.25
64.2455,0.0,0.0,0.0,0.0,0.0,0.0,0.0,0.0,0.0,6.6,4.29,256.3,202.73,149.6,122.43,46.86,0.0,788.81
64.2555,0.0,0.0,0.0,0.0,0.0,0.0,0.0,0.0,0.0,4.95,4.29,256.3,200.97,166.98,133.1,48.4,0.0,814.99
64.2655,0.0,0.0,0.0,0.0,0.0,0.0,0.0,0.0,0.0,3.3,2.86,254.54,197.34,182.6,136.18,48.4,0.0,825.22
64.2755,5.06,0.0,2.75,0.0,0.0,0.0,0.0,0.0,0.0,4.95,4.29,245.85,184.8,193.05,142.34,46.86,7.81,822.14
64.2855,6.82,0.0,0.0,0.0,0.0,0.0,0.0,0.0,0.0,3.3,2.86,235.29,172.15,205.26,145.42,46.86,6.82,811.14
64.2955,8.58,0.0,0.0,0.0,0.0,0.0,0.0,0.0,0.0,4.95,2.86,216.15,160.6,215.6,148.39,46.86,8.58,795.41
64.3055,11.99,0.0,0.0,0.0,0.0,0.0,0.0,0.0,0.0,4.95,2.86,200.64,149.27,224.4,153.01,45.43,11.99,780.56
64.3155,13.75,0.0,0.0,0.0,0.0,0.0,0.0,0.0,0.0,3.3,0.0,176.44,144.43,231.77,156.09,45.43,13.75,757.46
64.3255,22.33,0.0,0.0,0.0,0.0,0.0,0.0,0.0,0.0,4.95,0.0,154.99,134.64,240.9,157.63,44.0,22.33,737.11
64.3355,36.08,0.0,0.0,0.0,0.0,0.0,0.0,0.0,0.0,4.95,2.86,134.42,129.8,242.66,159.17,42.46,36.08,716.32
64.3455,61.93,0.0,0.0,2.31,0.0,0.0,0.0,0.0,0.0,3.3,0.0,115.5,121.66,248.16,160.71,42.46,64.24,691.79
64.3555,92.95,0.0,0.0,2.31,2.75,2.53,0.0,0.0,0.0,0.0,2.86,97.46,112.09,253.66,157.63,42.46,100.54,666.16
64.3655,143.33,0.0,0.0,3.52,4.18,2.53,0.0,0.0,0.0,4.95,2.86,81.07,93.5,253.66,156.09,39.6,153.56,631.73
64.3755,180.4,61.6,22.0,3.52,4.18,0.0,0.0,2.75,0.0,3.3,0.0,61.71,74.91,255.53,146.96,39.6,274.45,582.01
64.3855,175.01,100.87,95.15,4.73,9.68,5.17,4.29,4.07,0.0,3.3,0.0,36.63,46.31,253.66,133.1,33.66,398.97,506.66
64.3955,169.62,107.47,123.64,8.25,12.54,5.17,4.29,5.5,0.0,4.95,2.86,27.06,38.06,213.95,81.84,36.63,436.48,405.35
64.4055,164.34,110.77,131.89,20.02,16.72,5.17,4.29,5.5,0.0,3.3,0.0,27.06,34.76,154.77,41.36,49.83,458.7,311.08
64.4155,155.54,112.42,133.43,35.42,32.01,6.49,4.29,6.82,0.0,0.0,2.86,25.41,29.81,97.9,24.75,78.65,486.42,259.38
64.4255,157.3,119.13,135.08,47.3,38.94,6.49,5.72,8.25,0.0,4.95,0.0,20.68,23.1,40.26,20.68,80.19,518.21,189.86
64.4355,157.3,124.08,140.03,53.13,47.3,7.81,7.15,9.57,0.0,4.95,0.0,14.3,19.8,27.28,20.68,57.2,546.37,144.21
64.4455,159.06,127.49,141.68,60.83,51.48,6.49,5.72,9.57,0.0,4.95,0.0,11.11,13.2,18.92,15.18,35.2,562.32,98.56
64.4555,159.06,130.79,141.68,66.55,55.77,7.81,8.69,9.57,0.0,0.0,0.0,7.92,6.6,11.77,13.75,29.26,579.92,69.3
64.4655,157.3,132.55,143.33,70.84,58.63,6.49,10.12,9.57,0.0,3.3,0.0,4.73,8.25,8.25,9.57,19.03,588.83,53.13
64.4755,157.3,132.55,141.68,75.13,61.6,9.13,10.12,11.0,0.0,3.3,0.0,4.73,4.95,9.46,6.82,8.8,598.51,38.06
64.4855,155.54,134.2,138.38,79.42,63.03,9.13,7.15,9.57,0.0,3.3,0.0,4.73,0.0,8.25,5.5,4.4,596.42,26.18
64.4955,148.61,130.79,133.43,80.85,63.03,9.13,10.12,11.0,0.0,3.3,0.0,3.08,3.3,7.04,5.5,5.83,586.96,28.05
64.5055,143.33,127.49,126.94,83.71,63.03,6.49,7.15,11.0,0.0,0.0,0.0,4.73,4.95,5.83,5.5,4.4,569.14,25.41
64.5155,138.16,125.84,121.99,85.14,60.17,7.81,10.12,11.0,0.0,3.3,0.0,3.08,3.3,5.83,2.75,4.4,560.23,22.66
64.5255,131.12,119.13,112.2,90.86,60.17,6.49,8.69,9.57,0.0,0.0,0.0,3.08,3.3,5.83,4.07,4.4,538.23,20.68
64.5355,122.43,115.72,101.31,92.29,55.77,9.13,10.12,12.32,0.0,0.0,0.0,3.08,3.3,5.83,4.07,4.4,519.09,20.68
64.5455,113.63,107.47,91.96,98.01,55.77,6.49,8.69,12.32,0.0,0.0,0.0,3.08,0.0,5.83,4.07,4.4,494.34,17.38
64.5555,106.7,99.22,82.72,103.73,54.34,9.13,8.69,12.32,0.0,0.0,0.0,3.08,3.3,4.73,4.07,2.86,476.85,18.04
64.5655,98.12,92.73,73.37,110.88,54.34,9.13,10.12,12.32,0.0,0.0,0.0,0.0,0.0,5.83,0.0,2.86,461.01,8.69
64.5755,89.54,86.13,64.02,117.04,54.34,7.81,10.12,12.32,0.0,3.3,0.0,0.0,0.0,4.73,4.07,4.4,441.32,16.5
64.5855,80.85,77.99,57.97,123.2,55.77,7.81,10.12,12.32,0.0,0.0,0.0,3.08,0.0,3.52,4.07,2.86,426.03,13.53
64.5955,72.27,71.39,52.47,130.9,55.77,7.81,11.55,12.32,0.0,0.0,0.0,0.0,0.0,3.52,4.07,4.4,414.48,11.99
64.6055,65.34,63.25,44.11,140.25,63.03,7.81,10.12,13.75,0.0,0.0,0.0,0.0,0.0,3.52,2.75,2.86,407.66,9.13
64.6155,56.76,55.11,41.36,149.49,68.97,10.45,11.55,13.75,0.0,0.0,0.0,0.0,0.0,4.73,2.75,4.4,407.44,11.88
64.6255,49.94,48.62,34.43,163.46,77.77,11.77,14.41,16.5,0.0,0.0,0.0,0.0,0.0,3.52,2.75,4.4,416.9,10.67
64.6355,44.77,42.13,31.68,176.22,86.57,18.26,17.38,17.93,0.0,0.0,0.0,0.0,0.0,2.31,2.75,2.86,434.94,7.92
64.6455,39.6,35.64,27.61,187.55,96.91,27.5,24.53,19.25,0.0,0.0,0.0,0.0,0.0,3.52,0.0,2.86,458.59,6.38
64.6555,34.43,29.15,23.43,197.23,107.25,40.59,36.19,22.0,0.0,0.0,0.0,0.0,0.0,4.73,0.0,4.4,490.27,9.13
64.6655,30.91,24.31,22.0,205.37,115.28,53.79,44.88,24.75,0.0,0.0,0.0,0.0,0.0,3.52,0.0,2.86,521.29,6.38
64.6755,25.74,17.82,16.5,211.86,123.86,72.05,57.86,26.18,0.0,0.0,0.0,0.0,0.0,3.52,2.75,0.0,551.87,6.27
64.6855,22.33,12.87,12.43,219.89,134.09,86.13,71.28,28.93,0.0,0.0,0.0,0.0,0.0,3.52,2.75,4.4,587.95,10.67
64.6955,18.92,9.68,12.43,227.92,142.56,100.32,83.16,31.68,0.0,0.0,0.0,0.0,0.0,3.52,0.0,2.86,626.67,6.38
64.7055,15.4,9.68,12.43,234.3,147.73,116.16,95.15,31.68,0.0,0.0,0.0,0.0,0.0,3.52,2.75,4.4,662.53,10.67
64.7155,15.4,8.03,11.0,239.03,152.79,132.99,108.57,33.11,0.0,0.0,0.0,0.0,0.0,4.73,0.0,0.0,700.92,4.73
64.7255,10.23,8.03,9.57,243.76,156.2,148.39,121.11,35.86,0.0,0.0,0.0,0.0,0.0,3.52,0.0,2.86,733.15,6.38
64.7355,6.82,6.38,8.25,243.76,157.96,165.22,133.98,37.18,0.0,0.0,0.0,0.0,0.0,3.52,0.0,2.86,759.55,6.38
64.7455,3.41,6.38,5.5,245.3,157.96,183.26,146.85,38.61,0.0,0.0,0.0,0.0,0.0,0.0,2.75,2.86,787.27,5.61
64.7555,0.0,4.84,4.07,245.3,152.79,196.57,156.42,37.18,0.0,0.0,0.0,0.0,0.0,2.31,0.0,4.4,797.17,6.71
64.7655,0.0,4.84,2.75,242.11,145.97,213.18,167.75,39.93,0.0,0.0,0.0,0.0,0.0,3.52,0.0,0.0,816.53,3.52
64.7755,0.0,4.84,4.07,235.84,139.15,224.84,176.0,39.93,0.0,0.0,0.0,0.0,0.0,2.31,0.0,2.86,824.67,5.17
64.7855,0.0,3.19,2.75,223.19,130.68,238.04,184.8,41.36,0.0,0.0,0.0,0.0,0.0,0.0,0.0,0.0,824.01,0.0
64.7955,0.0,3.19,2.75,203.72,118.69,247.94,191.84,41.36,0.0,0.0,0.0,0.0,0.0,0.0,0.0,2.86,809.49,2.86
64.8055,0.0,3.19,2.75,174.57,105.71,256.3,200.53,44.11,3.63,0.0,0.0,0.0,0.0,0.0,0.0,0.0,787.16,3.63
64.8155,0.0,3.19,4.07,143.33,95.48,267.85,205.81,44.11,4.84,0.0,0.0,0.0,0.0,0.0,0.0,0.0,763.84,4.84
64.8255,0.0,3.19,0.0,115.5,83.71,274.45,211.09,44.11,13.53,0.0,0.0,0.0,0.0,2.31,0.0,0.0,732.05,15.84
64.8355,0.0,3.19,2.75,92.29,68.97,279.51,211.09,45.54,41.91,0.0,0.0,0.0,0.0,0.0,0.0,0.0,703.34,41.91
64.8455,0.0,4.84,4.07,70.84,50.16,281.27,202.29,51.04,83.38,4.95,4.29,0.0,0.0,0.0,0.0,0.0,664.51,92.62
64.8555,0.0,4.84,2.75,46.09,30.58,283.03,184.8,57.97,139.81,9.9,4.29,0.0,0.0,0.0,0.0,0.0,610.06,154.0
64.8655,0.0,4.84,2.75,24.75,25.08,262.9,135.52,68.31,161.04,143.0,31.46,4.73,0.0,2.31,0.0,2.86,524.15,345.4
64.8755,0.0,4.84,2.75,21.23,23.65,199.87,83.16,86.24,158.29,174.46,106.81,4.73,4.95,2.31,0.0,0.0,421.74,451.55
64.8855,0.0,4.84,0.0,17.71,20.9,140.69,43.45,120.89,159.61,181.17,131.45,7.92,6.6,4.73,0.0,2.86,348.48,494.34
64.8955,0.0,4.84,0.0,15.29,18.04,83.38,28.93,133.21,155.43,186.23,134.42,15.84,8.25,4.73,4.07,7.26,283.69,516.23
64.9055,0.0,4.84,0.0,9.46,13.86,32.78,24.53,96.69,138.49,177.87,135.96,34.98,13.2,5.83,8.25,7.26,182.16,521.84
64.9155,0.0,4.84,2.75,7.04,11.11,22.22,17.38,59.4,131.34,179.52,137.5,46.2,19.8,8.25,9.57,11.66,124.74,543.84
64.9255,0.0,4.84,0.0,5.83,6.93,14.41,12.98,39.93,125.73,177.87,139.04,58.74,28.05,9.46,8.25,11.66,84.92,558.8
64.9355,0.0,4.84,0.0,3.52,4.18,9.13,10.12,27.5,120.01,176.11,143.66,66.11,36.41,8.25,9.57,11.66,59.29,571.78
64.9455,0.0,3.19,0.0,4.73,4.18,7.81,7.15,12.32,112.97,167.75,143.66,70.62,46.31,10.67,12.32,14.63,39.38,578.93
64.9555,0.0,3.19,0.0,4.73,4.18,6.49,4.29,2.75,107.47,167.75,145.2,75.13,52.91,11.77,13.75,16.06,25.63,590.04
64.9655,0.0,0.0,0.0,4.73,2.75,3.85,4.29,2.75,100.76,161.15,142.12,82.5,61.05,10.67,13.75,16.06,18.37,588.06
64.9755,0.0,0.0,0.0,2.31,0.0,5.17,2.86,0.0,95.48,156.2,139.04,87.01,62.59,10.67,12.32,16.06,10.34,579.37
64.9855,0.0,0.0,0.0,3.52,2.75,5.17,4.29,2.75,87.34,144.65,134.42,89.98,70.29,12.98,11.0,16.06,18.48,566.72
64.9955,0.0,0.0,0.0,2.31,2.75,3.85,2.86,0.0,80.74,136.51,126.83,92.95,71.83,12.98,13.75,17.6,11.77,553.19
65.0054,0.0,0.0,0.0,2.31,2.75,2.53,2.86,0.0,74.03,128.26,119.13,95.92,76.45,11.77,13.75,16.06,10.45,535.37
65.0154,0.0,0.0,0.0,3.52,0.0,2.53,2.86,2.75,68.64,116.71,111.43,99.0,79.64,11.77,15.18,17.6,11.66,519.97
65.0254,0.0,0.0,0.0,2.31,0.0,2.53,0.0,0.0,60.61,105.6,102.19,101.97,82.72,12.98,16.5,17.6,4.84,500.17
65.0354,0.0,0.0,0.0,2.31,0.0,2.53,0.0,2.75,53.02,94.82,92.84,107.91,90.42,12.98,15.18,19.03,7.59,486.2
65.0454,0.0,0.0,0.0,3.52,0.0,0.0,0.0,0.0,45.54,84.04,85.03,113.96,96.69,15.4,15.18,20.46,3.52,476.3
65.0554,0.0,0.0,0.0,2.31,0.0,2.53,0.0,0.0,39.38,71.72,74.25,120.23,102.85,15.4,17.93,20.46,4.84,462.22
65.0654,0.0,0.0,0.0,2.31,0.0,2.53,0.0,2.75,33.22,64.02,67.98,129.69,110.55,17.71,17.93,20.46,7.59,461.56
65.0754,0.0,0.0,0.0,0.0,0.0,0.0,0.0,0.0,27.06,54.45,58.74,137.61,118.47,17.71,22.0,23.43,0.0,459.47
65.0854,0.0,0.0,0.0,2.31,0.0,2.53,0.0,0.0,23.43,49.5,54.34,142.34,126.61,18.92,24.75,24.86,4.84,464.75
65.0954,0.0,0.0,0.0,0.0,0.0,2.53,0.0,0.0,19.69,39.6,47.19,154.99,134.64,20.13,30.36,27.83,2.53,474.43
65.1054,0.0,0.0,0.0,0.0,0.0,0.0,0.0,2.75,15.95,33.0,40.04,164.45,144.43,22.44,39.93,29.26,2.75,489.5
65.1154,0.0,0.0,0.0,0.0,0.0,0.0,0.0,0.0,13.53,26.4,34.32,176.44,154.11,28.38,51.04,32.23,0.0,516.45
65.1254,0.0,0.0,0.0,0.0,0.0,0.0,0.0,0.0,11.0,21.45,27.17,183.37,158.95,39.05,59.4,33.66,0.0,534.05
65.1354,0.0,0.0,0.0,0.0,0.0,0.0,0.0,0.0,9.79,16.5,21.45,195.47,167.09,49.83,69.85,35.2,0.0,565.18
65.1454,0.0,0.0,0.0,0.0,0.0,0.0,0.0,2.75,8.58,11.55,14.3,200.64,173.91,60.28,83.27,36.63,2.75,589.16
65.1554,0.0,0.0,0.0,0.0,0.0,2.53,0.0,0.0,6.16,11.55,11.44,209.22,181.17,78.32,92.29,39.6,2.53,629.75
65.1654,0.0,0.0,0.0,0.0,0.0,2.53,0.0,0.0,6.16,9.9,8.58,212.74,188.32,93.39,105.71,42.46,2.53,667.26
65.1754,0.0,0.0,0.0,0.0,0.0,0.0,0.0,0.0,4.84,6.6,7.15,217.91,195.58,108.46,117.81,42.46,0.0,700.81
65.1854,0.0,0.0,2.75,0.0,0.0,0.0,0.0,0.0,2.42,6.6,5.72,224.84,195.58,123.42,123.97,45.43,2.75,727.98
65.1954,0.0,0.0,0.0,0.0,0.0,0.0,0.0,0.0,0.0,4.95,4.29,226.49,199.21,140.91,134.64,45.43,0.0,755.92
65.2054,0.0,0.0,0.0,0.0,0.0,0.0,0.0,2.75,0.0,3.3,4.29,231.77,197.34,160.05,143.88,49.83,2.75,790.46
65.2154,0.0,0.0,0.0,0.0,0.0,2.53,0.0,2.75,0.0,4.95,2.86,226.49,197.34,173.91,149.93,49.83,5.28,805.31
65.2254,0.0,0.0,0.0,0.0,0.0,0.0,0.0,0.0,0.0,4.95,2.86,224.84,188.32,186.12,153.01,48.4,0.0,808.5
65.2354,0.0,0.0,0.0,0.0,0.0,0.0,0.0,0.0,0.0,4.95,2.86,210.98,173.91,199.98,156.09,48.4,0.0,797.17
65.2454,0.0,0.0,2.75,0.0,0.0,0.0,0.0,2.75,0.0,4.95,2.86,197.12,165.44,212.19,163.79,44.0,5.5,790.35
65.2554,0.0,0.0,0.0,0.0,0.0,0.0,0.0,0.0,0.0,3.3,0.0,181.61,152.46,222.64,168.52,46.86,0.0,775.39
65.2654,0.0,0.0,0.0,0.0,0.0,0.0,0.0,2.75,0.0,3.3,2.86,161.26,144.43,233.53,170.17,45.43,2.75,760.98
65.2754,5.06,0.0,0.0,0.0,0.0,0.0,0.0,0.0,0.0,3.3,2.86,142.34,134.64,240.9,175.01,45.43,5.06,744.48
65.2854,15.4,0.0,0.0,0.0,0.0,0.0,0.0,0.0,0.0,3.3,0.0,124.96,128.15,248.16,176.66,41.03,15.4,722.26
65.2954,29.26,0.0,0.0,0.0,0.0,0.0,0.0,0.0,0.0,3.3,2.86,109.34,123.31,251.79,176.66,42.46,29.26,709.72
65.3054,63.69,0.0,0.0,0.0,0.0,0.0,0.0,0.0,0.0,3.3,0.0,91.52,115.28,255.53,176.66,41.03,63.69,683.32
65.3154,106.7,0.0,0.0,3.52,2.75,2.53,0.0,0.0,0.0,4.95,2.86,73.59,101.31,255.53,175.01,39.6,115.5,652.85
65.3254,169.62,0.0,0.0,4.73,4.18,0.0,0.0,0.0,0.0,0.0,2.86,57.2,79.64,257.29,166.87,38.06,178.53,601.92
65.3354,198.44,82.94,40.04,4.73,5.5,3.85,2.86,2.75,0.0,3.3,2.86,33.44,52.91,257.29,149.93,36.63,341.11,536.36
65.3454,196.57,119.13,118.69,5.83,9.68,2.53,4.29,4.07,0.0,4.95,2.86,27.06,38.06,226.27,108.68,36.63,460.79,444.51
65.3554,193.05,124.08,146.63,10.56,11.11,5.17,4.29,5.5,0.0,4.95,0.0,23.87,34.76,172.26,59.4,39.6,500.39,334.84
65.3654,184.03,124.08,148.28,27.17,18.04,5.17,5.72,6.82,0.0,4.95,0.0,25.41,29.81,121.77,26.18,72.6,519.31,280.72
65.3754,171.38,125.84,146.63,43.67,32.01,6.49,5.72,8.25,0.0,0.0,0.0,20.68,24.75,54.56,22.0,86.35,539.99,208.34
65.3854,169.62,130.79,146.63,56.76,40.37,6.49,7.15,9.57,0.0,3.3,0.0,17.49,18.15,29.59,20.68,67.98,567.38,157.19
65.3954,167.86,132.55,148.28,65.12,47.3,6.49,8.69,9.57,0.0,4.95,0.0,11.11,11.55,20.13,16.5,41.03,585.86,105.27
65.4054,167.86,135.85,144.98,72.27,51.48,7.81,7.15,9.57,0.0,3.3,0.0,4.73,8.25,12.98,12.32,30.8,596.97,72.38
65.4154,164.34,134.2,146.63,79.42,55.77,7.81,8.69,11.0,0.0,0.0,0.0,4.73,6.6,9.46,8.25,17.6,607.86,46.64
65.4254,160.82,134.2,143.33,82.28,58.63,9.13,10.12,11.0,0.0,3.3,0.0,4.73,4.95,9.46,4.07,5.83,609.51,32.34
65.4354,155.54,132.55,143.33,86.57,61.6,7.81,10.12,9.57,0.0,0.0,0.0,4.73,3.3,7.04,5.5,5.83,607.09,26.4
65.4454,148.61,127.49,138.38,88.0,66.0,9.13,10.12,12.32,0.0,3.3,0.0,0.0,3.3,8.25,5.5,5.83,600.05,26.18
65.4554,141.57,120.78,131.89,89.43,67.54,7.81,10.12,12.32,0.0,0.0,0.0,3.08,3.3,7.04,4.07,4.4,581.46,21.89
65.4654,132.88,114.07,126.94,92.29,68.97,7.81,10.12,12.32,0.0,0.0,0.0,3.08,3.3,7.04,5.5,2.86,565.4,21.78
65.4754,124.19,104.17,118.69,92.29,70.4,7.81,10.12,12.32,0.0,3.3,0.0,0.0,3.3,7.04,5.5,2.86,539.99,22.0
65.4854,117.15,96.03,110.66,96.58,73.37,9.13,10.12,12.32,0.0,0.0,0.0,4.73,0.0,5.83,5.5,4.4,525.36,20.46
65.4954,106.7,87.78,99.77,99.44,74.8,9.13,10.12,12.32,0.0,0.0,0.0,3.08,3.3,4.73,5.5,4.4,500.06,21.01
65.5054,98.12,79.64,91.96,106.59,77.77,9.13,11.55,13.75,0.0,0.0,0.0,3.08,0.0,5.83,5.5,4.4,488.51,18.81
65.5154,87.78,71.39,81.07,112.42,83.71,10.45,12.98,13.75,0.0,0.0,0.0,3.08,0.0,5.83,2.75,2.86,473.55,14.52
65.5254,79.2,63.25,71.83,120.12,88.11,9.13,14.41,13.75,0.0,0.0,0.0,0.0,0.0,4.73,4.07,0.0,459.8,8.8
65.5354,70.51,56.65,65.56,129.36,93.94,13.09,20.24,16.5,0.0,0.0,0.0,0.0,0.0,5.83,0.0,2.86,465.85,8.69
65.5454,61.93,50.16,56.54,137.17,98.34,18.26,24.53,17.93,0.0,3.3,0.0,0.0,0.0,4.73,0.0,4.4,464.86,12.43
65.5554,55.11,43.67,49.72,147.95,102.85,24.86,34.76,19.25,0.0,0.0,0.0,0.0,0.0,4.73,4.07,4.4,478.17,13.2
65.5654,48.18,35.64,42.79,155.76,108.68,32.78,41.91,22.0,0.0,0.0,0.0,0.0,0.0,3.52,4.07,2.86,487.74,10.45
65.5754,43.01,30.69,37.29,161.92,117.04,41.91,49.17,22.0,0.0,0.0,0.0,0.0,0.0,3.52,2.75,2.86,503.03,9.13
65.5854,37.84,24.31,31.68,166.54,122.1,52.47,59.4,24.75,0.0,0.0,0.0,0.0,0.0,4.73,2.75,2.86,519.09,10.34
65.5954,34.43,19.36,26.18,173.03,127.27,63.58,68.31,27.5,0.0,0.0,0.0,0.0,0.0,3.52,2.75,0.0,539.66,6.27
65.6054,30.91,14.52,23.43,179.52,137.5,76.23,80.19,28.93,0.0,0.0,0.0,0.0,0.0,3.52,2.75,0.0,571.23,6.27
65.6154,27.5,11.33,17.93,182.71,142.56,87.56,90.64,30.36,0.0,0.0,0.0,0.0,0.0,2.31,2.75,2.86,590.59,7.92
65.6254,22.33,8.03,15.18,189.2,152.79,98.89,101.09,31.68,0.0,0.0,0.0,0.0,0.0,3.52,2.75,2.86,619.19,9.13
65.6354,20.57,8.03,15.18,194.04,157.96,111.65,114.62,34.43,0.0,0.0,0.0,0.0,0.0,4.73,0.0,0.0,656.48,4.73
65.6454,17.16,6.38,12.43,200.53,163.02,126.94,124.3,35.86,0.0,0.0,0.0,0.0,0.0,3.52,2.75,2.86,686.62,9.13
65.6554,13.75,6.38,11.0,207.02,168.19,143.77,138.71,37.18,0.0,0.0,0.0,0.0,0.0,4.73,0.0,2.86,726.0,7.59
65.6654,10.23,6.38,9.57,208.56,168.19,160.6,150.04,38.61,0.0,0.0,0.0,0.0,0.0,0.0,2.75,2.86,752.18,5.61
65.6754,6.82,6.38,8.25,211.86,169.84,176.66,159.72,39.93,0.0,0.0,0.0,0.0,0.0,2.31,2.75,2.86,779.46,7.92
65.6854,3.41,4.84,5.5,213.51,169.84,191.62,169.29,41.36,0.0,0.0,0.0,0.0,0.0,2.31,2.75,2.86,799.37,7.92
65.6954,0.0,4.84,4.07,213.51,164.78,206.58,181.28,42.68,0.0,0.0,0.0,0.0,0.0,3.52,0.0,2.86,817.74,6.38
65.7054,0.0,3.19,4.07,208.56,154.55,218.13,190.08,42.68,0.0,0.0,0.0,0.0,0.0,2.31,2.75,2.86,821.26,7.92
65.7154,0.0,3.19,4.07,198.88,147.73,233.09,200.53,42.68,0.0,0.0,0.0,0.0,0.0,2.31,0.0,0.0,830.17,2.31
65.7254,0.0,3.19,2.75,184.36,137.5,244.64,207.57,44.11,2.42,0.0,0.0,0.0,0.0,2.31,2.75,0.0,824.12,7.48
65.7354,0.0,4.84,2.75,163.46,128.92,253.0,216.37,45.54,4.84,0.0,0.0,0.0,0.0,0.0,0.0,0.0,814.88,4.84
65.7454,0.0,3.19,2.75,137.17,117.04,259.6,221.65,46.86,6.16,0.0,0.0,0.0,0.0,0.0,0.0,0.0,788.26,6.16
65.7554,0.0,0.0,4.07,115.5,104.28,267.85,228.47,48.29,7.37,0.0,0.0,0.0,0.0,2.31,0.0,0.0,768.46,9.68
65.7654,0.0,3.19,2.75,95.15,95.48,274.45,230.12,51.04,15.95,0.0,0.0,0.0,0.0,0.0,0.0,0.0,752.18,15.95
65.7754,0.0,3.19,2.75,73.7,82.17,274.45,230.12,55.11,34.43,0.0,0.0,0.0,0.0,0.0,0.0,0.0,721.49,34.43
65.7854,0.0,3.19,2.75,53.13,64.57,276.1,228.47,60.94,60.61,3.3,2.86,0.0,0.0,2.31,0.0,0.0,689.15,69.08
65.7954,0.0,4.84,2.75,30.69,43.12,272.8,216.37,65.34,104.83,3.3,0.0,3.08,0.0,0.0,0.0,0.0,635.91,111.21
65.8054,0.0,4.84,0.0,20.02,27.83,244.64,176.0,77.33,156.86,11.55,4.29,0.0,0.0,2.31,0.0,0.0,550.66,175.01
65.8154,0.0,3.19,4.07,15.29,25.08,183.26,111.54,95.15,166.76,152.9,41.47,6.27,0.0,2.31,0.0,0.0,437.58,369.71
65.8254,0.0,4.84,2.75,15.29,22.22,128.48,62.37,130.13,162.47,187.99,106.81,7.92,3.3,3.52,2.75,0.0,366.08,474.76
65.8354,0.0,4.84,2.75,11.77,19.47,69.19,31.79,157.96,161.04,196.35,129.91,6.27,6.6,4.73,4.07,4.4,297.77,513.37
65.8454,0.0,4.84,0.0,8.25,13.86,28.82,26.07,117.81,151.14,198.11,135.96,17.49,8.25,5.83,4.07,4.4,199.65,525.25
65.8554,0.0,4.84,2.75,5.83,9.68,22.22,21.67,68.31,139.81,198.11,143.66,36.63,9.9,7.04,8.25,8.8,135.3,552.2
65.8654,0.0,4.84,0.0,4.73,8.36,15.73,15.84,41.36,132.77,194.7,148.28,54.12,18.15,9.46,11.0,11.66,90.86,580.14
65.8754,0.0,4.84,0.0,2.31,5.5,10.45,11.55,24.75,124.3,191.29,152.79,64.68,29.81,9.46,12.32,10.23,59.4,594.88
65.8854,0.0,3.19,0.0,2.31,4.18,9.13,8.69,9.57,117.26,189.64,152.79,70.62,38.06,10.67,12.32,11.66,37.07,603.02
65.8954,0.0,3.19,2.75,2.31,4.18,6.49,7.15,4.07,110.22,184.58,152.79,79.53,47.96,11.77,12.32,13.2,30.14,612.37
65.9054,0.0,3.19,0.0,2.31,4.18,3.85,5.72,2.75,102.08,181.17,149.82,84.04,54.56,12.98,11.0,13.2,22.0,608.85
65.9154,0.0,0.0,0.0,2.31,2.75,5.17,4.29,0.0,95.48,174.46,146.74,91.52,57.97,11.77,13.75,16.06,14.52,607.75
65.9254,0.0,0.0,0.0,2.31,2.75,5.17,4.29,2.75,87.34,164.45,139.04,94.49,62.59,12.98,15.18,16.06,17.27,592.13
65.9354,0.0,0.0,2.75,2.31,2.75,3.85,4.29,2.75,79.31,156.2,131.45,99.0,70.29,12.98,13.75,16.06,18.7,579.04
65.9454,0.0,0.0,0.0,2.31,2.75,3.85,4.29,2.75,71.28,144.65,122.21,100.43,73.37,12.98,13.75,13.2,15.95,551.87
65.9554,0.0,0.0,0.0,2.31,2.75,2.53,4.29,2.75,66.0,133.21,113.08,106.37,74.91,12.98,13.75,16.06,14.63,536.36
65.9654,0.0,0.0,0.0,0.0,2.75,3.85,0.0,2.75,57.97,118.36,100.65,107.91,81.18,14.19,15.18,19.03,9.35,514.47
65.9754,0.0,0.0,0.0,0.0,2.75,2.53,2.86,0.0,51.7,107.14,91.3,113.96,81.18,14.19,16.5,19.03,8.14,495.0
65.9854,0.0,0.0,0.0,0.0,0.0,3.85,2.86,0.0,45.54,96.36,83.49,117.15,85.8,15.4,16.5,19.03,6.71,479.27
65.9954,0.0,0.0,0.0,2.31,0.0,2.53,0.0,2.75,39.38,85.58,74.25,124.96,87.34,15.4,15.18,20.46,7.59,462.55
66.0054,0.0,0.0,0.0,0.0,0.0,2.53,0.0,0.0,33.22,71.72,63.36,128.15,96.69,16.61,17.93,23.43,2.53,451.11
66.0154,0.0,0.0,0.0,0.0,0.0,2.53,0.0,0.0,28.27,62.48,58.74,136.07,102.85,15.4,19.25,22.0,2.53,445.06
66.0254,0.0,0.0,0.0,0.0,0.0,0.0,0.0,0.0,24.64,56.1,54.34,143.99,105.93,17.71,20.68,20.46,0.0,443.85
66.0354,0.0,0.0,0.0,0.0,0.0,0.0,0.0,0.0,20.9,47.85,48.62,148.72,112.09,18.92,22.0,24.86,0.0,443.96
66.0454,0.0,0.0,0.0,0.0,0.0,0.0,0.0,0.0,17.16,41.25,41.47,161.26,121.66,18.92,24.75,26.4,0.0,452.87
66.0554,0.0,0.0,0.0,0.0,0.0,2.53,0.0,0.0,14.74,33.0,34.32,174.68,126.61,21.34,30.36,27.83,2.53,462.88
66.0654,0.0,0.0,0.0,0.0,0.0,0.0,0.0,0.0,12.32,26.4,30.03,185.02,139.59,29.59,38.61,30.8,0.0,492.36
66.0754,0.0,0.0,0.0,0.0,0.0,0.0,0.0,2.75,9.79,18.15,24.31,197.12,147.62,39.05,52.36,33.66,2.75,522.06
66.0854,0.0,0.0,0.0,0.0,0.0,0.0,0.0,2.75,8.58,13.2,18.59,202.29,157.41,52.14,65.34,36.63,2.75,554.18
66.0954,0.0,0.0,0.0,0.0,0.0,0.0,0.0,0.0,6.16,9.9,12.87,212.74,163.9,69.3,78.76,35.2,0.0,588.83
66.1054,0.0,0.0,0.0,0.0,0.0,0.0,0.0,2.75,6.16,8.25,11.44,217.91,172.15,87.34,92.29,41.03,2.75,636.57
66.1154,0.0,0.0,2.75,0.0,0.0,0.0,0.0,2.75,6.16,9.9,8.58,221.32,184.8,103.95,99.66,41.03,5.5,675.4
66.1254,0.0,0.0,0.0,0.0,0.0,2.53,0.0,2.75,3.63,6.6,5.72,224.84,191.95,120.01,110.22,45.43,5.28,708.4
66.1354,0.0,0.0,0.0,0.0,0.0,0.0,0.0,2.75,0.0,6.6,4.29,230.01,195.58,139.15,120.89,48.4,2.75,744.92
66.1454,0.0,0.0,0.0,0.0,0.0,0.0,0.0,0.0,0.0,3.3,2.86,235.29,199.21,156.53,130.02,49.83,0.0,777.04
66.1554,0.0,0.0,0.0,0.0,0.0,0.0,0.0,0.0,0.0,3.3,4.29,235.29,200.97,168.74,137.72,49.83,0.0,800.14
66.1654,0.0,0.0,0.0,0.0,0.0,0.0,0.0,2.75,0.0,4.95,2.86,235.29,195.58,187.88,145.42,51.26,2.75,823.24
66.1754,0.0,0.0,0.0,0.0,0.0,0.0,0.0,2.75,0.0,3.3,2.86,230.01,186.56,201.74,153.01,49.83,2.75,827.31
66.1854,0.0,0.0,0.0,0.0,0.0,0.0,0.0,2.75,0.0,4.95,2.86,214.39,177.54,212.19,156.09,49.83,2.75,817.85
66.1954,0.0,0.0,0.0,0.0,0.0,0.0,0.0,2.75,0.0,3.3,0.0,202.29,168.74,224.4,162.25,48.4,2.75,809.38
66.2054,0.0,0.0,0.0,0.0,0.0,0.0,0.0,2.75,0.0,4.95,2.86,181.61,155.76,239.03,163.79,45.43,2.75,793.43
66.2154,5.06,0.0,0.0,0.0,0.0,0.0,0.0,2.75,0.0,4.95,0.0,162.91,147.62,246.4,166.87,46.86,7.81,775.61
66.2254,11.99,0.0,0.0,0.0,0.0,0.0,0.0,2.75,0.0,0.0,0.0,143.99,139.59,255.53,173.36,45.43,14.74,757.9
66.2354,24.09,0.0,0.0,0.0,0.0,0.0,0.0,2.75,0.0,3.3,2.86,126.61,131.45,261.03,173.36,45.43,26.84,744.04
66.2454,51.59,0.0,0.0,0.0,0.0,0.0,0.0,0.0,0.0,0.0,0.0,110.88,123.31,266.42,171.71,45.43,51.59,717.75
66.2554,87.78,0.0,0.0,0.0,0.0,0.0,0.0,0.0,0.0,0.0,0.0,92.95,112.09,266.42,168.52,41.03,87.78,681.01
66.2654,138.16,0.0,0.0,3.52,2.75,0.0,0.0,0.0,0.0,3.3,2.86,76.56,93.5,268.29,165.33,42.46,144.43,652.3
66.2754,187.55,0.0,0.0,3.52,4.18,0.0,0.0,0.0,0.0,3.3,0.0,55.77,70.29,268.29,153.01,39.6,195.25,590.26
66.2854,205.59,92.73,57.97,3.52,5.5,2.53,0.0,2.75,0.0,4.95,2.86,33.44,39.71,261.03,127.05,38.06,370.59,507.1
66.2954,198.44,125.84,121.99,4.73,9.68,3.85,4.29,4.07,0.0,0.0,0.0,31.79,38.06,210.43,74.36,41.03,472.89,395.67
66.3054,196.57,130.79,146.63,7.04,9.68,2.53,2.86,4.07,0.0,4.95,2.86,27.06,33.11,154.77,37.18,61.82,500.17,321.75
66.3154,185.79,129.14,149.93,10.56,11.11,3.85,4.29,6.82,0.0,3.3,0.0,23.87,29.81,91.96,26.18,81.73,501.49,256.85
66.3254,178.53,137.5,151.47,27.17,18.04,5.17,5.72,6.82,0.0,3.3,2.86,20.68,21.45,40.26,24.75,72.6,530.42,185.9
66.3354,180.4,142.56,154.77,35.42,22.22,5.17,5.72,8.25,0.0,4.95,0.0,15.84,19.8,29.59,19.25,48.4,554.51,137.83
66.3454,178.53,144.21,151.47,42.57,27.83,6.49,5.72,6.82,0.0,0.0,0.0,11.11,11.55,18.92,17.93,32.23,563.64,91.74
66.3554,176.77,144.21,149.93,46.09,33.44,3.85,5.72,9.57,0.0,3.3,0.0,6.27,8.25,10.67,12.32,24.86,569.58,65.67
66.3654,175.01,144.21,149.93,50.82,36.19,5.17,5.72,8.25,0.0,0.0,0.0,6.27,6.6,10.67,8.25,14.63,575.3,46.42
66.3754,171.38,142.56,148.28,53.13,37.62,5.17,7.15,8.25,0.0,0.0,0.0,4.73,4.95,10.67,4.07,7.26,573.54,31.68
66.3854,166.1,140.91,146.63,54.34,43.12,5.17,7.15,8.25,0.0,0.0,0.0,6.27,4.95,8.25,5.5,4.4,571.67,29.37
66.3954,159.06,135.85,141.68,56.76,44.55,6.49,7.15,8.25,0.0,3.3,0.0,3.08,0.0,7.04,5.5,2.86,559.79,21.78
66.4054,150.37,132.55,135.08,57.97,47.3,6.49,7.15,9.57,0.0,0.0,0.0,4.73,3.3,5.83,4.07,4.4,546.48,22.33
66.4154,141.57,124.08,130.24,60.83,47.3,3.85,8.69,8.25,0.0,3.3,0.0,0.0,3.3,5.83,2.75,4.4,524.81,19.58
66.4254,132.88,117.37,121.99,63.69,51.48,6.49,8.69,9.57,0.0,0.0,0.0,3.08,3.3,4.73,5.5,5.83,512.16,22.44
66.4353,125.84,105.82,115.39,67.98,52.91,6.49,8.69,8.25,0.0,3.3,0.0,3.08,0.0,5.83,2.75,2.86,491.37,17.82
66.4453,113.63,99.22,106.04,72.27,55.77,5.17,5.72,9.57,0.0,0.0,0.0,3.08,3.3,7.04,2.75,0.0,467.39,16.17
66.4553,105.05,89.43,96.69,77.99,58.63,5.17,7.15,11.0,0.0,0.0,0.0,3.08,0.0,4.73,4.07,2.86,451.11,14.74
66.4653,96.36,81.29,90.42,82.28,64.57,6.49,10.12,11.0,0.0,0.0,0.0,3.08,0.0,5.83,2.75,4.4,442.53,16.06
66.4753,87.78,73.04,84.26,89.43,70.4,7.81,10.12,11.0,0.0,0.0,0.0,3.08,0.0,4.73,4.07,4.4,433.84,16.28
66.4853,77.44,64.9,77.99,95.15,77.77,7.81,12.98,12.32,0.0,0.0,0.0,3.08,0.0,4.73,2.75,2.86,426.36,13.42
66.4953,68.86,58.3,70.18,102.3,85.14,10.45,17.38,13.75,0.0,0.0,0.0,0.0,0.0,4.73,0.0,0.0,426.36,4.73
66.5053,60.17,51.81,67.1,112.42,93.94,13.09,24.53,16.5,0.0,0.0,0.0,0.0,0.0,4.73,0.0,2.86,439.56,7.59
66.5153,55.11,43.67,60.94,121.66,101.31,19.58,34.76,17.93,0.0,0.0,0.0,0.0,0.0,3.52,2.75,2.86,454.96,9.13
66.5253,48.18,37.18,56.54,126.28,107.25,30.14,44.88,20.68,0.0,0.0,0.0,3.08,0.0,4.73,0.0,2.86,471.13,10.67
66.5353,43.01,30.69,49.72,135.63,115.28,37.95,55.0,23.43,0.0,0.0,0.0,0.0,0.0,3.52,2.75,2.86,490.71,9.13
66.5453,37.84,25.85,45.54,141.79,125.51,48.51,65.34,24.75,0.0,0.0,0.0,0.0,0.0,3.52,2.75,0.0,515.13,6.27
66.5553,34.43,22.66,38.61,149.49,132.33,63.58,75.79,26.18,0.0,0.0,0.0,0.0,0.0,3.52,0.0,0.0,543.07,3.52
66.5653,30.91,16.17,33.11,155.76,140.91,74.8,87.67,28.93,0.0,0.0,0.0,0.0,0.0,3.52,2.75,2.86,568.26,9.13
66.5753,25.74,11.33,23.43,160.38,147.73,86.13,99.55,28.93,0.0,0.0,0.0,0.0,0.0,3.52,0.0,0.0,583.22,3.52
66.5853,24.09,9.68,19.25,168.19,149.38,97.46,108.57,33.11,0.0,0.0,0.0,0.0,0.0,3.52,0.0,0.0,609.73,3.52
66.5953,20.57,8.03,13.75,174.57,157.96,113.08,117.81,33.11,0.0,0.0,0.0,0.0,0.0,3.52,0.0,0.0,638.88,3.52
66.6053,17.16,8.03,13.75,179.52,164.78,126.94,130.68,34.43,0.0,0.0,0.0,0.0,0.0,2.31,0.0,0.0,675.29,2.31
66.6153,15.4,8.03,12.43,182.71,164.78,140.69,145.2,37.18,0.0,0.0,0.0,0.0,0.0,2.31,2.75,0.0,706.42,5.06
66.6253,11.99,6.38,12.43,189.2,169.84,155.98,154.88,37.18,0.0,0.0,0.0,0.0,0.0,2.31,2.75,0.0,737.88,5.06
66.6353,6.82,6.38,8.25,192.39,171.6,170.06,166.1,39.93,2.42,0.0,2.86,0.0,0.0,0.0,0.0,0.0,761.53,5.28
66.6453,5.06,4.84,5.5,194.04,171.6,186.67,176.0,39.93,6.16,0.0,0.0,0.0,0.0,2.31,2.75,0.0,783.64,11.22
66.6553,0.0,3.19,6.82,194.04,168.19,201.52,190.08,42.68,2.42,0.0,0.0,0.0,0.0,2.31,0.0,0.0,806.52,4.73
66.6653,0.0,3.19,4.07,190.85,159.61,214.83,198.77,42.68,3.63,0.0,0.0,0.0,0.0,0.0,0.0,0.0,814.0,3.63
66.6753,0.0,4.84,4.07,181.06,149.38,226.49,205.81,44.11,4.84,0.0,0.0,0.0,0.0,0.0,0.0,0.0,815.76,4.84
66.6853,0.0,3.19,5.5,166.54,139.15,239.69,216.37,45.54,4.84,0.0,0.0,0.0,0.0,0.0,0.0,0.0,815.98,4.84
66.6953,0.0,3.19,4.07,144.87,130.68,247.94,221.65,45.54,6.16,0.0,0.0,0.0,0.0,0.0,0.0,0.0,797.94,6.16
66.7053,0.0,3.19,4.07,121.66,118.69,256.3,228.47,46.86,9.79,0.0,0.0,0.0,0.0,2.31,0.0,0.0,779.24,12.1
66.7153,0.0,3.19,2.75,100.87,107.25,261.25,236.94,46.86,20.9,0.0,0.0,0.0,0.0,0.0,0.0,0.0,759.11,20.9
66.7253,0.0,3.19,4.07,80.85,95.48,266.2,240.35,51.04,39.38,0.0,0.0,0.0,0.0,0.0,0.0,0.0,741.18,39.38
66.7353,0.0,4.84,4.07,60.83,82.17,267.85,240.35,53.79,64.57,0.0,2.86,0.0,0.0,2.31,0.0,0.0,713.9,69.74
66.7453,0.0,3.19,2.75,40.15,64.57,267.85,236.94,57.97,104.83,6.6,2.86,0.0,0.0,2.31,0.0,0.0,673.42,116.6
66.7553,0.0,4.84,0.0,21.23,43.12,257.95,225.06,63.91,145.53,46.2,7.15,3.08,0.0,2.31,0.0,0.0,616.11,204.27
66.7653,0.0,4.84,4.07,16.5,27.83,223.08,181.28,72.82,145.53,154.55,35.75,4.73,3.3,2.31,0.0,0.0,530.42,346.17
66.7753,0.0,4.84,2.75,14.19,23.65,162.14,113.08,93.72,138.49,179.52,88.22,6.27,3.3,2.31,0.0,0.0,414.37,418.11
66.7853,0.0,4.84,2.75,11.77,22.22,113.08,60.83,134.75,138.49,184.58,105.27,9.46,6.6,5.83,0.0,4.4,350.24,454.63
66.7953,0.0,3.19,2.75,9.46,18.04,53.79,30.36,162.58,129.91,187.99,111.43,19.03,8.25,5.83,6.82,7.26,280.17,476.52
66.8053,0.0,4.84,0.0,7.04,15.29,27.5,24.53,120.89,120.01,186.23,117.59,41.36,14.85,8.25,9.57,8.8,200.09,506.66
66.8153,0.0,4.84,0.0,4.73,11.11,20.9,20.24,63.91,114.4,187.99,122.21,54.12,21.45,9.46,8.25,11.66,125.73,529.54
66.8253,0.0,4.84,2.75,3.52,6.93,14.41,14.41,39.93,108.79,186.23,126.83,63.14,33.11,9.46,11.0,13.2,86.79,551.76
66.8353,0.0,3.19,0.0,2.31,5.5,9.13,11.55,23.43,104.83,184.58,129.91,69.08,38.06,10.67,12.32,13.2,55.11,562.65
66.8453,0.0,3.19,0.0,2.31,5.5,7.81,8.69,8.25,99.44,179.52,129.91,76.56,47.96,11.77,9.57,14.63,35.75,569.36
66.8553,0.0,3.19,0.0,0.0,4.18,5.17,5.72,0.0,94.05,176.11,129.91,81.07,51.26,11.77,12.32,14.63,18.26,571.12
66.8653,0.0,0.0,0.0,2.31,4.18,5.17,5.72,2.75,88.77,171.05,126.83,89.98,59.51,12.98,11.0,13.2,20.13,573.32
66.8753,0.0,0.0,0.0,2.31,2.75,5.17,5.72,2.75,83.38,166.1,120.67,94.49,62.59,11.77,13.75,13.2,18.7,565.95
66.8853,0.0,0.0,0.0,0.0,0.0,5.17,5.72,2.75,75.35,157.85,114.51,99.0,67.21,12.98,12.32,17.6,13.64,556.82
66.8953,0.0,0.0,0.0,2.31,2.75,2.53,4.29,0.0,69.96,147.95,108.35,101.97,71.83,12.98,15.18,17.6,11.88,545.82
66.9053,0.0,0.0,2.75,2.31,0.0,3.85,4.29,2.75,63.25,136.51,103.73,104.94,74.91,14.19,16.5,14.63,15.95,528.66
66.9153,0.0,0.0,0.0,2.31,2.75,2.53,4.29,0.0,57.97,124.96,95.92,107.91,79.64,11.77,15.18,17.6,11.88,510.95
66.9253,0.0,0.0,0.0,2.31,2.75,3.85,2.86,0.0,51.7,115.06,89.76,110.88,82.72,12.98,16.5,20.46,11.77,500.06
66.9353,0.0,0.0,0.0,0.0,2.75,2.53,2.86,0.0,45.54,102.52,83.49,117.15,84.26,15.4,17.93,16.06,8.14,482.35
66.9453,0.0,0.0,0.0,0.0,0.0,0.0,0.0,0.0,39.38,90.2,77.33,121.88,90.42,14.19,17.93,20.46,0.0,471.79
66.9553,0.0,0.0,0.0,0.0,0.0,0.0,2.86,2.75,35.75,82.5,71.06,128.15,98.23,16.61,16.5,20.46,5.61,469.26
66.9653,0.0,0.0,0.0,0.0,0.0,2.53,0.0,0.0,29.59,71.72,64.9,134.42,102.85,17.71,20.68,20.46,2.53,462.33
66.9753,0.0,0.0,0.0,0.0,0.0,2.53,2.86,2.75,25.85,64.02,60.28,140.8,113.63,17.71,22.0,22.0,8.14,466.29
66.9853,0.0,0.0,0.0,0.0,0.0,2.53,0.0,2.75,20.9,54.45,54.34,150.26,121.66,18.92,23.43,24.86,5.28,468.82
66.9953,0.0,0.0,0.0,0.0,0.0,0.0,0.0,2.75,18.48,49.5,48.62,159.72,129.8,21.34,27.5,26.4,2.75,481.36
67.0053,0.0,0.0,0.0,0.0,0.0,2.53,0.0,2.75,15.95,41.25,44.33,167.75,137.94,23.65,34.43,27.83,5.28,493.13
67.0153,0.0,0.0,0.0,0.0,0.0,0.0,0.0,0.0,12.32,33.0,38.61,179.85,149.27,29.59,44.11,30.8,0.0,517.55
67.0253,0.0,0.0,0.0,0.0,0.0,0.0,0.0,2.75,11.0,24.75,31.46,191.95,155.76,36.74,55.11,32.23,2.75,539.0
67.0353,0.0,0.0,0.0,0.0,0.0,0.0,0.0,2.75,8.58,19.8,24.31,200.64,162.25,47.41,65.34,35.2,2.75,563.53
67.0453,0.0,0.0,0.0,0.0,0.0,2.53,0.0,2.75,7.37,16.5,18.59,205.81,168.74,61.71,72.82,35.2,5.28,586.74
67.0553,0.0,0.0,0.0,0.0,0.0,0.0,0.0,2.75,6.16,11.55,14.3,214.39,177.54,76.78,86.24,39.6,2.75,626.56
67.0653,0.0,0.0,2.75,0.0,0.0,0.0,0.0,0.0,6.16,11.55,10.01,224.84,186.56,93.39,95.26,42.46,2.75,670.23
67.0753,0.0,0.0,0.0,0.0,0.0,0.0,0.0,2.75,4.84,8.25,8.58,231.77,190.19,108.46,107.14,45.43,2.75,704.66
67.0853,0.0,0.0,0.0,0.0,0.0,0.0,0.0,0.0,3.63,8.25,7.15,235.29,197.34,123.42,113.19,44.0,0.0,732.27
67.0953,0.0,0.0,2.75,0.0,0.0,0.0,0.0,0.0,0.0,4.95,4.29,238.81,199.21,142.67,125.51,46.86,2.75,762.3
67.1053,0.0,0.0,2.75,0.0,0.0,0.0,0.0,0.0,0.0,4.95,4.29,242.33,202.73,154.77,133.1,49.83,2.75,792.0
67.1153,0.0,0.0,2.75,0.0,0.0,0.0,0.0,2.75,0.0,4.95,2.86,245.85,195.58,173.91,140.8,49.83,5.5,813.78
67.1253,0.0,0.0,0.0,0.0,0.0,0.0,0.0,2.75,0.0,4.95,2.86,240.57,191.95,189.64,145.42,51.26,2.75,826.65
67.1353,3.41,0.0,0.0,0.0,0.0,0.0,0.0,2.75,0.0,3.3,2.86,233.53,181.17,201.74,149.93,48.4,6.16,820.93
67.1453,6.82,0.0,0.0,0.0,0.0,0.0,0.0,2.75,0.0,3.3,2.86,221.32,170.39,213.95,151.47,46.86,9.57,810.15
67.1553,8.58,0.0,0.0,0.0,0.0,0.0,0.0,2.75,0.0,3.3,2.86,204.05,157.41,222.64,159.17,45.43,11.33,794.86
67.1653,11.99,0.0,0.0,0.0,0.0,0.0,0.0,2.75,0.0,3.3,2.86,185.02,149.27,233.53,160.71,42.46,14.74,777.15
67.1753,17.16,0.0,0.0,0.0,0.0,0.0,0.0,2.75,0.0,4.95,2.86,164.45,141.13,240.9,163.79,45.43,19.91,763.51
67.1853,29.26,0.0,0.0,0.0,0.0,0.0,0.0,0.0,0.0,4.95,0.0,142.34,134.64,246.4,165.33,44.0,29.26,737.66
67.1953,55.11,0.0,0.0,0.0,0.0,0.0,0.0,0.0,0.0,4.95,0.0,124.96,128.15,251.79,163.79,44.0,55.11,717.64
67.2053,87.78,0.0,0.0,2.31,2.75,2.53,0.0,0.0,0.0,3.3,2.86,107.91,118.47,255.53,165.33,42.46,95.37,695.86
67.2153,127.6,0.0,0.0,2.31,4.18,0.0,0.0,0.0,0.0,4.95,0.0,89.98,105.93,257.29,160.71,38.06,134.09,656.92
67.2253,178.53,8.03,6.82,2.31,4.18,2.53,0.0,0.0,0.0,4.95,0.0,69.08,87.34,257.29,156.09,39.6,202.4,614.35
67.2353,182.16,92.73,79.53,4.73,8.36,3.85,2.86,2.75,0.0,3.3,2.86,46.2,59.51,253.66,145.42,38.06,376.97,549.01
67.2453,175.01,107.47,123.64,9.46,11.11,2.53,5.72,4.07,0.0,3.3,2.86,31.79,39.71,233.53,108.68,38.06,439.01,457.93
67.2553,173.14,112.42,136.73,17.71,18.04,5.17,4.29,6.82,0.0,3.3,0.0,28.6,34.76,172.26,56.54,42.46,474.32,337.92
67.2653,162.58,112.42,138.38,34.21,37.62,6.49,7.15,8.25,0.0,3.3,2.86,25.41,31.46,118.25,27.5,74.14,507.1,282.92
67.2753,155.54,117.37,138.38,48.4,48.73,5.17,8.69,9.57,0.0,4.95,2.86,20.68,24.75,52.14,20.68,87.89,531.85,213.95
67.2853,155.54,122.43,140.03,57.97,57.2,6.49,8.69,9.57,0.0,3.3,0.0,15.84,19.8,29.59,20.68,67.98,557.92,157.19
67.2953,153.89,124.08,141.68,66.55,64.57,7.81,10.12,11.0,0.0,3.3,0.0,14.3,14.85,20.13,16.5,41.03,579.7,110.11
67.3053,152.13,124.08,143.33,70.84,68.97,7.81,10.12,11.0,0.0,3.3,0.0,6.27,8.25,11.77,13.75,27.83,588.28,71.17
67.3153,150.37,124.08,141.68,76.56,73.37,6.49,10.12,12.32,0.0,0.0,0.0,3.08,6.6,10.67,9.57,16.06,594.99,45.98
67.3253,145.09,124.08,138.38,80.85,77.77,7.81,11.55,12.32,0.0,0.0,0.0,6.27,4.95,9.46,5.5,5.83,597.85,32.01
67.3353,141.57,122.43,138.38,82.28,80.74,6.49,12.98,12.32,0.0,0.0,0.0,4.73,4.95,8.25,4.07,5.83,597.19,27.83
67.3453,136.4,117.37,133.43,86.57,85.14,9.13,12.98,13.75,0.0,0.0,0.0,4.73,4.95,8.25,2.75,2.86,594.77,23.54
67.3553,129.36,110.77,131.89,88.0,88.11,9.13,14.41,12.32,0.0,0.0,0.0,4.73,0.0,7.04,4.07,4.4,583.99,20.24
67.3653,122.43,104.17,125.29,90.86,91.08,9.13,14.41,12.32,0.0,3.3,0.0,0.0,3.3,8.25,2.75,2.86,569.69,20.46
67.3753,117.15,97.68,118.69,90.86,91.08,9.13,17.38,13.75,0.0,3.3,0.0,3.08,3.3,5.83,4.07,4.4,555.72,23.98
67.3853,108.46,91.08,112.2,95.15,93.94,10.45,15.84,15.18,0.0,0.0,0.0,3.08,0.0,7.04,2.75,4.4,542.3,17.27
67.3953,101.53,82.94,106.04,98.01,96.91,9.13,20.24,15.18,0.0,3.3,0.0,3.08,0.0,4.73,2.75,2.86,529.98,16.72
67.4053,92.95,76.34,98.23,100.87,99.88,9.13,21.67,15.18,0.0,0.0,0.0,3.08,0.0,5.83,4.07,0.0,514.25,12.98
67.4153,84.37,68.2,90.42,106.59,101.31,11.77,26.07,16.5,0.0,0.0,0.0,3.08,0.0,4.73,4.07,2.86,505.23,14.74
67.4253,79.2,61.6,85.8,109.45,102.85,13.09,28.93,15.18,0.0,0.0,0.0,3.08,0.0,5.83,0.0,0.0,496.1,8.91
67.4353,72.27,56.65,79.53,112.42,104.28,14.41,33.22,17.93,0.0,0.0,0.0,0.0,0.0,4.73,0.0,0.0,490.71,4.73
67.4453,67.1,48.62,73.37,120.12,108.68,18.26,37.62,17.93,0.0,0.0,0.0,3.08,0.0,3.52,0.0,0.0,491.7,6.6
67.4553,58.52,45.32,65.56,123.2,113.63,20.9,43.45,19.25,0.0,0.0,0.0,0.0,0.0,4.73,4.07,2.86,489.83,11.66
67.4653,51.59,37.18,59.4,129.36,118.69,24.86,47.74,20.68,0.0,0.0,0.0,0.0,0.0,3.52,2.75,4.4,489.5,10.67
67.4753,46.42,32.34,53.79,132.55,122.1,30.14,53.57,23.43,0.0,0.0,0.0,0.0,0.0,4.73,0.0,4.4,494.34,9.13
67.4853,41.25,25.85,49.72,137.17,132.33,36.74,63.8,24.75,0.0,3.3,0.0,0.0,0.0,3.52,4.07,4.4,511.61,15.29
67.4953,37.84,22.66,44.11,143.33,139.15,44.55,72.71,26.18,0.0,0.0,0.0,0.0,0.0,3.52,4.07,0.0,530.53,7.59
67.5053,32.67,17.82,40.04,144.87,145.97,55.11,83.16,27.5,0.0,0.0,0.0,0.0,0.0,3.52,2.75,2.86,547.14,9.13
67.5153,29.26,12.87,34.43,151.14,154.55,64.9,92.18,28.93,0.0,0.0,0.0,0.0,0.0,2.31,2.75,2.86,568.26,7.92
67.5253,25.74,9.68,28.93,154.22,163.02,76.23,105.6,31.68,0.0,3.3,0.0,0.0,0.0,2.31,2.75,2.86,595.1,11.22
67.5353,22.33,6.38,20.68,160.38,171.6,88.99,119.46,31.68,0.0,0.0,0.0,0.0,0.0,3.52,2.75,2.86,621.5,9.13
67.5453,18.92,4.84,16.5,166.54,180.4,100.32,133.98,34.43,0.0,0.0,0.0,0.0,0.0,3.52,0.0,0.0,655.93,3.52
67.5553,15.4,4.84,15.18,169.73,187.33,113.08,145.2,37.18,0.0,0.0,0.0,0.0,0.0,2.31,0.0,2.86,687.94,5.17
67.5653,13.75,6.38,13.75,173.03,190.85,130.02,156.42,35.86,0.0,0.0,0.0,0.0,0.0,0.0,2.75,2.86,720.06,5.61
67.5753,11.99,6.38,13.75,174.57,197.78,140.69,170.94,39.93,0.0,0.0,0.0,0.0,0.0,3.52,2.75,2.86,756.03,9.13
67.5853,8.58,4.84,11.0,177.87,203.06,154.44,184.8,41.36,0.0,0.0,0.0,0.0,0.0,3.52,0.0,2.86,785.95,6.38
67.5953,5.06,4.84,8.25,177.87,204.82,171.71,197.12,41.36,0.0,0.0,0.0,0.0,0.0,2.31,0.0,2.86,811.03,5.17
67.6053,0.0,3.19,6.82,174.57,201.3,186.67,205.81,41.36,3.63,0.0,0.0,0.0,0.0,2.31,0.0,0.0,819.72,5.94
67.6153,0.0,3.19,5.5,168.19,194.26,198.22,216.37,44.11,3.63,0.0,0.0,0.0,0.0,2.31,0.0,0.0,829.84,5.94
67.6253,0.0,3.19,4.07,155.76,182.05,211.53,230.12,45.54,4.84,0.0,0.0,0.0,0.0,0.0,0.0,0.0,832.26,4.84
67.6353,0.0,4.84,4.07,137.17,169.84,223.08,236.94,45.54,6.16,0.0,0.0,0.0,0.0,0.0,2.75,0.0,821.48,8.91
67.6453,0.0,3.19,2.75,117.04,156.2,233.09,245.52,44.11,9.79,0.0,0.0,0.0,0.0,2.31,0.0,0.0,801.9,12.1
67.6553,0.0,3.19,2.75,98.01,142.56,236.39,248.93,45.54,15.95,0.0,0.0,0.0,0.0,2.31,0.0,0.0,777.37,18.26
67.6653,0.0,3.19,4.07,80.85,125.51,244.64,257.4,46.86,29.59,0.0,0.0,0.0,0.0,2.31,0.0,0.0,762.52,31.9
67.6753,0.0,3.19,4.07,62.26,111.87,247.94,257.4,49.61,49.28,0.0,0.0,0.0,0.0,0.0,0.0,0.0,736.34,49.28
67.6853,0.0,4.84,4.07,46.09,95.48,247.94,255.64,48.29,79.31,4.95,0.0,0.0,0.0,2.31,0.0,0.0,702.35,86.57
67.6953,0.0,3.19,2.75,28.38,74.8,246.29,248.93,53.79,122.87,4.95,2.86,3.08,0.0,0.0,0.0,0.0,658.13,133.76
67.7053,0.0,0.0,0.0,16.5,47.3,229.79,235.29,59.4,149.71,93.28,15.73,4.73,0.0,3.52,0.0,0.0,588.28,266.97
67.7153,0.0,4.84,4.07,12.98,30.58,193.27,188.32,71.28,148.39,157.85,81.95,4.73,4.95,5.83,2.75,2.86,505.34,409.31
67.7253,0.0,4.84,2.75,10.56,26.4,140.69,114.62,92.18,145.53,172.81,109.89,6.27,6.6,4.73,4.07,4.4,392.04,454.3
67.7353,0.0,4.84,2.75,10.56,22.22,94.6,55.0,137.83,144.1,177.87,117.59,15.84,9.9,5.83,5.5,5.83,327.8,482.46
67.7453,0.0,4.84,0.0,7.04,16.72,34.1,28.93,154.88,132.77,176.11,120.67,38.17,14.85,8.25,8.25,10.23,246.51,509.3
67.7553,0.0,4.84,2.75,5.83,13.86,22.22,23.1,101.2,127.16,181.17,126.83,52.58,21.45,9.46,9.57,11.66,173.8,539.88
67.7653,0.0,3.19,2.75,2.31,11.11,17.05,18.81,51.04,125.73,182.93,132.88,66.11,28.05,10.67,11.0,13.2,106.26,570.57
67.7753,0.0,4.84,0.0,2.31,8.36,10.45,14.41,34.43,124.3,184.58,137.5,72.16,36.41,9.46,12.32,10.23,74.8,586.96
67.7853,0.0,3.19,2.75,2.31,4.18,9.13,8.69,16.5,121.44,184.58,139.04,76.56,41.36,10.67,13.75,14.63,46.75,602.03
67.7953,0.0,0.0,0.0,2.31,5.5,6.49,5.72,4.07,118.69,182.93,139.04,82.5,46.31,11.77,12.32,13.2,24.09,606.76
67.8053,0.0,3.19,0.0,2.31,2.75,3.85,4.29,0.0,114.4,181.17,132.88,87.01,49.61,11.77,13.75,14.63,16.39,605.22
67.8153,0.0,3.19,2.75,0.0,2.75,5.17,5.72,2.75,104.83,176.11,132.88,89.98,51.26,11.77,12.32,13.2,22.33,592.35
67.8253,0.0,0.0,2.75,2.31,4.18,3.85,4.29,2.75,98.12,169.4,123.75,94.49,51.26,12.98,13.75,16.06,20.13,579.81
67.8353,0.0,0.0,0.0,2.31,4.18,0.0,2.86,2.75,90.09,159.5,113.08,97.46,56.21,11.77,13.75,14.63,12.1,556.49
67.8453,0.0,0.0,0.0,2.31,2.75,3.85,5.72,2.75,82.06,151.25,108.35,99.0,57.97,14.19,12.32,16.06,17.38,541.2
67.8553,0.0,0.0,0.0,0.0,2.75,3.85,5.72,2.75,75.35,141.35,99.0,100.43,57.97,12.98,15.18,17.6,15.07,519.86
67.8652,0.0,0.0,0.0,0.0,2.75,2.53,4.29,2.75,68.64,129.91,91.3,106.37,59.51,12.98,15.18,16.06,12.32,499.95
67.8752,0.0,0.0,0.0,0.0,0.0,2.53,4.29,2.75,63.25,121.66,85.03,107.91,64.13,11.77,15.18,16.06,9.57,484.99
67.8852,0.0,3.19,0.0,0.0,2.75,2.53,4.29,0.0,56.65,110.22,77.33,112.42,64.13,14.19,15.18,16.06,12.76,466.18
67.8952,0.0,0.0,0.0,0.0,2.75,2.53,2.86,0.0,50.49,100.98,74.25,120.23,64.13,14.19,16.5,19.03,8.14,459.8
67.9052,0.0,0.0,0.0,0.0,0.0,0.0,2.86,0.0,45.54,91.74,69.52,124.96,71.83,14.19,16.5,17.6,2.86,451.88
67.9152,0.0,0.0,0.0,0.0,2.75,0.0,0.0,2.75,40.7,80.96,63.36,131.34,76.45,15.4,17.93,17.6,5.5,443.74
67.9252,0.0,0.0,0.0,0.0,0.0,2.53,2.86,0.0,35.75,73.26,60.28,140.8,79.64,16.61,19.25,20.46,5.39,446.05
67.9352,0.0,0.0,0.0,0.0,0.0,0.0,0.0,0.0,30.8,68.64,57.2,148.72,87.34,17.71,16.5,20.46,0.0,447.37
67.9452,0.0,0.0,0.0,0.0,0.0,2.53,0.0,0.0,25.85,60.94,52.91,159.72,96.69,18.92,20.68,23.43,2.53,459.14
67.9552,0.0,0.0,0.0,0.0,0.0,0.0,0.0,0.0,22.11,49.5,47.19,174.68,109.01,18.92,22.0,24.86,0.0,468.27
67.9652,0.0,0.0,0.0,0.0,0.0,0.0,0.0,0.0,17.16,39.6,41.47,190.19,120.12,22.44,24.75,27.83,0.0,483.56
67.9752,0.0,0.0,2.75,0.0,0.0,0.0,0.0,0.0,14.74,34.65,37.18,202.29,136.29,24.86,30.36,30.8,2.75,511.17
67.9852,0.0,0.0,0.0,0.0,0.0,0.0,0.0,2.75,12.32,24.75,31.46,216.15,149.27,32.01,39.93,33.66,2.75,539.55
67.9952,0.0,0.0,2.75,0.0,0.0,0.0,0.0,2.75,9.79,18.15,22.88,224.84,160.6,46.2,49.61,35.2,5.5,567.27
68.0052,0.0,0.0,0.0,0.0,0.0,0.0,0.0,2.75,8.58,14.85,18.59,230.01,168.74,60.28,62.37,39.6,2.75,603.02
68.0152,0.0,0.0,0.0,0.0,0.0,0.0,0.0,2.75,6.16,9.9,12.87,240.57,181.17,76.78,72.82,39.6,2.75,639.87
68.0252,0.0,0.0,0.0,0.0,0.0,0.0,2.86,2.75,6.16,11.55,10.01,245.85,191.95,93.39,89.21,42.46,5.61,690.58
68.0352,0.0,0.0,0.0,0.0,0.0,0.0,2.86,0.0,4.84,6.6,5.72,252.78,200.97,108.46,99.66,45.43,2.86,724.46
68.0452,0.0,0.0,0.0,0.0,0.0,0.0,0.0,2.75,3.63,6.6,7.15,258.06,204.6,126.94,111.65,48.4,2.75,767.03
68.0552,0.0,0.0,0.0,0.0,0.0,0.0,0.0,2.75,2.42,8.25,5.72,259.82,209.99,144.32,120.89,49.83,2.75,801.24
68.0652,0.0,0.0,2.75,0.0,0.0,0.0,0.0,2.75,0.0,8.25,0.0,263.34,211.75,163.57,130.02,51.26,5.5,828.19
68.0752,0.0,0.0,0.0,0.0,0.0,0.0,0.0,0.0,0.0,3.3,0.0,263.34,209.99,179.19,137.72,49.83,0.0,843.37
68.0852,0.0,0.0,0.0,0.0,0.0,0.0,0.0,2.75,0.0,6.6,4.29,256.3,202.73,194.81,142.34,48.4,2.75,855.47
68.0952,0.0,0.0,0.0,0.0,0.0,0.0,0.0,0.0,0.0,4.95,2.86,247.61,190.19,208.67,142.34,48.4,0.0,845.02
68.1052,3.41,0.0,0.0,0.0,0.0,0.0,0.0,0.0,0.0,4.95,2.86,231.77,175.78,219.12,146.96,48.4,3.41,829.84
68.1152,5.06,0.0,0.0,0.0,0.0,0.0,0.0,0.0,0.0,4.95,2.86,212.74,163.9,229.9,149.93,45.43,5.06,809.71
68.1252,8.58,0.0,0.0,0.0,0.0,0.0,0.0,2.75,0.0,4.95,2.86,186.78,154.11,240.9,153.01,44.0,11.33,786.61
68.1352,13.75,0.0,0.0,0.0,0.0,0.0,0.0,0.0,0.0,4.95,2.86,166.1,141.13,248.16,159.17,46.86,13.75,769.23
68.1452,25.74,0.0,0.0,0.0,0.0,0.0,0.0,0.0,0.0,4.95,2.86,142.34,136.29,255.53,157.63,45.43,25.74,745.03
68.1552,49.94,0.0,0.0,0.0,0.0,0.0,0.0,0.0,0.0,3.3,2.86,124.96,126.61,261.03,157.63,42.46,49.94,718.85
68.1652,79.2,0.0,0.0,0.0,0.0,0.0,0.0,0.0,0.0,3.3,2.86,104.94,116.82,264.66,157.63,42.46,79.2,692.67
68.1752,124.19,0.0,0.0,2.31,4.18,0.0,0.0,0.0,0.0,4.95,0.0,85.58,105.93,264.66,157.63,42.46,130.68,661.21
68.1852,171.38,4.84,5.5,2.31,4.18,0.0,2.86,0.0,0.0,4.95,2.86,67.65,82.72,268.29,153.01,41.03,191.07,620.51
68.1952,180.4,82.94,57.97,3.52,9.68,3.85,4.29,4.07,0.0,3.3,2.86,43.01,56.21,268.29,137.72,36.63,346.72,548.02
68.2052,176.77,100.87,117.04,12.98,12.54,3.85,5.72,5.5,0.0,4.95,2.86,30.25,38.06,235.4,99.66,38.06,435.27,449.24
68.2152,175.01,102.52,141.68,24.75,13.86,5.17,5.72,6.82,0.0,4.95,0.0,28.6,34.76,173.91,52.36,46.86,475.53,341.44
68.2252,167.86,104.17,146.63,40.15,33.44,5.17,7.15,8.25,0.0,4.95,2.86,27.06,29.81,121.77,24.75,75.57,512.82,286.77
68.2352,164.34,107.47,151.47,53.13,47.3,3.85,7.15,9.57,0.0,4.95,2.86,22.22,26.4,53.35,22.0,86.35,544.28,218.13
68.2452,162.58,110.77,154.77,62.26,55.77,6.49,7.15,9.57,0.0,4.95,2.86,15.84,19.8,30.8,20.68,64.9,569.36,159.83
68.2552,162.58,114.07,156.42,69.41,60.17,6.49,10.12,9.57,0.0,4.95,0.0,11.11,14.85,22.44,16.5,41.03,588.83,110.88
68.2652,160.82,112.42,156.42,76.56,64.57,7.81,7.15,11.0,0.0,3.3,0.0,7.92,9.9,12.98,13.75,29.26,596.75,77.11
68.2752,157.3,114.07,156.42,79.42,67.54,7.81,8.69,11.0,0.0,4.95,0.0,6.27,4.95,10.67,9.57,17.6,602.25,54.01
68.2852,155.54,115.72,154.77,83.71,71.94,7.81,10.12,12.32,0.0,4.95,0.0,3.08,6.6,10.67,8.25,7.26,611.93,40.81
68.2952,150.37,114.07,153.12,89.43,74.8,7.81,10.12,12.32,0.0,3.3,0.0,3.08,4.95,8.25,5.5,4.4,612.04,29.48
68.3052,145.09,110.77,148.28,92.29,77.77,7.81,11.55,12.32,0.0,3.3,0.0,3.08,3.3,8.25,5.5,5.83,605.88,29.26
68.3152,138.16,105.82,143.33,93.72,79.31,6.49,12.98,13.75,0.0,3.3,0.0,3.08,3.3,7.04,5.5,4.4,593.56,26.62
68.3252,131.12,99.22,138.38,96.58,82.17,9.13,11.55,13.75,0.0,0.0,0.0,3.08,3.3,7.04,5.5,4.4,581.9,23.32
68.3352,124.19,94.38,133.43,99.44,83.71,9.13,14.41,12.32,0.0,0.0,0.0,3.08,3.3,8.25,2.75,2.86,571.01,20.24
68.3452,115.39,87.78,125.29,100.87,85.14,9.13,15.84,13.75,0.0,0.0,0.0,3.08,3.3,5.83,4.07,0.0,553.19,16.28
68.3552,108.46,79.64,117.04,105.16,86.57,9.13,15.84,13.75,0.0,0.0,0.0,4.73,0.0,5.83,4.07,2.86,535.59,17.49
68.3652,99.88,73.04,106.04,108.02,88.11,10.45,20.24,15.18,0.0,3.3,0.0,3.08,0.0,5.83,0.0,4.4,520.96,16.61
68.3752,91.19,66.55,99.77,115.5,91.08,11.77,21.67,15.18,0.0,0.0,0.0,3.08,0.0,5.83,4.07,4.4,512.71,17.38
68.3852,84.37,58.3,91.96,120.12,95.48,13.09,26.07,16.5,0.0,0.0,0.0,3.08,0.0,4.73,2.75,0.0,505.89,10.56
68.3952,77.44,53.46,85.8,124.74,98.34,15.73,31.79,17.93,0.0,0.0,0.0,0.0,0.0,4.73,4.07,0.0,505.23,8.8
68.4052,68.86,46.97,76.45,132.55,104.28,19.58,37.62,19.25,0.0,0.0,0.0,0.0,0.0,5.83,4.07,0.0,505.56,9.9
68.4152,61.93,40.48,71.83,138.71,108.68,27.5,43.45,20.68,0.0,0.0,0.0,0.0,0.0,3.52,4.07,4.4,513.26,11.99
68.4252,55.11,33.99,65.56,144.87,115.28,34.1,50.6,22.0,0.0,0.0,0.0,0.0,0.0,3.52,2.75,2.86,521.51,9.13
68.4352,49.94,29.15,59.4,149.49,120.45,41.91,60.83,23.43,0.0,0.0,0.0,0.0,0.0,3.52,2.75,4.4,534.6,10.67
68.4452,44.77,22.66,52.47,154.22,128.92,49.83,69.74,26.18,0.0,0.0,0.0,0.0,0.0,3.52,2.75,2.86,548.79,9.13
68.4552,39.6,17.82,46.86,158.84,134.09,57.86,78.76,26.18,0.0,0.0,0.0,0.0,0.0,3.52,2.75,0.0,560.01,6.27
68.4652,36.08,14.52,38.61,163.46,142.56,69.19,86.13,27.5,0.0,0.0,0.0,0.0,0.0,3.52,2.75,2.86,578.05,9.13
68.4752,32.67,11.33,34.43,169.73,151.14,79.09,98.12,27.5,0.0,0.0,0.0,0.0,0.0,2.31,2.75,2.86,604.01,7.92
68.4852,29.26,8.03,27.61,174.57,156.2,90.42,108.57,28.93,0.0,0.0,0.0,0.0,0.0,3.52,0.0,2.86,623.59,6.38
68.4952,24.09,4.84,19.25,179.52,163.02,103.07,119.46,31.68,0.0,3.3,0.0,0.0,0.0,3.52,2.75,0.0,644.93,9.57
68.5052,20.57,6.38,15.18,184.36,169.84,114.62,132.33,31.68,0.0,0.0,0.0,0.0,0.0,2.31,2.75,0.0,674.96,5.06
68.5152,17.16,6.38,15.18,187.55,176.88,126.94,143.55,34.43,0.0,0.0,0.0,0.0,0.0,3.52,0.0,0.0,708.07,3.52
68.5252,13.75,4.84,13.75,192.39,180.4,140.69,154.88,35.86,0.0,0.0,0.0,0.0,0.0,3.52,0.0,0.0,736.56,3.52
68.5352,11.99,4.84,12.43,195.69,183.81,155.98,166.1,37.18,0.0,0.0,0.0,0.0,0.0,2.31,0.0,0.0,768.02,2.31
68.5452,6.82,4.84,9.57,200.53,183.81,170.06,176.0,38.61,0.0,3.3,0.0,0.0,0.0,3.52,0.0,0.0,790.24,6.82
68.5552,5.06,4.84,6.82,203.72,182.05,183.26,188.32,39.93,2.42,0.0,0.0,0.0,0.0,3.52,0.0,0.0,814.0,5.94
68.5652,3.41,4.84,5.5,205.37,178.64,198.22,198.77,41.36,3.63,0.0,0.0,0.0,0.0,3.52,0.0,0.0,836.11,7.15
68.5752,0.0,3.19,5.5,203.72,168.19,209.88,207.57,42.68,2.42,0.0,0.0,0.0,0.0,2.31,0.0,2.86,840.73,7.59
68.5852,0.0,3.19,4.07,194.04,161.37,224.84,216.37,42.68,3.63,0.0,0.0,0.0,0.0,2.31,0.0,0.0,846.56,5.94
68.5952,0.0,3.19,2.75,184.36,149.38,233.09,223.41,44.11,3.63,3.3,0.0,0.0,0.0,3.52,0.0,0.0,840.29,10.45
68.6052,0.0,3.19,2.75,171.38,137.5,246.29,230.12,44.11,4.84,0.0,0.0,0.0,0.0,0.0,0.0,0.0,835.34,4.84
68.6152,0.0,3.19,2.75,151.14,127.27,253.0,235.29,44.11,6.16,0.0,0.0,0.0,0.0,0.0,0.0,0.0,816.75,6.16
68.6252,0.0,3.19,4.07,129.36,111.87,262.9,238.7,45.54,13.53,0.0,0.0,0.0,0.0,2.31,0.0,0.0,795.63,15.84
68.6352,0.0,3.19,4.07,109.45,99.88,267.85,238.7,44.11,28.27,0.0,0.0,0.0,0.0,3.52,0.0,0.0,767.25,31.79
68.6452,0.0,3.19,4.07,90.86,83.71,276.1,238.7,44.11,45.54,3.3,2.86,0.0,0.0,2.31,0.0,0.0,740.74,54.01
68.6552,0.0,3.19,0.0,67.98,70.4,277.86,236.94,46.86,75.35,6.6,2.86,0.0,0.0,3.52,0.0,0.0,703.23,88.33
68.6652,0.0,3.19,2.75,48.4,51.48,276.1,228.47,51.04,118.69,9.9,4.29,0.0,0.0,3.52,0.0,0.0,661.43,136.4
68.6752,0.0,4.84,2.75,25.96,30.58,271.15,209.33,55.11,132.77,120.01,21.45,4.73,0.0,3.52,0.0,2.86,599.72,285.34
68.6852,0.0,4.84,2.75,18.92,27.83,228.14,150.04,72.82,125.73,157.85,85.03,7.92,6.6,3.52,4.07,2.86,505.34,393.58
68.6952,0.0,4.84,2.75,16.5,25.08,163.68,93.61,95.15,124.3,166.1,111.43,14.3,8.25,4.73,5.5,2.86,401.61,437.47
68.7052,0.0,4.84,2.75,12.98,22.22,114.62,47.74,137.83,121.44,169.4,116.05,31.79,11.55,7.04,6.82,8.8,342.98,472.89
68.7152,0.0,4.84,4.07,10.56,16.72,48.51,28.93,148.72,111.54,169.4,122.21,50.93,21.45,8.25,9.57,10.23,262.35,503.58
68.7252,0.0,4.84,0.0,5.83,12.54,27.5,26.07,101.2,107.47,166.1,128.37,64.68,38.06,10.67,12.32,11.66,177.98,539.33
68.7352,0.0,4.84,2.75,5.83,9.68,19.58,20.24,59.4,103.51,167.75,132.88,75.13,47.96,11.77,13.75,13.2,122.32,565.95
68.7452,0.0,3.19,0.0,2.31,6.93,13.09,12.98,38.61,100.76,169.4,140.58,79.53,57.97,11.77,13.75,16.06,77.11,589.82
68.7552,0.0,3.19,2.75,3.52,5.5,9.13,10.12,23.43,96.8,164.45,145.2,85.58,67.21,10.67,15.18,17.6,57.64,602.69
68.7652,0.0,3.19,0.0,3.52,4.18,7.81,8.69,8.25,94.05,164.45,148.28,87.01,71.83,12.98,15.18,16.06,35.64,609.84
68.7752,0.0,3.19,0.0,2.31,2.75,6.49,5.72,2.75,90.09,161.15,148.28,94.49,76.45,11.77,13.75,16.06,23.21,612.04
68.7852,0.0,0.0,0.0,2.31,4.18,3.85,5.72,2.75,84.7,152.9,148.28,97.46,81.18,12.98,15.18,17.6,18.81,610.28
68.7952,0.0,0.0,2.75,2.31,0.0,5.17,5.72,2.75,79.31,147.95,143.66,99.0,87.34,12.98,15.18,19.03,18.7,604.45
68.8052,0.0,0.0,0.0,2.31,0.0,5.17,5.72,2.75,74.03,141.35,139.04,103.4,91.96,14.19,16.5,17.6,15.95,598.07
68.8152,0.0,0.0,0.0,2.31,2.75,3.85,4.29,2.75,67.32,133.21,132.88,106.37,98.23,14.19,16.5,20.46,15.95,589.16
68.8252,0.0,0.0,0.0,0.0,2.75,3.85,4.29,2.75,61.93,123.31,126.83,107.91,101.31,15.4,15.18,20.46,13.64,572.33
68.8352,0.0,0.0,0.0,2.31,0.0,3.85,4.29,0.0,55.44,113.41,119.13,113.96,102.85,16.61,17.93,20.46,10.45,559.79
68.8452,0.0,0.0,0.0,0.0,2.75,3.85,4.29,0.0,50.49,105.6,109.89,115.5,110.55,15.4,19.25,20.46,10.89,547.14
68.8552,0.0,0.0,0.0,0.0,0.0,2.53,4.29,0.0,44.33,94.82,102.19,123.42,115.28,16.61,19.25,22.0,6.82,537.9
68.8652,0.0,0.0,0.0,0.0,2.75,0.0,0.0,0.0,39.38,84.04,94.38,128.15,121.66,16.61,22.0,22.0,2.75,528.22
68.8752,0.0,0.0,0.0,0.0,2.75,2.53,0.0,0.0,34.43,77.88,88.22,131.34,128.15,16.61,23.43,23.43,5.28,523.49
68.8852,0.0,0.0,2.75,0.0,0.0,0.0,2.86,0.0,30.8,70.18,83.49,139.15,129.8,18.92,24.75,24.86,5.61,521.95
68.8952,0.0,0.0,0.0,0.0,0.0,0.0,0.0,0.0,25.85,64.02,75.79,142.34,137.94,18.92,27.5,26.4,0.0,518.76
68.9052,0.0,0.0,2.75,0.0,0.0,0.0,0.0,0.0,22.11,56.1,67.98,151.8,147.62,21.34,30.36,26.4,2.75,523.71
68.9152,0.0,0.0,0.0,0.0,0.0,0.0,0.0,0.0,18.48,46.2,58.74,159.72,154.11,23.65,35.86,27.83,0.0,524.59
68.9252,0.0,0.0,0.0,0.0,0.0,0.0,0.0,2.75,15.95,39.6,51.48,169.51,158.95,26.07,46.86,29.26,2.75,537.68
68.9352,0.0,0.0,0.0,0.0,0.0,0.0,0.0,0.0,13.53,31.35,44.33,178.09,168.74,30.8,53.79,32.23,0.0,552.86
68.9452,0.0,0.0,0.0,0.0,0.0,0.0,0.0,2.75,9.79,21.45,37.18,181.61,175.78,40.26,65.34,35.2,2.75,566.61
68.9552,0.0,0.0,0.0,0.0,0.0,0.0,0.0,0.0,8.58,16.5,27.17,191.95,181.17,48.62,75.79,36.63,0.0,586.41
68.9652,0.0,0.0,0.0,0.0,0.0,0.0,0.0,2.75,6.16,9.9,18.59,198.88,190.19,61.71,89.21,39.6,2.75,614.24
68.9752,0.0,0.0,0.0,0.0,0.0,0.0,0.0,0.0,6.16,9.9,11.44,204.05,199.21,76.78,98.23,41.03,0.0,646.8
68.9852,0.0,0.0,0.0,0.0,0.0,2.53,0.0,2.75,4.84,9.9,10.01,205.81,206.36,93.39,111.65,42.46,5.28,684.42
68.9952,0.0,0.0,2.75,0.0,0.0,2.53,0.0,2.75,4.84,8.25,7.15,212.74,208.12,107.03,119.35,44.0,8.03,711.48
69.0052,0.0,0.0,0.0,0.0,0.0,0.0,0.0,2.75,2.42,4.95,5.72,216.15,213.62,120.01,128.59,46.86,2.75,738.32
69.0152,0.0,0.0,2.75,0.0,0.0,0.0,0.0,2.75,0.0,6.6,4.29,219.56,217.14,135.63,136.18,48.4,5.5,767.8
69.0252,0.0,0.0,0.0,0.0,0.0,0.0,0.0,0.0,0.0,4.95,4.29,217.91,217.14,156.53,145.42,46.86,0.0,793.1
69.0352,0.0,0.0,2.75,0.0,0.0,0.0,0.0,0.0,0.0,6.6,2.86,216.15,213.62,170.5,151.47,49.83,2.75,811.03
69.0452,3.41,0.0,0.0,0.0,0.0,0.0,0.0,0.0,0.0,3.3,4.29,210.98,204.6,186.12,156.09,48.4,3.41,813.78
69.0552,5.06,0.0,0.0,0.0,0.0,0.0,0.0,0.0,0.0,6.6,4.29,197.12,193.71,194.81,160.71,49.83,5.06,807.07
69.0652,8.58,0.0,0.0,0.0,0.0,0.0,0.0,0.0,0.0,3.3,4.29,181.61,182.93,210.43,163.79,48.4,8.58,794.75
69.0752,11.99,0.0,0.0,0.0,0.0,0.0,0.0,0.0,0.0,4.95,2.86,159.72,168.74,220.88,170.17,44.0,11.99,771.32
69.0852,17.16,0.0,0.0,0.0,0.0,0.0,0.0,0.0,0.0,4.95,4.29,143.99,160.6,226.27,173.36,46.86,17.16,760.32
69.0952,30.91,0.0,0.0,0.0,0.0,0.0,0.0,0.0,0.0,4.95,2.86,124.96,149.27,237.16,178.2,45.43,30.91,742.83
69.1052,49.94,0.0,0.0,0.0,0.0,0.0,0.0,0.0,0.0,4.95,2.86,104.94,142.78,242.66,179.85,44.0,49.94,722.04
69.1152,74.03,0.0,0.0,0.0,0.0,0.0,0.0,0.0,0.0,4.95,0.0,88.55,137.94,246.4,181.5,42.46,74.03,701.8
69.1252,108.46,0.0,0.0,0.0,2.75,2.53,0.0,0.0,0.0,3.3,2.86,72.16,128.15,246.4,183.15,41.03,113.74,677.05
69.1352,159.06,3.19,2.75,3.52,2.75,0.0,0.0,0.0,0.0,3.3,2.86,55.77,113.63,246.4,181.5,39.6,171.27,643.06
69.1452,176.77,76.34,45.54,3.52,9.68,3.85,4.29,4.07,0.0,3.3,2.86,38.17,93.5,240.9,176.66,38.06,324.06,593.45
69.1552,167.86,100.87,96.69,9.46,11.11,5.17,5.72,4.07,0.0,3.3,2.86,25.41,62.59,228.03,166.87,36.63,400.95,525.69
69.1652,166.1,105.82,112.2,20.02,16.72,5.17,7.15,6.82,0.0,3.3,0.0,27.06,43.01,191.29,125.51,38.06,440.0,428.23
69.1752,157.3,105.82,112.2,34.21,37.62,5.17,8.69,8.25,0.0,4.95,2.86,23.87,38.06,139.15,65.34,49.83,469.26,324.06
69.1852,148.61,110.77,113.85,50.82,50.16,6.49,8.69,9.57,0.0,3.3,2.86,22.22,31.46,88.88,33.11,87.89,498.96,269.72
69.1952,148.61,114.07,117.04,60.83,58.63,7.81,8.69,11.0,0.0,3.3,2.86,19.03,24.75,36.74,22.0,109.34,526.68,218.02
69.2052,145.09,115.72,117.04,69.41,63.03,9.13,8.69,11.0,0.0,4.95,0.0,14.3,21.45,23.65,19.25,84.81,539.11,168.41
69.2152,145.09,120.78,118.69,76.56,67.54,6.49,11.55,12.32,0.0,4.95,2.86,11.11,13.2,18.92,15.18,49.83,559.02,116.05
69.2252,143.33,120.78,117.04,82.28,71.94,7.81,10.12,11.0,0.0,3.3,0.0,6.27,9.9,12.98,15.18,32.23,564.3,79.86
69.2352,141.57,120.78,118.69,88.0,71.94,7.81,11.55,13.75,0.0,3.3,0.0,4.73,6.6,11.77,9.57,23.43,574.09,59.4
69.2452,138.16,120.78,115.39,92.29,77.77,7.81,12.98,11.0,0.0,0.0,0.0,4.73,4.95,10.67,9.57,11.66,576.18,41.58
69.2552,134.64,117.37,113.85,96.58,79.31,9.13,11.55,13.75,0.0,0.0,0.0,4.73,3.3,8.25,5.5,7.26,576.18,29.04
69.2652,127.6,112.42,109.12,100.87,86.57,9.13,12.98,13.75,0.0,0.0,0.0,0.0,3.3,9.46,5.5,7.26,572.44,25.52
69.2752,122.43,105.82,104.5,103.73,86.57,9.13,14.41,12.32,0.0,0.0,0.0,3.08,3.3,7.04,5.5,2.86,558.91,21.78
69.2852,115.39,100.87,101.31,106.59,92.51,10.45,15.84,15.18,0.0,0.0,0.0,3.08,4.95,7.04,5.5,2.86,558.14,23.43
69.2951,108.46,92.73,96.69,109.45,95.48,10.45,15.84,15.18,0.0,3.3,0.0,0.0,3.3,7.04,2.75,2.86,544.28,19.25
69.3051,99.88,86.13,88.88,115.5,99.88,9.13,18.81,16.5,0.0,3.3,0.0,0.0,0.0,4.73,4.07,4.4,534.71,16.5
69.3151,92.95,77.99,84.26,120.12,102.85,10.45,23.1,16.5,0.0,0.0,0.0,0.0,3.3,4.73,4.07,4.4,528.22,16.5
69.3251,84.37,69.74,79.53,124.74,105.71,13.09,26.07,16.5,0.0,3.3,0.0,0.0,0.0,7.04,2.75,2.86,519.75,15.95
69.3351,77.44,64.9,71.83,130.9,108.68,14.41,30.36,19.25,0.0,0.0,0.0,0.0,0.0,5.83,4.07,4.4,517.77,14.3
69.3451,70.51,56.65,65.56,138.71,113.63,18.26,36.19,19.25,0.0,0.0,0.0,0.0,0.0,4.73,2.75,4.4,518.76,11.88
69.3551,65.34,51.81,59.4,143.33,117.04,24.86,41.91,20.68,0.0,0.0,0.0,0.0,0.0,5.83,5.5,4.4,524.37,15.73
69.3651,58.52,46.97,53.79,149.49,120.45,28.82,47.74,22.0,0.0,0.0,0.0,0.0,0.0,5.83,2.75,5.83,527.78,14.41
69.3751,53.35,40.48,48.29,155.76,123.86,35.42,55.0,24.75,0.0,0.0,0.0,0.0,0.0,4.73,0.0,2.86,536.91,7.59
69.3851,48.18,33.99,42.79,160.38,128.92,41.91,59.4,26.18,0.0,0.0,0.0,0.0,0.0,4.73,2.75,4.4,541.75,11.88
69.3951,43.01,29.15,35.86,165.0,135.74,49.83,68.31,26.18,0.0,0.0,0.0,0.0,0.0,4.73,4.07,4.4,553.08,13.2
69.4051,37.84,24.31,30.36,168.19,140.91,59.29,77.22,27.5,0.0,3.3,0.0,0.0,0.0,4.73,0.0,4.4,565.62,12.43
69.4151,34.43,17.82,27.61,171.38,147.73,69.19,86.13,30.36,0.0,0.0,0.0,0.0,0.0,4.73,2.75,2.86,584.65,10.34
69.4251,30.91,14.52,22.0,174.57,152.79,77.66,95.15,30.36,0.0,0.0,0.0,0.0,0.0,4.73,2.75,4.4,597.96,11.88
69.4351,27.5,9.68,16.5,177.87,157.96,87.56,104.06,31.68,0.0,0.0,0.0,0.0,0.0,4.73,4.07,4.4,612.81,13.2
69.4451,24.09,6.38,13.75,182.71,164.78,96.03,113.08,34.43,0.0,0.0,0.0,0.0,0.0,3.52,2.75,2.86,635.25,9.13
69.4551,20.57,8.03,13.75,187.55,166.43,105.93,124.3,35.86,0.0,0.0,0.0,0.0,0.0,3.52,2.75,5.83,662.42,12.1
69.4651,17.16,6.38,13.75,190.85,173.36,119.24,135.52,34.43,0.0,0.0,0.0,0.0,0.0,2.31,4.07,2.86,690.69,9.24
69.4751,15.4,6.38,9.57,194.04,176.88,131.45,145.2,37.18,0.0,0.0,0.0,0.0,0.0,3.52,2.75,4.4,716.1,10.67
69.4851,13.75,6.38,11.0,197.23,178.64,143.77,156.42,37.18,0.0,0.0,0.0,0.0,0.0,2.31,0.0,2.86,744.37,5.17
69.4951,10.23,6.38,9.57,202.18,178.64,157.52,166.1,39.93,0.0,0.0,0.0,0.0,0.0,3.52,0.0,2.86,770.55,6.38
69.5051,6.82,4.84,8.25,203.72,178.64,170.06,174.24,39.93,0.0,0.0,0.0,0.0,0.0,2.31,0.0,2.86,786.5,5.17
69.5151,3.41,4.84,6.82,203.72,175.12,183.26,184.8,42.68,0.0,0.0,0.0,0.0,0.0,3.52,0.0,4.4,804.65,7.92
69.5251,0.0,3.19,4.07,203.72,171.6,196.57,193.6,42.68,0.0,0.0,0.0,0.0,0.0,2.31,2.75,2.86,815.43,7.92
69.5351,0.0,3.19,2.75,197.23,164.78,209.88,204.05,42.68,0.0,0.0,0.0,0.0,0.0,2.31,2.75,4.4,824.56,9.46
69.5451,0.0,3.19,4.07,187.55,156.2,221.43,211.09,44.11,2.42,0.0,0.0,0.0,0.0,2.31,2.75,4.4,827.64,11.88
69.5551,0.0,3.19,2.75,174.57,144.32,229.79,219.89,45.54,2.42,0.0,0.0,0.0,0.0,2.31,0.0,2.86,820.05,7.59
69.5651,0.0,3.19,2.75,161.92,137.5,238.04,225.06,45.54,3.63,0.0,0.0,0.0,0.0,2.31,2.75,4.4,814.0,13.09
69.5751,0.0,3.19,4.07,144.87,125.51,247.94,226.71,46.86,6.16,0.0,0.0,0.0,0.0,2.31,0.0,2.86,799.15,11.33
69.5851,0.0,3.19,2.75,126.28,115.28,253.0,233.53,46.86,11.0,0.0,0.0,0.0,0.0,0.0,0.0,0.0,780.89,11.0
69.5951,0.0,3.19,4.07,108.02,104.28,259.6,235.29,46.86,23.43,0.0,0.0,0.0,0.0,3.52,0.0,2.86,761.31,29.81
69.6051,0.0,3.19,4.07,89.43,91.08,264.55,235.29,48.29,41.91,0.0,0.0,0.0,0.0,2.31,0.0,0.0,735.9,44.22
69.6151,0.0,3.19,0.0,70.84,77.77,266.2,233.53,49.61,68.64,4.95,2.86,0.0,0.0,2.31,0.0,0.0,701.14,78.76
69.6251,0.0,3.19,2.75,49.61,58.63,267.85,228.47,52.36,111.54,4.95,4.29,0.0,0.0,2.31,0.0,0.0,662.86,123.09
69.6351,0.0,3.19,2.75,24.75,36.19,261.25,211.09,57.97,142.67,90.2,12.87,0.0,0.0,4.73,0.0,2.86,597.19,253.33
69.6451,0.0,3.19,4.07,18.92,29.26,219.78,154.88,72.82,137.06,149.6,83.49,7.92,4.95,4.73,2.75,4.4,502.92,394.9
69.6551,0.0,4.84,2.75,16.5,26.4,151.36,93.61,98.12,132.77,157.85,114.51,7.92,8.25,4.73,4.07,4.4,393.58,434.5
69.6651,0.0,4.84,0.0,12.98,23.65,100.32,43.45,147.18,137.06,166.1,125.29,17.49,9.9,7.04,6.82,5.83,332.42,475.53
69.6751,0.0,4.84,2.75,9.46,15.29,36.74,27.5,148.72,125.73,167.75,132.88,34.98,13.2,7.04,9.57,8.8,245.3,499.95
69.6851,0.0,4.84,0.0,7.04,12.54,24.86,24.53,89.21,117.26,162.8,139.04,54.12,23.1,10.67,8.25,10.23,163.02,525.47
69.6951,0.0,4.84,2.75,4.73,9.68,18.26,18.81,51.04,115.83,167.75,145.2,60.17,31.46,10.67,11.0,13.2,110.11,555.28
69.7051,0.0,4.84,2.75,4.73,6.93,10.45,12.98,34.43,112.97,167.75,149.82,70.62,41.36,10.67,12.32,16.06,77.11,581.57
69.7151,0.0,0.0,0.0,3.52,4.18,9.13,8.69,16.5,107.47,166.1,152.79,76.56,47.96,9.46,12.32,14.63,42.02,587.29
69.7251,0.0,3.19,0.0,3.52,4.18,6.49,7.15,2.75,102.08,164.45,152.79,84.04,54.56,10.67,12.32,16.06,27.28,596.97
69.7351,0.0,0.0,0.0,3.52,2.75,6.49,5.72,2.75,96.8,159.5,151.25,89.98,56.21,11.77,13.75,16.06,21.23,595.32
69.7451,0.0,0.0,0.0,3.52,4.18,3.85,5.72,2.75,90.09,151.25,145.2,92.95,62.59,10.67,15.18,16.06,20.02,583.99
69.7551,0.0,0.0,0.0,2.31,2.75,5.17,4.29,4.07,82.06,143.0,140.58,97.46,65.67,11.77,15.18,19.03,18.59,574.75
69.7651,0.0,0.0,0.0,2.31,2.75,3.85,5.72,0.0,75.35,134.86,131.45,100.43,67.21,12.98,15.18,19.03,14.63,556.49
69.7751,0.0,0.0,0.0,2.31,2.75,3.85,4.29,2.75,68.64,124.96,123.75,104.94,70.29,12.98,15.18,17.6,15.95,538.34
69.7851,0.0,0.0,0.0,2.31,2.75,3.85,2.86,2.75,61.93,116.71,116.05,106.37,74.91,14.19,15.18,17.6,14.52,522.94
69.7951,0.0,0.0,0.0,0.0,0.0,2.53,4.29,2.75,55.44,107.14,105.27,109.34,78.1,14.19,16.5,19.03,9.57,505.01
69.8051,0.0,0.0,0.0,2.31,0.0,3.85,2.86,0.0,49.28,96.36,97.46,113.96,82.72,15.4,15.18,20.46,9.02,490.82
69.8151,0.0,0.0,0.0,0.0,0.0,3.85,2.86,2.75,44.33,84.04,88.22,121.88,88.88,14.19,17.93,20.46,9.46,479.93
69.8251,0.0,0.0,0.0,2.31,0.0,0.0,0.0,0.0,39.38,77.88,80.41,124.96,91.96,15.4,17.93,22.0,2.31,469.92
69.8351,0.0,0.0,2.75,0.0,2.75,0.0,0.0,0.0,33.22,68.64,74.25,131.34,99.77,16.61,19.25,22.0,5.5,465.08
69.8451,0.0,0.0,0.0,0.0,0.0,0.0,0.0,0.0,28.27,60.94,67.98,137.61,109.01,17.71,19.25,23.43,0.0,464.2
69.8551,0.0,0.0,0.0,0.0,0.0,2.53,0.0,0.0,23.43,51.15,61.82,145.53,116.82,18.92,22.0,24.86,2.53,464.53
69.8651,0.0,0.0,0.0,0.0,0.0,2.53,0.0,0.0,20.9,46.2,55.77,153.45,124.96,20.13,24.75,26.4,2.53,472.56
69.8751,0.0,0.0,0.0,0.0,0.0,0.0,0.0,0.0,17.16,39.6,50.05,162.91,133.1,21.34,28.93,27.83,0.0,480.92
69.8851,0.0,0.0,0.0,0.0,0.0,0.0,0.0,2.75,14.74,31.35,44.33,176.44,144.43,23.65,34.43,29.26,2.75,498.63
69.8951,0.0,0.0,0.0,0.0,0.0,2.53,0.0,2.75,12.32,24.75,37.18,185.02,154.11,32.01,44.11,30.8,5.28,520.3
69.9051,0.0,0.0,0.0,0.0,0.0,0.0,0.0,2.75,11.0,19.8,30.03,193.71,158.95,40.26,56.54,36.63,2.75,546.92
69.9151,0.0,0.0,0.0,0.0,0.0,2.53,0.0,4.07,8.58,13.2,21.45,200.64,170.39,50.93,68.31,36.63,6.6,570.13
69.9251,0.0,0.0,0.0,0.0,0.0,2.53,0.0,4.07,7.37,13.2,17.16,207.46,181.17,63.25,77.33,38.06,6.6,605.0
69.9351,0.0,0.0,0.0,0.0,0.0,2.53,0.0,4.07,6.16,9.9,12.87,216.15,188.32,78.32,90.75,42.46,6.6,644.93
69.9451,0.0,0.0,0.0,0.0,0.0,2.53,0.0,4.07,4.84,8.25,10.01,221.32,197.34,91.96,104.17,44.0,6.6,681.89
69.9551,0.0,0.0,0.0,0.0,0.0,0.0,0.0,2.75,4.84,9.9,8.58,228.25,200.97,107.03,113.19,44.0,2.75,716.76
69.9651,0.0,0.0,0.0,0.0,0.0,2.53,0.0,0.0,2.42,4.95,7.15,235.29,206.36,121.77,123.97,48.4,2.53,750.31
69.9751,0.0,0.0,0.0,0.0,0.0,0.0,0.0,2.75,0.0,4.95,4.29,240.57,209.99,137.39,131.56,49.83,2.75,778.58
69.9851,0.0,0.0,0.0,0.0,0.0,0.0,0.0,0.0,0.0,6.6,5.72,244.09,209.99,153.12,137.72,51.26,0.0,808.5
69.9951,3.41,0.0,2.75,0.0,0.0,0.0,0.0,2.75,0.0,3.3,4.29,247.61,208.12,166.98,142.34,51.26,8.91,823.9
70.0051,8.58,0.0,0.0,0.0,0.0,0.0,0.0,2.75,0.0,4.95,2.86,249.37,200.97,182.6,149.93,51.26,11.33,841.94
70.0151,11.99,0.0,0.0,0.0,0.0,0.0,0.0,2.75,0.0,4.95,2.86,242.33,190.19,193.05,151.47,51.26,14.74,836.11
70.0251,13.75,0.0,0.0,0.0,0.0,0.0,0.0,2.75,0.0,4.95,2.86,228.25,175.78,206.91,153.01,48.4,16.5,820.16
70.0351,17.16,0.0,0.0,0.0,0.0,0.0,0.0,0.0,0.0,4.95,0.0,212.74,163.9,215.6,159.17,45.43,17.16,801.79
70.0451,22.33,0.0,0.0,0.0,0.0,0.0,0.0,0.0,0.0,4.95,2.86,191.95,152.46,226.27,159.17,45.43,22.33,783.09
70.0551,32.67,0.0,0.0,0.0,0.0,0.0,0.0,0.0,0.0,3.3,2.86,169.51,141.13,233.53,163.79,45.43,32.67,759.55
70.0651,48.18,0.0,0.0,0.0,0.0,0.0,0.0,0.0,0.0,4.95,0.0,145.53,136.29,239.03,163.79,41.03,48.18,730.62
70.0751,72.27,0.0,0.0,0.0,0.0,0.0,0.0,0.0,0.0,4.95,0.0,124.96,126.61,244.53,165.33,42.46,72.27,708.84
70.0851,99.88,0.0,0.0,0.0,0.0,0.0,2.86,0.0,0.0,4.95,2.86,106.37,116.82,246.4,163.79,42.46,102.74,683.65
70.0951,145.09,11.33,8.25,3.52,4.18,2.53,2.86,2.75,0.0,4.95,2.86,84.04,99.77,250.03,162.25,41.03,180.51,644.93
70.1051,159.06,76.34,62.48,5.83,11.11,3.85,5.72,4.07,0.0,3.3,2.86,64.68,79.64,251.79,154.55,38.06,328.46,594.88
70.1151,152.13,91.08,106.04,17.71,19.47,6.49,7.15,8.25,0.0,0.0,0.0,39.82,52.91,250.03,137.72,36.63,408.32,517.11
70.1251,150.37,97.68,118.69,31.9,36.19,6.49,7.15,9.57,0.0,4.95,2.86,28.6,38.06,217.36,92.29,33.66,458.04,417.78
70.1351,141.57,99.22,120.34,47.3,54.34,7.81,8.69,9.57,0.0,4.95,4.29,23.87,34.76,156.53,49.61,45.43,488.84,319.44
70.1451,138.16,104.17,120.34,60.83,64.57,9.13,11.55,11.0,0.0,3.3,2.86,22.22,29.81,102.52,24.75,77.11,519.75,262.57
70.1551,136.4,109.12,123.64,73.7,74.8,7.81,10.12,12.32,0.0,4.95,2.86,20.68,23.1,42.68,20.68,84.81,547.91,199.76
70.1651,134.64,112.42,125.29,82.28,79.31,9.13,11.55,12.32,0.0,4.95,0.0,15.84,16.5,28.38,17.93,58.74,566.94,142.34
70.1751,134.64,114.07,125.29,86.57,83.71,10.45,12.98,13.75,0.0,0.0,0.0,9.46,13.2,17.71,15.18,33.66,581.46,89.21
70.1851,132.88,115.72,125.29,95.15,88.11,11.77,14.41,12.32,0.0,3.3,0.0,6.27,6.6,11.77,11.0,26.4,595.65,65.34
70.1951,131.12,114.07,125.29,100.87,91.08,10.45,14.41,15.18,0.0,3.3,0.0,6.27,4.95,11.77,6.82,11.66,602.47,44.77
70.2051,127.6,112.42,123.64,103.73,93.94,13.09,14.41,15.18,0.0,3.3,0.0,3.08,3.3,9.46,6.82,5.83,604.01,31.79
70.2151,122.43,109.12,120.34,110.88,96.91,11.77,17.38,15.18,0.0,3.3,0.0,3.08,3.3,8.25,5.5,5.83,604.01,29.26
70.2251,115.39,102.52,112.2,117.04,98.34,11.77,20.24,17.93,0.0,3.3,0.0,3.08,3.3,7.04,5.5,5.83,595.43,28.05
70.2351,110.22,99.22,106.04,120.12,101.31,14.41,21.67,16.5,0.0,0.0,0.0,3.08,4.95,7.04,4.07,4.4,589.49,23.54
70.2451,103.29,92.73,98.23,126.28,102.85,14.41,23.1,17.93,0.0,0.0,0.0,4.73,0.0,5.83,2.75,4.4,578.82,17.71
70.2551,94.71,86.13,87.34,132.55,104.28,15.73,26.07,17.93,0.0,0.0,0.0,3.08,0.0,5.83,4.07,5.83,564.74,18.81
70.2651,86.02,77.99,79.53,140.25,104.28,17.05,28.93,19.25,0.0,0.0,0.0,3.08,3.3,7.04,5.5,4.4,553.3,23.32
70.2751,79.2,71.39,68.64,144.87,105.71,18.26,28.93,20.68,0.0,3.3,0.0,3.08,0.0,4.73,2.75,5.83,537.68,19.69
70.2851,72.27,64.9,60.94,154.22,107.25,22.22,31.79,19.25,0.0,0.0,0.0,3.08,0.0,5.83,4.07,2.86,532.84,15.84
70.2951,65.34,58.3,55.22,160.38,110.22,24.86,34.76,20.68,0.0,3.3,0.0,0.0,0.0,4.73,4.07,4.4,529.76,16.5
70.3051,58.52,51.81,49.72,166.54,110.22,30.14,36.19,20.68,0.0,0.0,0.0,3.08,0.0,5.83,0.0,2.86,523.82,11.77
70.3151,53.35,46.97,42.79,171.38,113.63,34.1,41.91,22.0,0.0,0.0,0.0,0.0,0.0,4.73,0.0,0.0,526.13,4.73
70.3251,48.18,42.13,35.86,179.52,115.28,39.27,46.31,23.43,0.0,0.0,0.0,0.0,0.0,4.73,4.07,2.86,529.98,11.66
70.3351,43.01,37.18,31.68,182.71,118.69,47.19,49.17,24.75,0.0,0.0,0.0,0.0,0.0,4.73,4.07,4.4,534.38,13.2
70.3451,37.84,30.69,24.86,185.9,123.86,53.79,55.0,26.18,0.0,0.0,0.0,0.0,0.0,3.52,4.07,2.86,538.12,10.45
70.3551,34.43,25.85,22.0,192.39,128.92,62.15,62.37,27.5,0.0,0.0,0.0,0.0,0.0,3.52,2.75,2.86,555.61,9.13
70.3651,29.26,21.01,19.25,195.69,132.33,70.62,71.28,27.5,0.0,0.0,0.0,0.0,0.0,4.73,0.0,0.0,566.94,4.73
70.3751,25.74,16.17,16.5,202.18,137.5,79.09,77.22,30.36,0.0,0.0,0.0,0.0,0.0,3.52,0.0,2.86,584.76,6.38
70.3851,24.09,11.33,12.43,207.02,145.97,90.42,87.67,31.68,0.0,0.0,0.0,0.0,0.0,4.73,4.07,2.86,610.61,11.66
70.3951,20.57,8.03,13.75,211.86,151.14,100.32,96.58,33.11,0.0,0.0,0.0,0.0,0.0,2.31,2.75,4.4,635.36,9.46
70.4051,17.16,8.03,12.43,216.7,154.55,110.22,104.06,34.43,0.0,0.0,0.0,0.0,0.0,3.52,2.75,2.86,657.58,9.13
70.4151,15.4,8.03,11.0,219.89,156.2,120.78,114.62,35.86,0.0,0.0,0.0,0.0,0.0,4.73,2.75,2.86,681.78,10.34
70.4251,11.99,8.03,11.0,226.38,159.61,131.45,122.65,37.18,0.0,0.0,0.0,0.0,0.0,3.52,2.75,2.86,708.29,9.13
70.4351,8.58,8.03,11.0,227.92,159.61,146.85,132.33,37.18,0.0,0.0,0.0,0.0,0.0,4.73,0.0,0.0,731.5,4.73
70.4451,6.82,4.84,8.25,229.57,161.37,159.06,142.01,38.61,0.0,0.0,0.0,0.0,0.0,4.73,0.0,2.86,750.53,7.59
70.4551,3.41,3.19,5.5,232.65,159.61,173.36,151.58,39.93,0.0,0.0,0.0,0.0,0.0,2.31,2.75,2.86,769.23,7.92
70.4651,0.0,3.19,5.5,229.57,156.2,186.67,161.26,38.61,0.0,0.0,2.86,0.0,0.0,3.52,0.0,0.0,781.0,6.38
70.4751,0.0,3.19,4.07,226.38,152.79,198.22,170.94,39.93,0.0,0.0,0.0,0.0,0.0,3.52,0.0,0.0,795.52,3.52
70.4851,0.0,3.19,4.07,215.05,145.97,214.83,181.28,41.36,2.42,0.0,0.0,0.0,0.0,2.31,2.75,2.86,805.75,10.34
70.4951,0.0,3.19,4.07,202.18,139.15,223.08,191.84,41.36,2.42,0.0,0.0,0.0,0.0,2.31,2.75,2.86,804.87,10.34
70.5051,0.0,3.19,4.07,187.55,132.33,234.74,200.53,42.68,3.63,0.0,0.0,0.0,0.0,2.31,0.0,0.0,805.09,5.94
70.5151,0.0,3.19,4.07,166.54,125.51,244.64,207.57,42.68,4.84,0.0,0.0,0.0,0.0,2.31,0.0,2.86,794.2,10.01
70.5251,0.0,3.19,4.07,141.79,115.28,253.0,216.37,42.68,6.16,0.0,0.0,0.0,0.0,3.52,0.0,2.86,776.38,12.54
70.5351,0.0,3.19,4.07,118.58,105.71,257.95,221.65,44.11,14.74,0.0,0.0,0.0,0.0,2.31,0.0,0.0,755.26,17.05
70.5451,0.0,3.19,2.75,98.01,93.94,266.2,225.06,44.11,30.8,0.0,0.0,0.0,0.0,0.0,0.0,0.0,733.26,30.8
70.5551,0.0,4.84,0.0,76.56,80.74,269.5,226.71,48.29,56.65,0.0,0.0,0.0,0.0,2.31,0.0,0.0,706.64,58.96
70.5651,0.0,3.19,2.75,55.55,61.6,271.15,221.65,51.04,96.8,3.3,2.86,3.08,0.0,3.52,0.0,0.0,666.93,109.56
70.5751,0.0,3.19,2.75,33.11,40.37,267.85,211.09,57.97,144.1,8.25,2.86,0.0,0.0,3.52,0.0,0.0,616.33,158.73
70.5851,0.0,4.84,4.07,21.23,29.26,241.34,166.1,69.85,149.71,143.0,30.03,0.0,0.0,3.52,0.0,0.0,536.69,326.26
70.5951,0.0,3.19,2.75,17.71,25.08,178.31,102.63,90.75,141.24,176.11,95.92,6.27,0.0,3.52,0.0,0.0,420.42,423.06
70.6051,0.0,4.84,2.75,15.29,22.22,125.4,53.57,127.05,139.81,182.93,120.67,6.27,4.95,3.52,2.75,4.4,351.12,465.3
70.6151,0.0,4.84,2.75,11.77,18.04,63.58,30.36,150.26,131.34,184.58,125.29,9.46,8.25,4.73,5.5,5.83,281.6,474.98
70.6251,0.0,4.84,0.0,9.46,13.86,28.82,24.53,108.57,120.01,181.17,131.45,28.6,11.55,7.04,6.82,8.8,190.08,495.44
70.6351,0.0,4.84,2.75,7.04,11.11,22.22,21.67,60.94,114.4,179.52,137.5,41.36,16.5,9.46,6.82,10.23,130.57,515.79
70.6451,0.0,4.84,2.75,4.73,8.36,14.41,14.41,39.93,108.79,176.11,142.12,52.58,26.4,10.67,9.57,11.66,89.43,537.9
70.6551,0.0,3.19,0.0,4.73,4.18,9.13,10.12,23.43,104.83,176.11,148.28,60.17,34.76,9.46,11.0,13.2,54.78,557.81
70.6651,0.0,0.0,0.0,4.73,4.18,7.81,7.15,11.0,99.44,172.81,148.28,66.11,43.01,10.67,9.57,13.2,34.87,563.09
70.6751,0.0,0.0,0.0,3.52,4.18,6.49,5.72,2.75,94.05,171.05,146.74,69.08,46.31,11.77,12.32,14.63,22.66,565.95
70.6851,0.0,0.0,0.0,3.52,4.18,6.49,4.29,2.75,88.77,167.75,146.74,75.13,52.91,10.67,12.32,14.63,21.23,568.92
70.6951,0.0,0.0,0.0,2.31,2.75,5.17,4.29,2.75,83.38,161.15,140.58,78.1,56.21,10.67,12.32,14.63,17.27,557.04
70.7051,0.0,0.0,0.0,2.31,2.75,3.85,4.29,2.75,76.67,152.9,132.88,82.5,59.51,11.77,13.75,14.63,15.95,544.61
70.715,0.0,0.0,0.0,3.52,2.75,5.17,4.29,2.75,69.96,144.65,125.29,87.01,61.05,11.77,12.32,16.06,18.48,528.11
70.725,0.0,0.0,0.0,2.31,2.75,5.17,2.86,2.75,64.57,134.86,117.59,89.98,64.13,11.77,11.0,16.06,15.84,509.96
70.735,0.0,0.0,0.0,2.31,2.75,3.85,4.29,2.75,59.29,128.26,109.89,94.49,64.13,11.77,13.75,16.06,15.95,497.64
70.745,0.0,0.0,0.0,2.31,0.0,2.53,0.0,2.75,54.23,116.71,99.0,99.0,68.75,12.98,12.32,17.6,7.59,480.59
70.755,0.0,0.0,0.0,2.31,0.0,3.85,0.0,2.75,49.28,108.68,91.3,106.37,68.75,12.98,15.18,14.63,8.91,467.17
70.765,0.0,0.0,0.0,0.0,0.0,2.53,2.86,0.0,44.33,100.98,85.03,112.42,74.91,15.4,13.75,19.03,5.39,465.85
70.775,0.0,0.0,0.0,0.0,0.0,2.53,2.86,0.0,38.17,90.2,78.87,118.69,79.64,15.4,13.75,17.6,5.39,452.32
70.785,0.0,0.0,0.0,0.0,0.0,0.0,0.0,0.0,34.43,84.04,71.06,128.15,85.8,15.4,16.5,20.46,0.0,455.84
70.795,0.0,0.0,0.0,0.0,0.0,2.53,0.0,0.0,29.59,76.34,64.9,137.61,90.42,16.61,16.5,22.0,2.53,453.97
70.805,0.0,0.0,0.0,0.0,0.0,2.53,0.0,0.0,25.85,68.64,57.2,147.07,98.23,17.71,19.25,23.43,2.53,457.38
70.815,0.0,0.0,0.0,0.0,0.0,2.53,0.0,2.75,20.9,59.4,52.91,158.18,102.85,18.92,19.25,23.43,5.28,455.84
70.825,0.0,0.0,0.0,0.0,0.0,0.0,0.0,0.0,18.48,51.15,44.33,167.75,113.63,20.13,22.0,24.86,0.0,462.33
70.835,0.0,0.0,0.0,0.0,0.0,0.0,0.0,0.0,14.74,44.55,38.61,183.37,120.12,21.34,23.43,26.4,0.0,472.56
70.845,0.0,0.0,0.0,0.0,0.0,0.0,0.0,2.75,12.32,36.3,31.46,197.12,128.15,23.65,26.18,27.83,2.75,483.01
70.855,0.0,0.0,0.0,0.0,0.0,2.53,0.0,0.0,11.0,31.35,25.74,212.74,136.29,24.86,28.93,29.26,2.53,500.17
70.865,0.0,0.0,0.0,0.0,0.0,0.0,0.0,2.75,9.79,26.4,20.02,228.25,142.78,33.22,37.18,33.66,2.75,531.3
70.875,0.0,0.0,0.0,0.0,0.0,2.53,0.0,0.0,7.37,16.5,14.3,242.33,152.46,43.89,45.54,32.23,2.53,554.62
70.885,0.0,0.0,0.0,0.0,0.0,0.0,0.0,0.0,6.16,13.2,12.87,251.02,160.6,57.2,53.79,36.63,0.0,591.47
70.895,0.0,0.0,0.0,0.0,0.0,0.0,0.0,0.0,6.16,11.55,10.01,259.82,165.44,70.84,62.37,36.63,0.0,622.82
70.905,0.0,0.0,0.0,0.0,0.0,0.0,0.0,2.75,6.16,9.9,8.58,268.62,170.39,87.34,72.82,42.46,2.75,666.27
70.915,0.0,0.0,0.0,0.0,0.0,0.0,0.0,0.0,2.42,6.6,7.15,277.31,177.54,100.98,83.27,41.03,0.0,696.3
70.925,0.0,0.0,0.0,0.0,0.0,0.0,0.0,2.75,0.0,8.25,4.29,282.48,177.54,118.25,93.72,44.0,2.75,728.53
70.935,0.0,0.0,2.75,0.0,0.0,0.0,0.0,0.0,0.0,4.95,4.29,287.54,182.93,133.87,102.74,45.43,2.75,761.75
70.945,0.0,0.0,2.75,0.0,0.0,0.0,0.0,0.0,0.0,3.3,2.86,294.36,181.17,151.36,110.22,46.86,2.75,790.13
70.955,0.0,0.0,0.0,0.0,0.0,0.0,0.0,0.0,0.0,4.95,2.86,296.12,177.54,166.98,114.73,48.4,0.0,811.58
70.965,0.0,0.0,0.0,0.0,0.0,0.0,0.0,2.75,0.0,4.95,4.29,296.12,168.74,180.95,123.97,46.86,2.75,825.88
70.975,3.41,0.0,0.0,0.0,0.0,0.0,0.0,0.0,0.0,3.3,0.0,289.3,162.25,193.05,125.51,46.86,3.41,820.27
70.985,5.06,0.0,0.0,0.0,0.0,0.0,0.0,0.0,0.0,3.3,2.86,273.9,154.11,205.26,127.05,45.43,5.06,811.91
70.995,8.58,0.0,0.0,0.0,0.0,0.0,0.0,0.0,0.0,4.95,2.86,256.3,144.43,213.95,133.1,44.0,8.58,799.59
71.005,10.23,0.0,0.0,0.0,0.0,0.0,0.0,0.0,0.0,4.95,2.86,233.53,134.64,220.88,133.1,42.46,10.23,772.42
71.015,18.92,0.0,0.0,0.0,0.0,0.0,0.0,0.0,0.0,4.95,2.86,205.81,126.61,229.9,136.18,42.46,18.92,748.77
71.025,34.43,0.0,0.0,0.0,0.0,0.0,0.0,0.0,0.0,4.95,2.86,179.85,121.66,237.16,136.18,42.46,34.43,725.12
71.035,58.52,0.0,0.0,0.0,2.75,0.0,0.0,0.0,0.0,3.3,2.86,156.53,110.55,242.66,140.8,41.03,61.27,697.73
71.045,84.37,0.0,0.0,0.0,0.0,0.0,0.0,0.0,0.0,4.95,2.86,132.88,99.77,248.16,136.18,41.03,84.37,665.83
71.055,136.4,0.0,0.0,3.52,2.75,2.53,0.0,0.0,0.0,3.3,2.86,109.34,81.18,255.53,130.02,39.6,145.2,621.83
71.065,169.62,63.25,30.36,4.73,6.93,2.53,2.86,4.07,0.0,0.0,0.0,85.58,59.51,264.66,122.43,38.06,284.35,570.24
71.075,164.34,94.38,101.31,10.56,12.54,6.49,5.72,6.82,0.0,3.3,2.86,52.58,38.06,270.16,102.74,33.66,402.16,503.36
71.085,162.58,102.52,131.89,22.44,22.22,5.17,7.15,8.25,0.0,3.3,0.0,34.98,36.41,233.53,57.97,38.06,462.22,404.25
71.095,157.3,102.52,140.03,37.84,43.12,6.49,8.69,9.57,0.0,3.3,2.86,30.25,31.46,165.33,30.36,49.83,505.56,313.39
71.105,150.37,104.17,144.98,48.4,57.2,6.49,10.12,12.32,0.0,4.95,2.86,27.06,28.05,105.49,22.0,63.36,534.05,253.77
71.115,150.37,109.12,146.63,57.97,66.0,7.81,10.12,12.32,0.0,3.3,2.86,22.22,23.1,44.99,23.43,58.74,560.34,178.64
71.125,150.37,112.42,149.93,63.69,74.8,6.49,10.12,13.75,0.0,4.95,2.86,17.49,16.5,32.01,17.93,35.2,581.57,126.94
71.135,148.61,114.07,149.93,69.41,77.77,6.49,14.41,13.75,0.0,3.3,0.0,12.65,13.2,18.92,16.5,26.4,594.44,90.97
71.145,148.61,115.72,149.93,75.13,83.71,7.81,17.38,15.18,0.0,3.3,0.0,9.46,6.6,11.77,12.32,23.43,613.47,66.88
71.155,145.09,115.72,149.93,79.42,86.57,9.13,21.67,15.18,0.0,4.95,0.0,7.92,4.95,10.67,8.25,11.66,622.71,48.4
71.165,141.57,115.72,144.98,83.71,88.11,9.13,23.1,15.18,0.0,3.3,0.0,4.73,4.95,8.25,6.82,5.83,621.5,33.88
71.175,138.16,112.42,140.03,88.0,89.54,10.45,26.07,16.5,0.0,0.0,0.0,6.27,4.95,9.46,5.5,4.4,621.17,30.58
71.185,131.12,109.12,133.43,89.43,92.51,10.45,30.36,16.5,0.0,3.3,0.0,4.73,3.3,8.25,5.5,4.4,612.92,29.48
71.195,124.19,102.52,128.59,93.72,93.94,11.77,31.79,16.5,0.0,3.3,0.0,4.73,0.0,7.04,4.07,4.4,603.02,23.54
71.205,118.91,96.03,121.99,95.15,95.48,11.77,33.22,16.5,0.0,0.0,0.0,4.73,3.3,7.04,4.07,2.86,589.05,22.0
71.215,111.87,91.08,115.39,96.58,96.91,13.09,34.76,16.5,0.0,0.0,0.0,4.73,0.0,5.83,2.75,2.86,576.18,16.17
71.225,103.29,82.94,106.04,102.3,98.34,14.41,37.62,16.5,0.0,3.3,0.0,3.08,0.0,5.83,4.07,4.4,561.44,20.68
71.235,94.71,74.69,96.69,103.73,101.31,15.73,40.48,17.93,0.0,0.0,0.0,4.73,3.3,5.83,4.07,2.86,545.27,20.79
71.245,86.02,68.2,88.88,109.45,102.85,18.26,43.45,17.93,0.0,0.0,0.0,4.73,0.0,5.83,4.07,2.86,535.04,17.49
71.255,77.44,61.6,77.99,112.42,107.25,20.9,49.17,19.25,0.0,0.0,0.0,4.73,0.0,4.73,4.07,2.86,526.02,16.39
71.265,70.51,53.46,73.37,117.04,108.68,27.5,53.57,20.68,0.0,0.0,0.0,3.08,0.0,3.52,4.07,2.86,524.81,13.53
71.275,63.69,48.62,65.56,121.66,111.87,31.46,59.4,22.0,0.0,3.3,0.0,3.08,0.0,3.52,4.07,0.0,524.26,13.97
71.285,56.76,42.13,57.97,126.28,117.04,36.74,62.37,22.0,0.0,0.0,0.0,0.0,0.0,4.73,2.75,2.86,521.29,10.34
71.295,49.94,35.64,52.47,130.9,120.45,43.23,69.74,24.75,0.0,0.0,0.0,3.08,0.0,4.73,2.75,0.0,527.12,10.56
71.305,44.77,29.15,45.54,135.63,127.27,49.83,75.79,26.18,0.0,0.0,0.0,3.08,0.0,4.73,2.75,0.0,534.16,10.56
71.315,41.25,25.85,40.04,138.71,134.09,56.43,86.13,26.18,0.0,0.0,0.0,0.0,0.0,4.73,0.0,0.0,548.68,4.73
71.325,36.08,19.36,34.43,143.33,140.91,66.33,93.61,28.93,0.0,0.0,0.0,3.08,0.0,4.73,2.75,0.0,562.98,10.56
71.335,32.67,16.17,30.36,146.41,145.97,74.8,104.06,30.36,0.0,0.0,0.0,0.0,0.0,3.52,2.75,2.86,580.8,9.13
71.345,27.5,9.68,24.86,147.95,152.79,83.38,114.62,31.68,0.0,3.3,0.0,0.0,0.0,2.31,2.75,2.86,592.46,11.22
71.355,25.74,8.03,19.25,152.68,159.61,94.6,125.84,33.11,0.0,0.0,0.0,0.0,0.0,4.73,2.75,2.86,618.86,10.34
71.365,22.33,4.84,16.5,155.76,166.43,101.75,137.17,34.43,0.0,0.0,0.0,0.0,0.0,3.52,2.75,0.0,639.21,6.27
71.375,18.92,6.38,13.75,161.92,171.6,114.62,148.39,35.86,0.0,0.0,0.0,0.0,0.0,2.31,0.0,0.0,671.44,2.31
71.385,15.4,6.38,12.43,163.46,176.88,128.48,158.07,37.18,0.0,0.0,0.0,0.0,0.0,2.31,0.0,0.0,698.28,2.31
71.395,13.75,6.38,11.0,168.19,180.4,139.15,169.29,38.61,0.0,0.0,0.0,0.0,0.0,3.52,0.0,0.0,726.77,3.52
71.405,8.58,4.84,9.57,173.03,182.05,152.9,179.52,39.93,0.0,3.3,2.86,0.0,0.0,2.31,0.0,0.0,750.42,8.47
71.415,5.06,4.84,8.25,173.03,180.4,166.76,191.84,39.93,0.0,0.0,0.0,0.0,0.0,3.52,0.0,0.0,770.11,3.52
71.425,3.41,4.84,6.82,174.57,178.64,176.66,202.29,42.68,0.0,0.0,0.0,0.0,0.0,0.0,2.75,0.0,789.91,2.75
71.435,0.0,4.84,5.5,169.73,173.36,193.27,212.85,41.36,0.0,0.0,0.0,0.0,0.0,2.31,2.75,0.0,800.91,5.06
71.445,0.0,3.19,5.5,161.92,164.78,204.82,221.65,45.54,0.0,0.0,0.0,0.0,0.0,0.0,0.0,0.0,807.4,0.0
71.455,0.0,3.19,5.5,151.14,156.2,214.83,228.47,44.11,2.42,0.0,0.0,0.0,0.0,2.31,0.0,2.86,803.44,7.59
71.465,0.0,3.19,4.07,135.63,145.97,226.49,236.94,45.54,4.84,0.0,0.0,0.0,0.0,2.31,0.0,0.0,797.83,7.15
71.475,0.0,0.0,4.07,117.04,135.74,234.74,243.76,44.11,6.16,0.0,0.0,0.0,0.0,2.31,0.0,0.0,779.46,8.47
71.485,0.0,3.19,4.07,102.3,125.51,241.34,247.17,45.54,12.32,0.0,0.0,0.0,0.0,2.31,0.0,2.86,769.12,17.49
71.495,0.0,3.19,4.07,85.14,113.63,246.29,248.93,45.54,22.11,0.0,0.0,0.0,0.0,0.0,0.0,0.0,746.79,22.11
71.505,0.0,3.19,2.75,70.84,99.88,249.59,250.58,46.86,39.38,0.0,0.0,0.0,0.0,0.0,0.0,0.0,723.69,39.38
71.515,0.0,3.19,2.75,54.34,88.11,253.0,250.58,46.86,67.32,3.3,0.0,0.0,0.0,2.31,0.0,0.0,698.83,72.93
71.525,0.0,3.19,2.75,38.94,67.54,251.35,242.11,51.04,111.54,6.6,2.86,3.08,0.0,2.31,0.0,0.0,656.92,126.39
71.535,0.0,3.19,4.07,23.65,48.73,249.59,231.88,53.79,148.39,76.34,11.44,3.08,0.0,4.73,0.0,0.0,614.9,243.98
71.545,0.0,3.19,2.75,17.71,30.58,224.84,190.08,63.91,149.71,156.2,78.87,6.27,3.3,4.73,0.0,0.0,533.06,399.08
71.555,0.0,3.19,2.75,14.19,25.08,166.76,121.11,81.73,145.53,169.4,113.08,4.73,6.6,4.73,4.07,0.0,414.81,448.14
71.565,0.0,3.19,2.75,12.98,23.65,117.7,65.34,122.43,145.53,177.87,120.67,12.65,4.95,5.83,2.75,4.4,348.04,474.65
71.575,0.0,4.84,2.75,9.46,19.47,55.11,31.79,157.96,131.34,176.11,122.21,27.06,11.55,5.83,6.82,4.4,281.38,485.32
71.585,0.0,4.84,0.0,7.04,15.29,26.18,24.53,114.73,122.87,176.11,126.83,46.2,16.5,8.25,9.57,8.8,192.61,515.13
71.595,0.0,4.84,0.0,4.73,8.36,18.26,21.67,60.94,120.01,177.87,134.42,60.17,23.1,8.25,9.57,10.23,118.8,543.62
71.605,0.0,3.19,2.75,2.31,8.36,13.09,15.84,38.61,117.26,177.87,140.58,69.08,29.81,9.46,11.0,13.2,84.15,568.26
71.615,0.0,3.19,2.75,2.31,5.5,7.81,11.55,22.0,112.97,176.11,145.2,72.16,38.06,10.67,12.32,10.23,55.11,577.72
71.625,0.0,3.19,0.0,2.31,5.5,7.81,7.15,8.25,108.79,172.81,148.28,79.53,43.01,10.67,12.32,13.2,34.21,588.61
71.635,0.0,3.19,0.0,3.52,4.18,6.49,7.15,0.0,103.51,169.4,148.28,82.5,46.31,11.77,12.32,13.2,24.53,587.29
71.645,0.0,0.0,0.0,2.31,2.75,3.85,7.15,2.75,98.12,166.1,146.74,87.01,49.61,10.67,13.75,14.63,18.81,586.63
71.655,0.0,3.19,0.0,0.0,4.18,3.85,7.15,2.75,88.77,154.55,140.58,88.55,52.91,11.77,12.32,14.63,21.12,564.08
71.665,0.0,0.0,0.0,2.31,4.18,5.17,4.29,2.75,80.74,143.0,131.45,91.52,57.97,11.77,13.75,16.06,18.7,546.26
71.675,0.0,0.0,0.0,2.31,2.75,3.85,4.29,2.75,72.6,133.21,120.67,92.95,64.13,11.77,13.75,13.2,15.95,522.28
71.685,0.0,0.0,0.0,0.0,2.75,3.85,4.29,0.0,66.0,121.66,111.43,99.0,67.21,12.98,13.75,16.06,10.89,508.09
71.695,0.0,0.0,0.0,0.0,2.75,3.85,4.29,0.0,59.29,111.76,100.65,103.4,73.37,11.77,15.18,14.63,10.89,490.05
71.705,0.0,0.0,0.0,0.0,2.75,2.53,4.29,0.0,51.7,100.98,91.3,106.37,78.1,14.19,13.75,19.03,9.57,475.42
71.715,0.0,0.0,0.0,2.31,2.75,2.53,4.29,0.0,44.33,87.12,81.95,115.5,84.26,15.4,15.18,17.6,11.88,461.34
71.725,0.0,0.0,0.0,0.0,2.75,2.53,2.86,0.0,38.17,77.88,75.79,121.88,88.88,15.4,17.93,20.46,8.14,456.39
71.735,0.0,0.0,0.0,0.0,0.0,0.0,4.29,0.0,33.22,68.64,67.98,128.15,99.77,15.4,17.93,20.46,4.29,451.55
71.745,0.0,0.0,0.0,0.0,0.0,2.53,2.86,0.0,28.27,60.94,61.82,134.42,105.93,15.4,20.68,22.0,5.39,449.46
71.755,0.0,0.0,0.0,0.0,0.0,0.0,2.86,0.0,23.43,51.15,55.77,145.53,113.63,20.13,20.68,23.43,2.86,453.75
71.765,0.0,0.0,0.0,0.0,0.0,0.0,2.86,0.0,19.69,44.55,50.05,154.99,123.31,20.13,23.43,24.86,2.86,461.01
71.775,0.0,0.0,0.0,0.0,0.0,0.0,0.0,0.0,17.16,39.6,44.33,164.45,133.1,22.44,27.5,26.4,0.0,474.98
71.785,0.0,0.0,0.0,0.0,0.0,2.53,0.0,0.0,14.74,31.35,40.04,176.44,141.13,23.65,35.86,29.26,2.53,492.47
71.795,0.0,0.0,0.0,0.0,0.0,0.0,0.0,0.0,12.32,24.75,32.89,186.78,150.92,30.8,45.54,33.66,0.0,517.66
71.805,0.0,0.0,0.0,0.0,0.0,0.0,0.0,2.75,9.79,18.15,25.74,198.88,162.25,40.26,55.11,35.2,2.75,545.38
71.815,0.0,0.0,0.0,0.0,0.0,0.0,0.0,2.75,8.58,13.2,21.45,207.46,168.74,50.93,65.34,36.63,2.75,572.33
71.825,0.0,0.0,2.75,0.0,0.0,0.0,0.0,2.75,6.16,9.9,15.73,212.74,181.17,67.76,77.33,39.6,5.5,610.39
71.835,0.0,0.0,0.0,0.0,0.0,0.0,0.0,2.75,6.16,11.55,11.44,221.32,190.19,85.91,89.21,41.03,2.75,656.81
71.845,0.0,0.0,0.0,0.0,0.0,0.0,0.0,2.75,6.16,8.25,5.72,226.49,199.21,99.44,102.74,44.0,2.75,692.01
71.855,0.0,0.0,0.0,0.0,0.0,0.0,0.0,2.75,3.63,8.25,7.15,233.53,202.73,111.54,113.19,45.43,2.75,725.45
71.865,0.0,0.0,0.0,0.0,0.0,2.53,0.0,2.75,2.42,8.25,4.29,235.29,208.12,132.22,119.35,46.86,5.28,756.8
71.875,0.0,0.0,0.0,0.0,0.0,2.53,0.0,2.75,0.0,4.95,4.29,240.57,211.75,146.08,130.02,48.4,5.28,786.06
71.885,0.0,0.0,2.75,0.0,0.0,0.0,0.0,0.0,0.0,4.95,4.29,240.57,208.12,163.57,134.64,46.86,2.75,803.0
71.895,0.0,0.0,2.75,0.0,0.0,0.0,0.0,0.0,0.0,3.3,2.86,238.81,206.36,177.43,140.8,48.4,2.75,817.96
71.905,0.0,0.0,0.0,0.0,0.0,0.0,0.0,0.0,0.0,6.6,2.86,233.53,199.21,191.29,145.42,49.83,0.0,828.74
71.915,5.06,0.0,0.0,0.0,0.0,0.0,0.0,0.0,0.0,3.3,4.29,223.08,190.19,203.5,146.96,46.86,5.06,818.18
71.925,10.23,0.0,0.0,0.0,0.0,0.0,0.0,0.0,0.0,4.95,2.86,205.81,177.54,213.95,151.47,44.0,10.23,800.58
71.935,10.23,0.0,0.0,0.0,0.0,0.0,0.0,0.0,0.0,3.3,2.86,186.78,165.44,224.4,157.63,45.43,10.23,785.84
71.945,18.92,0.0,0.0,0.0,0.0,0.0,0.0,0.0,0.0,4.95,0.0,166.1,155.76,233.53,160.71,45.43,18.92,766.48
71.955,27.5,0.0,0.0,0.0,0.0,0.0,0.0,0.0,0.0,4.95,2.86,145.53,147.62,240.9,163.79,44.0,27.5,749.65
71.965,44.77,0.0,0.0,0.0,0.0,0.0,0.0,0.0,0.0,3.3,2.86,126.61,141.13,246.4,168.52,44.0,44.77,732.82
71.975,67.1,0.0,0.0,0.0,0.0,0.0,0.0,0.0,0.0,3.3,2.86,107.91,137.94,251.79,165.33,42.46,67.1,711.59
71.985,96.36,0.0,0.0,0.0,0.0,0.0,0.0,0.0,0.0,0.0,2.86,91.52,128.15,251.79,170.17,42.46,96.36,686.95
71.995,143.33,0.0,4.07,2.31,2.75,0.0,2.86,0.0,0.0,3.3,2.86,75.13,120.12,250.03,166.87,39.6,155.32,657.91
72.005,169.62,68.2,51.04,4.73,9.68,2.53,5.72,4.07,0.0,3.3,2.86,57.2,98.23,246.4,160.71,36.63,315.59,605.33
72.015,164.34,91.08,102.85,9.46,13.86,3.85,7.15,6.82,0.0,4.95,2.86,34.98,71.83,239.03,153.01,33.66,399.41,540.32
72.025,159.06,96.03,118.69,14.19,26.4,5.17,5.72,6.82,0.0,3.3,2.86,30.25,43.01,210.43,125.51,33.66,432.08,449.02
72.035,148.61,96.03,120.34,29.48,47.3,6.49,8.69,8.25,0.0,3.3,2.86,27.06,34.76,153.12,68.31,41.03,465.19,330.44
72.045,141.57,102.52,117.04,47.3,60.17,9.13,8.69,9.57,0.0,4.95,2.86,23.87,33.11,99.44,30.36,75.57,495.99,270.16
72.055,141.57,109.12,117.04,62.26,67.54,7.81,11.55,11.0,0.0,4.95,2.86,19.03,26.4,41.47,22.0,100.1,527.89,216.81
72.065,141.57,115.72,121.99,72.27,71.94,9.13,12.98,12.32,0.0,3.3,0.0,15.84,21.45,27.28,20.68,81.73,557.92,170.28
72.075,141.57,119.13,121.99,80.85,77.77,9.13,11.55,12.32,0.0,4.95,0.0,11.11,16.5,20.13,15.18,48.4,574.31,116.27
72.085,139.92,122.43,123.64,89.43,80.74,10.45,14.41,13.75,0.0,3.3,0.0,7.92,9.9,12.98,13.75,33.66,594.77,81.51
72.095,139.92,124.08,121.99,95.15,83.71,10.45,14.41,12.32,0.0,3.3,0.0,4.73,6.6,9.46,11.0,22.0,602.03,57.09
72.105,136.4,122.43,121.99,105.16,88.11,11.77,12.98,13.75,0.0,0.0,0.0,3.08,6.6,10.67,8.25,10.23,612.59,38.83
72.115,131.12,120.78,117.04,112.42,89.54,10.45,15.84,15.18,0.0,3.3,0.0,0.0,4.95,8.25,6.82,7.26,612.37,30.58
72.125,124.19,117.37,110.66,118.58,92.51,11.77,15.84,15.18,0.0,0.0,0.0,4.73,4.95,8.25,5.5,5.83,606.1,29.26
72.135,115.39,110.77,104.5,124.74,93.94,13.09,17.38,15.18,0.0,0.0,0.0,4.73,0.0,7.04,5.5,5.83,594.99,23.1
72.1449,106.7,102.52,95.15,134.09,95.48,13.09,17.38,15.18,0.0,0.0,0.0,4.73,3.3,8.25,5.5,4.4,579.59,26.18
72.1549,99.88,94.38,85.8,138.71,96.91,13.09,18.81,16.5,0.0,3.3,0.0,0.0,3.3,8.25,2.75,4.4,564.08,22.0
72.1649,91.19,86.13,76.45,146.41,96.91,13.09,20.24,17.93,0.0,3.3,0.0,3.08,0.0,5.83,5.5,2.86,548.35,20.57
72.1749,80.85,77.99,67.1,152.68,98.34,15.73,21.67,17.93,0.0,0.0,0.0,4.73,0.0,5.83,2.75,5.83,532.29,19.14
72.1849,72.27,68.2,59.4,155.76,102.85,18.26,26.07,19.25,0.0,0.0,0.0,3.08,0.0,5.83,4.07,4.4,522.06,17.38
72.1949,63.69,58.3,52.47,165.0,107.25,20.9,28.93,19.25,0.0,3.3,0.0,3.08,0.0,4.73,4.07,4.4,515.79,19.58
72.2049,56.76,51.81,46.86,168.19,108.68,26.18,34.76,22.0,0.0,3.3,0.0,3.08,0.0,5.83,4.07,4.4,515.24,20.68
72.2149,51.59,43.67,40.04,171.38,113.63,32.78,41.91,22.0,0.0,0.0,0.0,3.08,0.0,5.83,0.0,4.4,517.0,13.31
72.2249,44.77,37.18,37.29,176.22,118.69,39.27,47.74,23.43,0.0,0.0,0.0,3.08,0.0,5.83,2.75,5.83,524.59,17.49
72.2349,39.6,30.69,31.68,176.22,122.1,47.19,55.0,24.75,0.0,3.3,0.0,0.0,0.0,3.52,2.75,4.4,527.23,13.97
72.2449,36.08,25.85,26.18,179.52,128.92,55.11,62.37,26.18,0.0,0.0,0.0,0.0,0.0,3.52,4.07,4.4,540.21,11.99
72.2549,30.91,19.36,23.43,179.52,134.09,64.9,68.31,26.18,0.0,0.0,0.0,0.0,0.0,4.73,0.0,4.4,546.7,9.13
72.2649,27.5,12.87,19.25,184.36,140.91,72.05,78.76,28.93,0.0,0.0,0.0,0.0,0.0,4.73,4.07,2.86,564.63,11.66
72.2749,22.33,9.68,15.18,184.36,144.32,81.95,87.67,30.36,0.0,0.0,0.0,0.0,0.0,5.83,0.0,2.86,575.85,8.69
72.2849,20.57,8.03,13.75,189.2,147.73,90.42,98.12,31.68,0.0,0.0,0.0,0.0,0.0,4.73,0.0,4.4,599.5,9.13
72.2949,17.16,8.03,13.75,192.39,152.79,101.75,105.6,31.68,0.0,0.0,0.0,0.0,0.0,3.52,4.07,4.4,623.15,11.99
72.3049,15.4,8.03,11.0,197.23,157.96,113.08,116.27,34.43,0.0,0.0,0.0,0.0,0.0,3.52,0.0,4.4,653.4,7.92
72.3149,11.99,6.38,12.43,200.53,161.37,123.86,124.3,34.43,0.0,3.3,0.0,0.0,0.0,3.52,2.75,2.86,675.29,12.43
72.3249,10.23,6.38,9.57,202.18,159.61,137.61,137.17,35.86,0.0,0.0,0.0,0.0,0.0,2.31,2.75,0.0,698.61,5.06
72.3349,6.82,4.84,6.82,207.02,163.02,149.82,148.39,38.61,0.0,0.0,0.0,0.0,0.0,3.52,2.75,2.86,725.34,9.13
72.3449,3.41,4.84,6.82,207.02,163.02,163.68,158.07,37.18,0.0,0.0,0.0,0.0,0.0,3.52,0.0,2.86,744.04,6.38
72.3549,0.0,3.19,5.5,203.72,161.37,178.31,169.29,38.61,0.0,0.0,0.0,0.0,0.0,3.52,2.75,2.86,759.99,9.13
72.3649,0.0,3.19,5.5,198.88,156.2,191.62,177.76,39.93,0.0,0.0,0.0,0.0,0.0,2.31,0.0,2.86,773.08,5.17
72.3749,0.0,0.0,4.07,189.2,154.55,203.17,191.84,39.93,2.42,0.0,0.0,0.0,0.0,2.31,0.0,0.0,782.76,4.73
72.3849,0.0,3.19,2.75,177.87,149.38,214.83,202.29,41.36,3.63,0.0,0.0,0.0,0.0,2.31,0.0,0.0,791.67,5.94
72.3949,0.0,3.19,2.75,165.0,142.56,224.84,211.09,41.36,3.63,0.0,0.0,0.0,0.0,2.31,0.0,0.0,790.79,5.94
72.4049,0.0,3.19,4.07,149.49,135.74,234.74,218.13,41.36,3.63,0.0,0.0,0.0,0.0,2.31,2.75,0.0,786.72,8.69
72.4149,0.0,3.19,0.0,127.82,127.27,242.99,226.71,42.68,4.84,0.0,0.0,0.0,0.0,0.0,0.0,2.86,770.66,7.7
72.4249,0.0,3.19,4.07,112.42,122.1,251.35,233.53,42.68,8.58,0.0,0.0,0.0,0.0,2.31,0.0,0.0,769.34,10.89
72.4349,0.0,3.19,4.07,99.44,110.22,256.3,240.35,45.54,18.48,0.0,0.0,0.0,0.0,0.0,0.0,0.0,759.11,18.48
72.4449,0.0,0.0,4.07,83.71,99.88,262.9,243.76,45.54,32.01,0.0,0.0,0.0,0.0,0.0,0.0,0.0,739.86,32.01
72.4549,0.0,3.19,4.07,65.12,88.11,264.55,242.11,48.29,51.7,3.3,0.0,0.0,0.0,0.0,0.0,0.0,715.44,55.0
72.4649,0.0,3.19,2.75,49.61,70.4,267.85,238.7,51.04,83.38,4.95,0.0,0.0,0.0,2.31,0.0,0.0,683.54,90.64
72.4749,0.0,4.84,4.07,29.48,48.73,266.2,226.71,55.11,131.34,9.9,4.29,3.08,0.0,0.0,0.0,0.0,635.14,148.61
72.4849,0.0,4.84,2.75,18.92,29.26,242.99,191.84,63.91,137.06,129.91,50.05,3.08,3.3,4.73,0.0,0.0,554.51,328.13
72.4949,0.0,3.19,4.07,17.71,26.4,184.91,122.65,84.7,127.16,149.6,109.89,7.92,4.95,4.73,4.07,2.86,443.63,411.18
72.5049,0.0,4.84,2.75,15.29,25.08,131.45,65.34,122.43,124.3,157.85,126.83,14.3,6.6,7.04,6.82,7.26,367.18,451.0
72.5149,0.0,4.84,2.75,11.77,18.04,74.8,31.79,154.88,117.26,159.5,128.37,30.25,13.2,8.25,9.57,10.23,298.87,476.63
72.5249,0.0,4.84,0.0,8.25,16.72,28.82,27.5,123.97,103.51,156.2,131.45,52.58,31.46,9.46,12.32,13.2,210.1,510.18
72.5349,0.0,4.84,2.75,4.73,12.54,22.22,23.1,68.31,98.12,154.55,135.96,69.08,46.31,12.98,11.0,14.63,138.49,542.63
72.5449,0.0,3.19,2.75,4.73,9.68,15.73,17.38,41.36,95.48,154.55,142.12,76.56,59.51,14.19,11.0,13.2,94.82,566.61
72.5549,0.0,0.0,0.0,2.31,6.93,10.45,11.55,23.43,90.09,156.2,148.28,85.58,67.21,11.77,13.75,16.06,54.67,588.94
72.5649,0.0,0.0,0.0,3.52,4.18,9.13,7.15,12.32,84.7,151.25,149.82,94.49,73.37,12.98,15.18,16.06,36.3,597.85
72.5749,0.0,3.19,0.0,3.52,4.18,5.17,5.72,2.75,80.74,149.6,149.82,101.97,82.72,12.98,16.5,17.6,24.53,611.93
72.5849,0.0,0.0,0.0,4.73,2.75,6.49,5.72,2.75,75.35,143.0,145.2,107.91,88.88,14.19,16.5,19.03,22.44,610.06
72.5949,0.0,3.19,0.0,3.52,2.75,3.85,5.72,0.0,68.64,136.51,132.88,115.5,91.96,15.4,15.18,19.03,19.03,595.1
72.6049,0.0,3.19,0.0,2.31,4.18,3.85,4.29,2.75,61.93,129.91,125.29,121.88,95.04,16.61,15.18,19.03,20.57,584.87
72.6149,0.0,0.0,0.0,2.31,2.75,5.17,4.29,2.75,56.65,118.36,116.05,126.61,101.31,16.61,16.5,22.0,17.27,574.09
72.6249,0.0,0.0,0.0,0.0,0.0,2.53,5.72,2.75,51.7,108.68,105.27,132.88,102.85,16.61,16.5,22.0,11.0,556.49
72.6349,0.0,0.0,0.0,0.0,2.75,3.85,4.29,2.75,45.54,97.9,94.38,140.8,104.39,16.61,19.25,22.0,13.64,540.87
72.6449,0.0,0.0,0.0,2.31,2.75,3.85,4.29,0.0,40.7,88.66,85.03,145.53,105.93,17.71,20.68,22.0,13.2,526.24
72.6549,0.0,0.0,0.0,0.0,0.0,2.53,4.29,2.75,35.75,77.88,74.25,151.8,110.55,18.92,19.25,23.43,9.57,511.83
72.6649,0.0,0.0,0.0,0.0,2.75,3.85,0.0,0.0,29.59,68.64,64.9,158.18,116.82,18.92,22.0,26.4,6.6,505.45
72.6749,0.0,0.0,0.0,0.0,0.0,0.0,2.86,2.75,25.85,60.94,57.2,162.91,121.66,20.13,22.0,26.4,5.61,497.09
72.6849,0.0,0.0,0.0,0.0,0.0,0.0,2.86,0.0,22.11,52.8,50.05,172.92,123.31,22.44,23.43,24.86,2.86,491.92
72.6949,0.0,0.0,0.0,0.0,0.0,0.0,2.86,0.0,17.16,44.55,44.33,178.09,131.45,22.44,30.36,27.83,2.86,496.21
72.7049,0.0,0.0,0.0,0.0,0.0,2.53,0.0,2.75,14.74,33.0,34.32,190.19,134.64,24.86,34.43,30.8,5.28,496.98
72.7149,0.0,0.0,0.0,0.0,0.0,2.53,0.0,0.0,12.32,28.05,28.6,198.88,137.94,30.8,39.93,30.8,2.53,507.32
72.7249,0.0,0.0,0.0,0.0,0.0,2.53,0.0,0.0,11.0,24.75,21.45,209.22,137.94,39.05,44.11,32.23,2.53,519.75
72.7349,0.0,0.0,0.0,0.0,0.0,2.53,0.0,2.75,8.58,16.5,17.16,217.91,142.78,47.41,49.61,35.2,5.28,535.15
72.7449,0.0,0.0,0.0,0.0,0.0,2.53,0.0,2.75,8.58,14.85,12.87,226.49,144.43,55.77,57.97,36.63,5.28,557.59
72.7549,0.0,0.0,0.0,0.0,0.0,0.0,0.0,0.0,7.37,13.2,11.44,233.53,145.97,69.3,62.37,36.63,0.0,579.81
72.7649,0.0,0.0,0.0,0.0,0.0,0.0,0.0,2.75,6.16,8.25,8.58,245.85,145.97,85.91,71.39,38.06,2.75,610.17
72.7749,0.0,0.0,0.0,0.0,0.0,0.0,0.0,0.0,3.63,8.25,7.15,254.54,150.92,99.44,78.76,41.03,0.0,643.72
72.7849,0.0,0.0,0.0,0.0,0.0,2.53,0.0,2.75,2.42,4.95,4.29,259.82,152.46,113.08,90.75,42.46,5.28,670.23
72.7949,0.0,0.0,0.0,0.0,0.0,0.0,0.0,2.75,0.0,6.6,5.72,266.86,152.46,130.46,98.23,44.0,2.75,704.33
72.8049,0.0,0.0,2.75,0.0,0.0,0.0,0.0,0.0,0.0,4.95,4.29,268.62,154.11,151.36,105.71,46.86,2.75,735.9
72.8149,0.0,0.0,2.75,0.0,0.0,0.0,0.0,0.0,0.0,4.95,2.86,266.86,155.76,166.98,114.73,45.43,2.75,757.57
72.8249,0.0,0.0,0.0,0.0,0.0,0.0,0.0,0.0,0.0,3.3,4.29,265.1,154.11,184.36,119.35,44.0,0.0,774.51
72.8349,0.0,0.0,0.0,0.0,0.0,0.0,0.0,2.75,0.0,3.3,2.86,258.06,147.62,196.57,128.59,45.43,2.75,782.43
72.8449,0.0,0.0,0.0,0.0,0.0,0.0,0.0,2.75,0.0,3.3,2.86,247.61,144.43,205.26,134.64,45.43,2.75,783.53
72.8549,0.0,0.0,0.0,0.0,0.0,0.0,0.0,0.0,0.0,3.3,2.86,235.29,136.29,219.12,139.26,44.0,0.0,780.12
72.8649,0.0,0.0,0.0,0.0,0.0,0.0,0.0,0.0,0.0,4.95,2.86,221.32,133.1,229.9,145.42,44.0,0.0,781.55
72.8749,0.0,0.0,0.0,0.0,0.0,0.0,0.0,0.0,0.0,4.95,2.86,205.81,129.8,240.9,146.96,45.43,0.0,776.71
72.8849,3.41,0.0,0.0,0.0,0.0,0.0,0.0,0.0,0.0,3.3,2.86,188.54,124.96,246.4,153.01,45.43,3.41,764.5
72.8949,10.23,0.0,0.0,0.0,0.0,0.0,0.0,0.0,0.0,0.0,2.86,167.75,121.66,255.53,154.55,45.43,10.23,747.78
72.9049,15.4,0.0,0.0,0.0,0.0,0.0,0.0,0.0,0.0,3.3,2.86,150.26,116.82,259.16,154.55,41.03,15.4,727.98
72.9149,32.67,0.0,0.0,0.0,0.0,0.0,0.0,0.0,0.0,4.95,2.86,134.42,107.47,266.42,159.17,44.0,32.67,719.29
72.9249,72.27,0.0,0.0,0.0,2.75,0.0,0.0,0.0,0.0,3.3,2.86,118.69,98.23,270.16,157.63,44.0,75.02,694.87
72.9349,120.67,0.0,0.0,2.31,2.75,0.0,0.0,0.0,0.0,3.3,2.86,101.97,87.34,271.92,154.55,41.03,125.73,662.97
72.9449,184.03,6.38,5.5,3.52,2.75,2.53,0.0,2.75,0.0,3.3,2.86,82.5,70.29,275.66,143.88,39.6,207.46,618.09
72.9549,196.57,102.52,84.26,5.83,9.68,3.85,4.29,4.07,0.0,0.0,2.86,58.74,47.96,281.27,125.51,38.06,411.07,554.4
72.9649,191.18,117.37,141.68,9.46,11.11,3.85,5.72,4.07,0.0,4.95,2.86,33.44,36.41,261.03,87.78,36.63,484.44,463.1
72.9749,189.42,119.13,161.37,17.71,13.86,3.85,4.29,6.82,0.0,4.95,2.86,31.79,33.11,196.57,42.68,42.46,516.45,354.42
72.9849,175.01,119.13,158.07,33.11,34.76,7.81,7.15,8.25,0.0,3.3,2.86,28.6,31.46,139.15,27.5,64.9,543.29,297.77
72.9949,167.86,122.43,156.42,48.4,45.98,6.49,8.69,8.25,0.0,4.95,2.86,22.22,26.4,69.3,23.43,67.98,564.52,217.14
73.0049,166.1,125.84,149.93,57.97,52.91,7.81,8.69,9.57,0.0,0.0,0.0,19.03,21.45,37.95,20.68,51.26,578.82,150.37
73.0149,164.34,129.14,148.28,66.55,55.77,6.49,8.69,11.0,0.0,3.3,0.0,15.84,14.85,26.07,20.68,32.23,590.26,112.97
73.0249,160.82,130.79,143.33,75.13,60.17,7.81,10.12,11.0,0.0,0.0,0.0,9.46,9.9,15.4,13.75,24.86,599.17,73.37
73.0349,155.54,132.55,136.73,82.28,63.03,7.81,10.12,11.0,0.0,4.95,0.0,7.92,6.6,11.77,9.57,19.03,599.06,59.84
73.0449,150.37,132.55,130.24,86.57,64.57,9.13,10.12,11.0,0.0,0.0,0.0,6.27,3.3,10.67,6.82,8.8,594.55,35.86
73.0549,146.85,127.49,125.29,92.29,67.54,7.81,11.55,13.75,0.0,3.3,0.0,6.27,3.3,9.46,5.5,5.83,592.57,33.66
73.0649,136.4,122.43,118.69,95.15,68.97,7.81,10.12,13.75,0.0,0.0,0.0,4.73,4.95,9.46,5.5,4.4,573.32,29.04
73.0749,131.12,119.13,110.66,99.44,70.4,9.13,11.55,13.75,0.0,0.0,0.0,4.73,4.95,7.04,4.07,4.4,565.18,25.19
73.0849,124.19,112.42,104.5,103.73,70.4,9.13,11.55,13.75,0.0,0.0,0.0,4.73,0.0,8.25,4.07,5.83,549.67,22.88
73.0949,115.39,105.82,93.61,110.88,74.8,10.45,11.55,13.75,0.0,0.0,0.0,3.08,3.3,7.04,5.5,2.86,536.25,21.78
73.1049,105.05,96.03,84.26,115.5,76.34,10.45,12.98,13.75,0.0,0.0,0.0,4.73,0.0,7.04,4.07,4.4,514.36,20.24
73.1149,96.36,87.78,74.91,124.74,77.77,10.45,11.55,13.75,0.0,0.0,0.0,4.73,0.0,7.04,2.75,4.4,497.31,18.92
73.1249,86.02,77.99,65.56,132.55,80.74,10.45,14.41,13.75,0.0,0.0,0.0,4.73,0.0,4.73,4.07,2.86,481.47,16.39
73.1349,75.68,68.2,56.54,141.79,85.14,11.77,15.84,16.5,0.0,3.3,0.0,4.73,0.0,5.83,0.0,2.86,471.46,16.72
73.1449,65.34,59.95,51.04,154.22,89.54,13.09,15.84,16.5,0.0,0.0,0.0,3.08,3.3,3.52,4.07,2.86,465.52,16.83
73.1549,58.52,51.81,44.11,163.46,96.91,15.73,18.81,17.93,0.0,3.3,0.0,3.08,0.0,4.73,2.75,2.86,467.28,16.72
73.1649,51.59,45.32,37.29,169.73,101.31,19.58,26.07,19.25,0.0,0.0,0.0,3.08,0.0,3.52,2.75,2.86,470.14,12.21
73.1749,46.42,38.83,33.11,176.22,107.25,26.18,31.79,22.0,0.0,0.0,0.0,0.0,0.0,5.83,0.0,4.4,481.8,10.23
73.1849,39.6,30.69,30.36,182.71,111.87,35.42,41.91,23.43,0.0,0.0,0.0,3.08,0.0,4.73,4.07,2.86,495.99,14.74
73.1949,36.08,25.85,24.86,187.55,122.1,44.55,49.17,23.43,0.0,3.3,0.0,0.0,0.0,2.31,2.75,2.86,513.59,11.22
73.2049,32.67,17.82,22.0,192.39,128.92,55.11,59.4,26.18,0.0,0.0,0.0,0.0,0.0,4.73,0.0,2.86,534.49,7.59
73.2149,27.5,14.52,19.25,195.69,134.09,66.33,69.74,27.5,0.0,0.0,0.0,0.0,0.0,3.52,0.0,0.0,554.62,3.52
73.2249,24.09,11.33,15.18,198.88,140.91,79.09,80.19,30.36,0.0,0.0,0.0,3.08,0.0,3.52,2.75,4.4,580.03,13.75
73.2349,20.57,9.68,12.43,200.53,149.38,88.99,90.64,30.36,0.0,0.0,0.0,0.0,0.0,3.52,0.0,0.0,602.58,3.52
73.2449,17.16,8.03,13.75,205.37,154.55,101.75,104.06,33.11,0.0,0.0,0.0,0.0,0.0,3.52,2.75,2.86,637.78,9.13
73.2549,15.4,8.03,12.43,208.56,159.61,114.62,116.27,34.43,0.0,0.0,0.0,0.0,0.0,3.52,0.0,0.0,669.35,3.52
73.2649,11.99,6.38,12.43,210.21,166.43,128.48,127.49,35.86,0.0,0.0,0.0,0.0,0.0,2.31,2.75,0.0,699.27,5.06
73.2749,10.23,6.38,9.57,211.86,171.6,143.77,140.36,35.86,0.0,0.0,0.0,0.0,0.0,3.52,2.75,2.86,729.63,9.13
73.2849,6.82,4.84,9.57,213.51,173.36,155.98,151.58,37.18,0.0,0.0,0.0,0.0,0.0,2.31,2.75,0.0,752.84,5.06
73.2949,3.41,4.84,6.82,213.51,173.36,170.06,164.45,38.61,0.0,0.0,0.0,0.0,0.0,3.52,0.0,0.0,775.06,3.52
73.3049,3.41,3.19,5.5,211.86,168.19,186.67,174.24,39.93,0.0,0.0,0.0,0.0,0.0,2.31,0.0,2.86,792.99,5.17
73.3149,0.0,4.84,5.5,208.56,164.78,199.87,184.8,39.93,0.0,0.0,0.0,0.0,0.0,3.52,0.0,0.0,808.28,3.52
73.3249,0.0,3.19,5.5,198.88,157.96,211.53,191.84,39.93,0.0,0.0,0.0,0.0,0.0,3.52,0.0,0.0,808.83,3.52
73.3349,0.0,3.19,2.75,185.9,147.73,223.08,204.05,42.68,3.63,0.0,0.0,0.0,0.0,2.31,0.0,0.0,809.38,5.94
73.3449,0.0,3.19,4.07,169.73,142.56,234.74,212.85,42.68,2.42,0.0,0.0,0.0,0.0,0.0,0.0,0.0,809.82,2.42
73.3549,0.0,3.19,4.07,149.49,132.33,244.64,218.13,44.11,3.63,0.0,0.0,0.0,0.0,0.0,0.0,0.0,795.96,3.63
73.3649,0.0,3.19,2.75,130.9,123.86,249.59,225.06,44.11,4.84,0.0,0.0,0.0,0.0,2.31,2.75,0.0,779.46,9.9
73.3749,0.0,3.19,4.07,110.88,113.63,254.65,230.12,44.11,7.37,0.0,0.0,0.0,0.0,2.31,0.0,0.0,760.65,9.68
73.3849,0.0,3.19,2.75,93.72,104.28,261.25,236.94,48.29,14.74,0.0,0.0,0.0,0.0,2.31,0.0,0.0,750.42,17.05
73.3949,0.0,4.84,2.75,75.13,92.51,264.55,236.94,48.29,28.27,0.0,0.0,0.0,0.0,0.0,0.0,0.0,725.01,28.27
73.4049,0.0,4.84,2.75,55.55,79.31,264.55,236.94,51.04,49.28,0.0,0.0,0.0,0.0,3.52,0.0,0.0,694.98,52.8
73.4149,0.0,3.19,4.07,38.94,61.6,262.9,228.47,55.11,84.7,4.95,0.0,0.0,0.0,2.31,0.0,0.0,654.28,91.96
73.4249,0.0,3.19,4.07,21.23,38.94,254.65,212.85,59.4,129.91,4.95,2.86,3.08,0.0,3.52,0.0,0.0,594.33,144.32
73.4349,0.0,4.84,4.07,18.92,29.26,211.53,156.42,72.82,155.43,102.52,15.73,4.73,0.0,3.52,0.0,0.0,497.86,281.93
73.4449,0.0,3.19,4.07,16.5,25.08,151.36,93.61,92.18,159.61,162.8,92.84,6.27,3.3,4.73,2.75,4.4,385.99,436.7
73.4549,0.0,4.84,2.75,14.19,22.22,104.5,47.74,137.83,156.86,176.11,128.37,11.11,3.3,5.83,4.07,0.0,334.07,485.65
73.4649,0.0,4.84,2.75,9.46,18.04,40.59,27.5,147.18,155.43,181.17,137.5,19.03,8.25,7.04,5.5,5.83,250.36,519.75
73.4749,0.0,4.84,0.0,7.04,13.86,24.86,24.53,96.69,141.24,177.87,140.58,41.36,13.2,7.04,9.57,7.26,171.82,538.12
73.4849,0.0,4.84,0.0,5.83,11.11,19.58,18.81,53.79,135.63,179.52,142.12,54.12,19.8,8.25,11.0,11.66,113.96,562.1
73.4949,0.0,4.84,0.0,4.73,5.5,13.09,12.98,37.18,129.91,181.17,145.2,64.68,29.81,9.46,11.0,11.66,78.32,582.89
73.5049,0.0,3.19,0.0,3.52,5.5,10.45,10.12,19.25,124.3,176.11,146.74,72.16,38.06,10.67,12.32,11.66,52.03,592.02
73.5149,0.0,3.19,0.0,3.52,4.18,6.49,8.69,4.07,117.26,176.11,145.2,79.53,43.01,11.77,12.32,13.2,30.14,598.4
73.5249,0.0,3.19,0.0,3.52,4.18,6.49,5.72,2.75,108.79,169.4,145.2,85.58,51.26,11.77,12.32,13.2,25.85,597.52
73.5349,0.0,0.0,0.0,2.31,4.18,5.17,5.72,0.0,100.76,164.45,140.58,91.52,57.97,10.67,12.32,14.63,17.38,592.9
73.5449,0.0,0.0,2.75,3.52,2.75,5.17,4.29,2.75,92.73,159.5,128.37,94.49,61.05,12.98,12.32,16.06,21.23,577.5
73.5549,0.0,0.0,0.0,2.31,2.75,5.17,4.29,2.75,83.38,146.3,117.59,99.0,64.13,11.77,13.75,16.06,17.27,551.98
73.5649,0.0,0.0,0.0,2.31,0.0,5.17,4.29,2.75,76.67,139.7,109.89,101.97,64.13,12.98,12.32,16.06,14.52,533.72
73.5748,0.0,0.0,2.75,2.31,2.75,2.53,4.29,2.75,71.28,131.56,99.0,103.4,65.67,12.98,13.75,14.63,17.38,512.27
73.5848,0.0,0.0,0.0,2.31,0.0,3.85,4.29,0.0,64.57,121.66,88.22,106.37,67.21,12.98,15.18,16.06,10.45,492.25
73.5948,0.0,0.0,0.0,2.31,2.75,3.85,2.86,0.0,59.29,111.76,80.41,110.88,70.29,12.98,13.75,14.63,11.77,473.99
73.6048,0.0,0.0,0.0,2.31,0.0,2.53,2.86,0.0,54.23,102.52,72.71,115.5,71.83,14.19,13.75,17.6,7.7,462.33
73.6148,0.0,0.0,0.0,2.31,2.75,0.0,2.86,0.0,49.28,93.28,64.9,121.88,76.45,15.4,13.75,19.03,7.92,453.97
73.6248,0.0,0.0,0.0,0.0,0.0,0.0,0.0,0.0,44.33,82.5,58.74,129.69,81.18,14.19,17.93,19.03,0.0,447.59
73.6348,0.0,0.0,0.0,2.31,0.0,2.53,0.0,2.75,39.38,73.26,54.34,137.61,82.72,15.4,17.93,20.46,7.59,441.1
73.6448,0.0,0.0,0.0,0.0,0.0,2.53,2.86,0.0,35.75,67.1,48.62,140.8,87.34,17.71,19.25,20.46,5.39,437.03
73.6548,0.0,0.0,0.0,0.0,0.0,2.53,0.0,0.0,30.8,57.75,44.33,151.8,95.04,17.71,17.93,22.0,2.53,437.36
73.6648,0.0,0.0,0.0,0.0,0.0,2.53,0.0,0.0,27.06,52.8,38.61,161.26,98.23,18.92,19.25,22.0,2.53,438.13
73.6748,0.0,3.19,0.0,0.0,0.0,0.0,0.0,2.75,23.43,42.9,31.46,176.44,107.47,20.13,22.0,24.86,5.94,448.69
73.6848,0.0,0.0,0.0,0.0,0.0,0.0,0.0,0.0,19.69,36.3,28.6,188.54,115.28,20.13,23.43,23.43,0.0,455.4
73.6948,0.0,0.0,0.0,0.0,0.0,2.53,0.0,2.75,17.16,31.35,22.88,204.05,120.12,22.44,26.18,27.83,5.28,472.01
73.7048,0.0,0.0,0.0,0.0,0.0,0.0,0.0,2.75,14.74,26.4,17.16,221.32,131.45,26.07,26.18,26.4,2.75,489.72
73.7148,0.0,0.0,0.0,0.0,0.0,0.0,0.0,2.75,13.53,18.15,14.3,240.57,137.94,33.22,34.43,32.23,2.75,524.37
73.7248,0.0,0.0,0.0,0.0,0.0,0.0,0.0,0.0,11.0,13.2,11.44,252.78,147.62,43.89,41.36,35.2,0.0,556.49
73.7348,0.0,0.0,0.0,0.0,0.0,0.0,0.0,2.75,9.79,11.55,8.58,263.34,154.11,60.28,51.04,35.2,2.75,593.89
73.7448,0.0,0.0,2.75,0.0,0.0,0.0,0.0,0.0,7.37,8.25,7.15,275.66,160.6,79.86,62.37,38.06,2.75,639.32
73.7548,0.0,0.0,2.75,0.0,0.0,0.0,0.0,0.0,4.84,8.25,5.72,282.48,168.74,94.93,74.36,41.03,2.75,680.35
73.7648,0.0,0.0,0.0,0.0,0.0,0.0,0.0,2.75,2.42,4.95,5.72,290.95,172.15,111.54,86.24,42.46,2.75,716.43
73.7748,0.0,0.0,2.75,0.0,0.0,0.0,0.0,0.0,0.0,4.95,2.86,292.71,175.78,133.87,99.66,44.0,2.75,753.83
73.7848,0.0,0.0,0.0,0.0,0.0,0.0,0.0,0.0,0.0,6.6,4.29,294.36,179.3,149.6,108.68,46.86,0.0,789.69
73.7948,0.0,0.0,0.0,0.0,0.0,0.0,0.0,2.75,0.0,3.3,4.29,299.53,177.54,170.5,114.73,45.43,2.75,815.32
73.8048,0.0,0.0,0.0,0.0,0.0,0.0,0.0,0.0,0.0,3.3,0.0,297.77,173.91,184.36,120.89,45.43,0.0,825.66
73.8148,0.0,0.0,0.0,0.0,0.0,0.0,0.0,0.0,0.0,4.95,2.86,287.54,163.9,198.22,128.59,45.43,0.0,831.49
73.8248,0.0,0.0,0.0,0.0,0.0,0.0,0.0,0.0,0.0,3.3,2.86,279.07,152.46,210.43,131.56,44.0,0.0,823.68
73.8348,3.41,0.0,0.0,0.0,0.0,0.0,0.0,0.0,0.0,4.95,2.86,261.58,145.97,220.88,133.1,42.46,3.41,811.8
73.8448,5.06,0.0,0.0,0.0,0.0,0.0,0.0,2.75,0.0,3.3,2.86,238.81,139.59,231.77,136.18,41.03,7.81,793.54
73.8548,10.23,0.0,0.0,0.0,0.0,0.0,0.0,0.0,0.0,3.3,2.86,217.91,128.15,240.9,142.34,42.46,10.23,777.92
73.8648,15.4,0.0,0.0,0.0,0.0,0.0,0.0,0.0,0.0,4.95,2.86,193.71,120.12,250.03,143.88,41.03,15.4,756.58
73.8748,32.67,0.0,0.0,0.0,0.0,0.0,0.0,0.0,0.0,4.95,2.86,169.51,113.63,255.53,145.42,38.06,32.67,729.96
73.8848,61.93,0.0,0.0,2.31,2.75,0.0,0.0,0.0,0.0,4.95,2.86,147.07,101.31,262.79,140.8,39.6,66.99,699.38
73.8948,105.05,0.0,0.0,2.31,2.75,0.0,0.0,0.0,0.0,4.95,0.0,126.61,87.34,264.66,136.18,39.6,110.11,659.34
73.9048,157.3,0.0,0.0,2.31,4.18,0.0,0.0,0.0,0.0,3.3,0.0,101.97,68.75,275.66,128.59,39.6,163.79,617.87
73.9148,189.42,37.18,5.5,2.31,2.75,2.53,0.0,0.0,0.0,4.95,2.86,75.13,43.01,279.4,110.22,38.06,239.69,553.63
73.9248,184.03,104.17,68.64,4.73,8.36,2.53,5.72,2.75,0.0,4.95,2.86,36.63,34.76,270.16,77.33,35.2,380.93,461.89
73.9348,175.01,110.77,117.04,11.77,11.11,5.17,5.72,4.07,0.0,4.95,2.86,31.79,31.46,206.91,39.93,36.63,440.66,354.53
73.9448,171.38,112.42,130.24,28.38,19.47,3.85,4.29,8.25,0.0,3.3,2.86,31.79,29.81,146.08,26.18,55.77,478.28,295.79
73.9548,160.82,114.07,136.73,44.88,37.62,5.17,7.15,9.57,0.0,4.95,0.0,25.41,24.75,76.78,24.75,61.82,516.01,218.46
73.9648,159.06,115.72,138.38,55.55,47.3,5.17,7.15,8.25,0.0,3.3,2.86,22.22,18.15,39.05,22.0,44.0,536.58,151.58
73.9748,155.54,117.37,136.73,63.69,54.34,5.17,7.15,8.25,0.0,3.3,0.0,17.49,13.2,28.38,16.5,27.83,548.24,106.7
73.9848,150.37,117.37,133.43,70.84,61.6,5.17,7.15,11.0,0.0,0.0,0.0,11.11,11.55,15.4,12.32,23.43,556.93,73.81
73.9948,146.85,115.72,128.59,77.99,66.0,7.81,7.15,11.0,0.0,4.95,0.0,9.46,4.95,10.67,11.0,19.03,561.11,60.06
74.0048,143.33,114.07,123.64,85.14,68.97,6.49,10.12,12.32,0.0,0.0,0.0,6.27,4.95,10.67,5.5,8.8,564.08,36.19
74.0148,138.16,112.42,121.99,90.86,76.34,6.49,10.12,12.32,0.0,0.0,0.0,6.27,4.95,9.46,5.5,4.4,568.7,30.58
74.0248,132.88,107.47,118.69,95.15,80.74,7.81,11.55,11.0,0.0,3.3,0.0,6.27,3.3,8.25,4.07,2.86,565.29,28.05
74.0348,125.84,102.52,113.85,96.58,85.14,7.81,11.55,12.32,0.0,0.0,0.0,6.27,0.0,7.04,4.07,2.86,555.61,20.24
74.0448,120.67,96.03,112.2,99.44,88.11,9.13,14.41,12.32,0.0,0.0,0.0,6.27,0.0,7.04,2.75,2.86,552.31,18.92
74.0548,113.63,89.43,106.04,100.87,91.08,9.13,14.41,13.75,0.0,0.0,0.0,4.73,0.0,4.73,4.07,4.4,538.34,17.93
74.0648,106.7,82.94,101.31,103.73,92.51,10.45,15.84,12.32,0.0,0.0,0.0,4.73,0.0,5.83,4.07,2.86,525.8,17.49
74.0748,98.12,74.69,93.61,109.45,95.48,10.45,18.81,13.75,0.0,0.0,0.0,3.08,3.3,7.04,4.07,2.86,514.36,20.35
74.0848,91.19,68.2,84.26,113.96,98.34,9.13,21.67,15.18,0.0,0.0,0.0,6.27,0.0,4.73,2.75,0.0,501.93,13.75
74.0948,82.61,59.95,77.99,118.58,104.28,11.77,27.5,15.18,0.0,0.0,0.0,3.08,0.0,4.73,2.75,0.0,497.86,10.56
74.1048,74.03,53.46,68.64,126.28,105.71,13.09,33.22,16.5,0.0,0.0,0.0,4.73,0.0,4.73,4.07,4.4,490.93,17.93
74.1148,65.34,45.32,62.48,130.9,113.63,18.26,39.05,16.5,0.0,0.0,0.0,0.0,0.0,5.83,4.07,0.0,491.48,9.9
74.1248,58.52,40.48,55.22,135.63,118.69,22.22,44.88,19.25,0.0,0.0,0.0,4.73,0.0,4.73,4.07,0.0,494.89,13.53
74.1348,51.59,33.99,49.72,138.71,123.86,27.5,52.14,19.25,0.0,0.0,0.0,3.08,0.0,4.73,4.07,0.0,496.76,11.88
74.1448,46.42,27.5,44.11,144.87,128.92,31.46,56.43,20.68,0.0,0.0,0.0,4.73,0.0,3.52,0.0,0.0,500.39,8.25
74.1548,39.6,22.66,38.61,146.41,135.74,39.27,66.77,23.43,0.0,3.3,0.0,3.08,0.0,3.52,4.07,0.0,512.49,13.97
74.1648,36.08,19.36,31.68,151.14,142.56,47.19,74.25,24.75,0.0,3.3,0.0,3.08,0.0,3.52,4.07,2.86,527.01,16.83
74.1748,30.91,12.87,28.93,155.76,151.14,56.43,84.7,26.18,0.0,0.0,0.0,3.08,0.0,3.52,0.0,0.0,546.92,6.6
74.1848,27.5,8.03,23.43,158.84,157.96,66.33,96.58,26.18,0.0,3.3,0.0,0.0,0.0,3.52,2.75,2.86,564.85,12.43
74.1948,24.09,4.84,19.25,163.46,166.43,76.23,107.03,28.93,0.0,0.0,0.0,3.08,0.0,3.52,2.75,2.86,590.26,12.21
74.2048,20.57,4.84,13.75,166.54,171.6,86.13,117.81,30.36,0.0,0.0,0.0,0.0,0.0,3.52,2.75,2.86,611.6,9.13
74.2148,17.16,4.84,13.75,171.38,180.4,96.03,129.14,33.11,0.0,0.0,0.0,0.0,0.0,3.52,2.75,0.0,645.81,6.27
74.2248,15.4,3.19,13.75,173.03,183.81,107.36,143.55,33.11,0.0,0.0,0.0,0.0,0.0,3.52,2.75,0.0,673.2,6.27
74.2348,10.23,3.19,9.57,176.22,190.85,122.32,151.58,35.86,0.0,0.0,0.0,0.0,0.0,2.31,2.75,0.0,699.82,5.06
74.2448,10.23,4.84,11.0,179.52,194.26,134.53,162.91,37.18,0.0,0.0,0.0,0.0,0.0,3.52,2.75,2.86,734.47,9.13
74.2548,8.58,4.84,8.25,182.71,197.78,148.39,176.0,38.61,0.0,3.3,0.0,0.0,0.0,3.52,0.0,0.0,765.16,6.82
74.2648,5.06,4.84,6.82,185.9,197.78,160.6,186.56,37.18,0.0,0.0,0.0,0.0,0.0,2.31,0.0,0.0,784.74,2.31
74.2748,0.0,0.0,5.5,184.36,192.61,175.01,200.53,39.93,0.0,0.0,0.0,0.0,0.0,2.31,0.0,0.0,797.94,2.31
74.2848,0.0,4.84,5.5,179.52,187.33,189.97,209.33,42.68,2.42,0.0,0.0,0.0,0.0,0.0,0.0,0.0,819.17,2.42
74.2948,0.0,3.19,2.75,173.03,178.64,203.17,219.89,42.68,3.63,0.0,0.0,0.0,0.0,2.31,0.0,0.0,823.35,5.94
74.3048,0.0,3.19,4.07,160.38,168.19,216.48,226.71,45.54,3.63,0.0,2.86,0.0,0.0,2.31,0.0,0.0,824.56,8.8
74.3148,0.0,3.19,2.75,146.41,156.2,228.14,236.94,46.86,4.84,0.0,0.0,0.0,0.0,2.31,0.0,0.0,820.49,7.15
74.3248,0.0,3.19,2.75,126.28,144.32,234.74,240.35,49.61,7.37,0.0,0.0,3.08,0.0,3.52,0.0,0.0,801.24,13.97
74.3348,0.0,3.19,2.75,108.02,130.68,241.34,247.17,51.04,14.74,0.0,0.0,0.0,0.0,2.31,0.0,0.0,784.19,17.05
74.3448,0.0,0.0,4.07,89.43,113.63,246.29,248.93,52.36,30.8,0.0,0.0,0.0,0.0,0.0,0.0,0.0,754.71,30.8
74.3548,0.0,3.19,2.75,69.41,99.88,251.35,252.23,56.54,53.02,3.3,0.0,0.0,0.0,2.31,0.0,0.0,735.35,58.63
74.3648,0.0,4.84,4.07,52.03,86.57,251.35,250.58,60.94,88.77,4.95,0.0,3.08,0.0,2.31,0.0,0.0,710.38,99.11
74.3748,0.0,3.19,2.75,34.21,66.0,251.35,238.7,65.34,137.06,9.9,5.72,3.08,0.0,3.52,0.0,0.0,661.54,159.28
74.3848,0.0,4.84,2.75,17.71,40.37,236.39,221.65,68.31,155.43,123.31,42.9,4.73,4.95,4.73,0.0,0.0,592.02,336.05
74.3948,0.0,3.19,4.07,14.19,29.26,186.67,162.91,83.27,159.61,143.0,97.46,11.11,6.6,4.73,4.07,0.0,483.56,426.58
74.4048,0.0,4.84,2.75,12.98,25.08,126.94,93.61,104.17,161.04,151.25,113.08,15.84,11.55,5.83,6.82,5.83,370.37,471.24
74.4148,0.0,4.84,2.75,10.56,20.9,76.23,40.48,150.26,152.57,154.55,116.05,33.44,16.5,5.83,9.57,8.8,306.02,497.31
74.4248,0.0,6.38,0.0,8.25,16.72,31.46,28.93,140.91,138.49,152.9,116.05,55.77,24.75,10.67,11.0,11.66,232.65,521.29
74.4348,0.0,4.84,2.75,4.73,12.54,22.22,23.1,83.27,134.2,156.2,117.59,67.65,39.71,10.67,11.0,13.2,153.45,550.22
74.4448,0.0,3.19,0.0,2.31,8.36,17.05,17.38,44.11,131.34,157.85,120.67,81.07,49.61,11.77,12.32,14.63,92.4,579.26
74.4548,0.0,3.19,0.0,3.52,6.93,11.77,11.55,28.93,125.73,157.85,125.29,88.55,57.97,10.67,13.75,14.63,65.89,594.44
74.4648,0.0,0.0,0.0,2.31,5.5,7.81,10.12,12.32,120.01,159.5,125.29,95.92,61.05,14.19,12.32,16.06,38.06,604.34
74.4748,0.0,3.19,0.0,3.52,4.18,6.49,7.15,2.75,115.83,157.85,125.29,101.97,67.21,12.98,13.75,16.06,27.28,610.94
74.4848,0.0,0.0,0.0,2.31,4.18,5.17,5.72,0.0,108.79,154.55,122.21,106.37,71.83,14.19,13.75,17.6,17.38,609.29
74.4948,0.0,0.0,0.0,2.31,2.75,3.85,4.29,2.75,100.76,146.3,116.05,112.42,71.83,14.19,15.18,17.6,15.95,594.33
74.5048,0.0,0.0,0.0,2.31,2.75,3.85,5.72,2.75,92.73,138.16,106.81,113.96,76.45,14.19,16.5,19.03,17.38,577.83
74.5148,0.0,0.0,0.0,0.0,2.75,3.85,5.72,2.75,83.38,126.61,99.0,118.69,81.18,15.4,16.5,16.06,15.07,556.82
74.5248,0.0,0.0,0.0,2.31,4.18,3.85,2.86,0.0,76.67,116.71,91.3,121.88,84.26,15.4,15.18,17.6,13.2,539.0
74.5348,0.0,0.0,0.0,2.31,2.75,2.53,2.86,2.75,69.96,105.6,85.03,123.42,85.8,15.4,17.93,16.06,13.2,519.2
74.5448,0.0,0.0,2.75,0.0,0.0,2.53,4.29,2.75,64.57,99.44,78.87,128.15,84.26,15.4,17.93,19.03,12.32,507.65
74.5548,0.0,0.0,0.0,0.0,2.75,3.85,4.29,0.0,57.97,87.12,69.52,131.34,88.88,15.4,16.5,19.03,10.89,485.76
74.5648,0.0,0.0,0.0,0.0,2.75,0.0,2.86,0.0,53.02,80.96,66.44,134.42,91.96,16.61,19.25,17.6,5.61,480.26
74.5748,0.0,0.0,0.0,0.0,2.75,2.53,2.86,2.75,46.86,70.18,60.28,140.8,96.69,16.61,16.5,19.03,10.89,466.95
74.5848,0.0,0.0,0.0,0.0,0.0,3.85,0.0,0.0,41.91,65.56,55.77,145.53,99.77,17.71,20.68,23.43,3.85,470.36
74.5948,0.0,0.0,0.0,0.0,0.0,0.0,0.0,2.75,35.75,54.45,51.48,151.8,105.93,18.92,19.25,23.43,2.75,461.01
74.6048,0.0,0.0,0.0,0.0,0.0,2.53,0.0,2.75,30.8,49.5,47.19,161.26,112.09,20.13,22.0,23.43,5.28,466.4
74.6148,0.0,0.0,0.0,0.0,0.0,2.53,2.86,0.0,27.06,41.25,42.9,166.1,123.31,20.13,24.75,24.86,5.39,470.36
74.6248,0.0,0.0,0.0,0.0,0.0,2.53,0.0,0.0,22.11,34.65,38.61,178.09,136.29,21.34,24.75,26.4,2.53,482.24
74.6348,0.0,0.0,0.0,0.0,0.0,0.0,0.0,2.75,18.48,26.4,34.32,188.54,147.62,23.65,33.11,29.26,2.75,501.38
74.6448,0.0,0.0,0.0,0.0,0.0,0.0,0.0,0.0,14.74,19.8,28.6,200.64,158.95,28.38,39.93,30.8,0.0,521.84
74.6548,0.0,0.0,0.0,0.0,0.0,0.0,0.0,0.0,12.32,13.2,22.88,209.22,170.39,37.95,53.79,35.2,0.0,554.95
74.6648,0.0,0.0,2.75,0.0,0.0,0.0,0.0,2.75,9.79,9.9,15.73,216.15,181.17,47.41,63.91,35.2,5.5,579.26
74.6748,0.0,0.0,2.75,0.0,0.0,0.0,0.0,2.75,8.58,8.25,10.01,221.32,190.19,60.28,74.36,35.2,5.5,608.19
74.6848,0.0,0.0,0.0,0.0,0.0,2.53,0.0,2.75,6.16,6.6,7.15,226.49,200.97,75.35,90.75,39.6,5.28,653.07
74.6948,0.0,0.0,0.0,0.0,0.0,0.0,0.0,0.0,6.16,8.25,7.15,230.01,209.99,91.96,104.17,41.03,0.0,698.72
74.7048,0.0,0.0,0.0,0.0,0.0,0.0,0.0,0.0,3.63,4.95,5.72,233.53,215.38,108.46,116.27,44.0,0.0,731.94
74.7148,0.0,0.0,0.0,0.0,0.0,0.0,0.0,0.0,2.42,6.6,4.29,237.05,219.01,125.18,125.51,46.86,0.0,766.92
74.7248,0.0,0.0,0.0,0.0,0.0,0.0,0.0,0.0,0.0,3.3,2.86,238.81,224.29,139.15,134.64,48.4,0.0,791.45
74.7348,0.0,0.0,2.75,0.0,0.0,0.0,0.0,0.0,0.0,4.95,4.29,235.29,224.29,158.29,142.34,48.4,2.75,817.85
74.7448,0.0,0.0,0.0,0.0,0.0,0.0,0.0,0.0,0.0,4.95,4.29,233.53,219.01,173.91,148.39,48.4,0.0,832.48
74.7548,3.41,0.0,0.0,0.0,0.0,0.0,0.0,2.75,0.0,3.3,0.0,223.08,206.36,187.88,151.47,48.4,6.16,820.49
74.7648,5.06,0.0,0.0,0.0,0.0,0.0,0.0,0.0,0.0,4.95,2.86,207.46,191.95,199.98,153.01,46.86,5.06,807.07
74.7748,6.82,0.0,0.0,0.0,0.0,0.0,0.0,0.0,0.0,3.3,2.86,186.78,177.54,212.19,157.63,44.0,6.82,784.3
74.7848,11.99,0.0,0.0,0.0,0.0,0.0,0.0,0.0,0.0,3.3,2.86,169.51,167.09,222.64,160.71,42.46,11.99,768.57
74.7948,17.16,0.0,0.0,0.0,0.0,0.0,0.0,0.0,0.0,0.0,0.0,148.72,155.76,231.77,165.33,44.0,17.16,745.58
74.8048,29.26,0.0,0.0,0.0,0.0,0.0,0.0,0.0,0.0,4.95,0.0,128.15,145.97,239.03,168.52,44.0,29.26,730.62
74.8148,51.59,0.0,0.0,0.0,0.0,0.0,0.0,0.0,0.0,4.95,2.86,109.34,137.94,246.4,166.87,39.6,51.59,707.96
74.8248,80.85,0.0,0.0,0.0,2.75,0.0,0.0,0.0,0.0,3.3,2.86,92.95,129.8,248.16,166.87,38.06,83.6,682.0
74.8348,122.43,0.0,0.0,2.31,4.18,2.53,2.86,0.0,0.0,3.3,0.0,75.13,118.47,244.53,170.17,39.6,134.31,651.2
74.8448,173.14,6.38,8.25,3.52,4.18,0.0,0.0,2.75,0.0,4.95,0.0,57.2,101.31,244.53,163.79,38.06,198.22,609.84
74.8548,178.53,92.73,77.99,4.73,11.11,3.85,4.29,4.07,0.0,3.3,2.86,36.63,71.83,239.03,157.63,33.66,377.3,544.94
74.8648,173.14,112.42,131.89,15.29,11.11,5.17,5.72,5.5,0.0,3.3,2.86,28.6,39.71,212.19,136.18,32.23,460.24,455.07
74.8748,173.14,117.37,151.47,25.96,23.65,5.17,5.72,6.82,0.0,4.95,2.86,23.87,38.06,163.57,81.84,33.66,509.3,348.81
74.8848,160.82,115.72,149.93,41.36,43.12,5.17,7.15,9.57,0.0,3.3,2.86,25.41,31.46,111.54,39.93,66.44,532.84,280.94
74.8948,157.3,119.13,151.47,52.03,52.91,7.81,8.69,9.57,0.0,4.95,0.0,20.68,26.4,50.93,22.0,103.18,558.91,228.14
74.9048,155.54,124.08,148.28,60.83,58.63,7.81,10.12,11.0,0.0,3.3,0.0,17.49,21.45,26.07,16.5,92.51,576.29,177.32
74.9148,155.54,125.84,144.98,66.55,61.6,6.49,10.12,11.0,0.0,4.95,0.0,12.65,14.85,18.92,13.75,52.8,582.12,117.92
74.9248,155.54,129.14,143.33,70.84,63.03,7.81,8.69,11.0,0.0,0.0,0.0,9.46,9.9,14.19,13.75,32.23,589.38,79.53
74.9348,153.89,130.79,141.68,76.56,63.03,7.81,10.12,12.32,0.0,0.0,0.0,6.27,8.25,10.67,9.57,23.43,596.2,58.19
74.9448,152.13,130.79,135.08,79.42,63.03,7.81,11.55,12.32,0.0,3.3,0.0,3.08,4.95,9.46,8.25,11.66,592.13,40.7
74.9548,148.61,129.14,130.24,82.28,64.57,9.13,8.69,11.0,0.0,3.3,0.0,4.73,3.3,9.46,4.07,4.4,583.66,29.26
74.9648,143.33,127.49,123.64,83.71,66.0,9.13,10.12,12.32,0.0,3.3,0.0,4.73,3.3,8.25,5.5,5.83,575.74,30.91
74.9748,136.4,122.43,117.04,88.0,64.57,9.13,11.55,11.0,0.0,0.0,0.0,4.73,4.95,7.04,5.5,5.83,560.12,28.05
74.9848,127.6,115.72,107.58,92.29,64.57,7.81,11.55,12.32,0.0,0.0,0.0,4.73,4.95,8.25,5.5,5.83,539.44,29.26
74.9948,120.67,110.77,98.23,95.15,64.57,9.13,11.55,12.32,0.0,0.0,0.0,3.08,0.0,5.83,5.5,5.83,522.39,20.24
75.0047,113.63,104.17,88.88,100.87,64.57,7.81,11.55,12.32,0.0,3.3,0.0,3.08,0.0,7.04,4.07,2.86,503.8,20.35
75.0147,105.05,97.68,81.07,105.16,64.57,9.13,11.55,13.75,0.0,3.3,0.0,0.0,0.0,5.83,5.5,5.83,487.96,20.46
75.0247,98.12,91.08,73.37,112.42,64.57,7.81,10.12,12.32,0.0,3.3,0.0,3.08,3.3,3.52,4.07,4.4,469.81,21.67
75.0347,91.19,84.48,65.56,120.12,66.0,7.81,11.55,13.75,0.0,0.0,0.0,3.08,3.3,4.73,4.07,5.83,460.46,21.01
75.0447,82.61,81.29,57.97,127.82,68.97,10.45,10.12,12.32,0.0,0.0,0.0,0.0,3.3,3.52,4.07,4.4,451.55,15.29
75.0547,75.68,74.69,53.79,137.17,70.4,10.45,12.98,13.75,0.0,0.0,0.0,3.08,0.0,5.83,4.07,4.4,448.91,17.38
75.0647,68.86,68.2,48.29,146.41,73.37,11.77,14.41,15.18,0.0,0.0,0.0,3.08,0.0,4.73,4.07,4.4,446.49,16.28
75.0747,61.93,61.6,42.79,158.84,74.8,13.09,14.41,15.18,0.0,3.3,0.0,0.0,0.0,4.73,4.07,4.4,442.64,16.5
75.0847,55.11,56.65,37.29,169.73,80.74,14.41,15.84,17.93,0.0,0.0,0.0,0.0,0.0,3.52,4.07,4.4,447.7,11.99
75.0947,49.94,50.16,33.11,179.52,86.57,18.26,17.38,17.93,0.0,0.0,0.0,0.0,0.0,4.73,2.75,4.4,452.87,11.88
75.1047,44.77,43.67,28.93,189.2,93.94,24.86,21.67,20.68,0.0,0.0,0.0,0.0,0.0,4.73,0.0,4.4,467.72,9.13
75.1147,39.6,38.83,24.86,202.18,98.34,34.1,28.93,22.0,0.0,0.0,0.0,0.0,0.0,3.52,0.0,4.4,488.84,7.92
75.1247,36.08,33.99,20.68,210.21,105.71,43.23,36.19,23.43,0.0,0.0,0.0,0.0,0.0,4.73,0.0,2.86,509.52,7.59
75.1347,30.91,27.5,17.93,216.7,113.63,56.43,43.45,24.75,0.0,0.0,0.0,0.0,0.0,3.52,2.75,0.0,531.3,6.27
75.1447,25.74,21.01,16.5,226.38,118.69,69.19,52.14,26.18,0.0,0.0,0.0,0.0,0.0,3.52,2.75,4.4,555.83,10.67
75.1547,24.09,16.17,13.75,231.11,125.51,83.38,62.37,28.93,0.0,0.0,0.0,0.0,0.0,2.31,4.07,4.4,585.31,10.78
75.1647,20.57,11.33,12.43,240.57,130.68,94.6,71.28,30.36,0.0,0.0,0.0,0.0,0.0,3.52,2.75,2.86,611.82,9.13
75.1747,17.16,9.68,11.0,245.3,137.5,108.79,81.73,31.68,0.0,3.3,0.0,0.0,0.0,3.52,4.07,2.86,642.84,13.75
75.1847,13.75,9.68,11.0,250.03,139.15,122.32,92.18,31.68,0.0,3.3,0.0,0.0,0.0,3.52,0.0,2.86,669.79,9.68
75.1947,10.23,8.03,9.57,254.76,142.56,137.61,101.09,33.11,0.0,0.0,0.0,0.0,0.0,3.52,0.0,0.0,696.96,3.52
75.2047,6.82,8.03,9.57,257.95,142.56,151.36,113.08,35.86,0.0,0.0,0.0,0.0,0.0,3.52,2.75,2.86,725.23,9.13
75.2147,3.41,4.84,5.5,259.49,140.91,165.22,124.3,34.43,0.0,0.0,0.0,0.0,0.0,0.0,2.75,0.0,738.1,2.75
75.2247,0.0,4.84,5.5,259.49,137.5,179.96,135.52,38.61,0.0,3.3,0.0,0.0,0.0,2.31,0.0,2.86,761.42,8.47
75.2347,0.0,3.19,4.07,257.95,135.74,193.27,145.2,37.18,0.0,0.0,0.0,0.0,0.0,3.52,0.0,0.0,776.6,3.52
75.2447,0.0,3.19,4.07,251.68,132.33,204.82,156.42,38.61,0.0,0.0,0.0,0.0,0.0,2.31,0.0,2.86,791.12,5.17
75.2547,0.0,3.19,2.75,243.76,125.51,218.13,162.91,38.61,0.0,0.0,0.0,0.0,0.0,2.31,2.75,2.86,794.86,7.92
75.2647,0.0,3.19,4.07,232.65,117.04,229.79,169.29,38.61,3.63,0.0,0.0,0.0,0.0,3.52,2.75,0.0,794.64,9.9
75.2747,0.0,0.0,4.07,213.51,107.25,241.34,177.76,39.93,4.84,0.0,0.0,0.0,0.0,2.31,0.0,2.86,783.86,10.01
75.2847,0.0,0.0,4.07,189.2,99.88,249.59,183.04,39.93,6.16,3.3,0.0,0.0,0.0,2.31,0.0,2.86,765.71,14.63
75.2947,0.0,3.19,2.75,158.84,91.08,257.95,190.08,41.36,8.58,0.0,0.0,0.0,0.0,2.31,2.75,0.0,745.25,13.64
75.3047,0.0,3.19,4.07,127.82,79.31,266.2,195.36,41.36,24.64,0.0,0.0,0.0,0.0,0.0,0.0,0.0,717.31,24.64
75.3147,0.0,3.19,4.07,105.16,66.0,272.8,193.6,45.54,57.97,4.95,2.86,0.0,0.0,2.31,0.0,0.0,690.36,68.09
75.3247,0.0,4.84,2.75,80.85,48.73,274.45,191.84,49.61,103.51,4.95,4.29,3.08,0.0,2.31,0.0,0.0,653.07,118.14
75.3347,0.0,4.84,0.0,54.34,30.58,276.1,176.0,57.97,142.67,80.96,11.44,4.73,0.0,4.73,0.0,0.0,599.83,244.53
75.3447,0.0,4.84,2.75,27.17,26.4,264.55,133.98,66.88,141.24,151.25,85.03,7.92,6.6,3.52,2.75,2.86,526.57,401.17
75.3547,0.0,4.84,2.75,22.44,25.08,201.52,80.19,86.24,137.06,162.8,125.29,11.11,6.6,4.73,4.07,4.4,423.06,456.06
75.3647,0.0,3.19,2.75,20.02,22.22,136.07,39.05,114.73,138.49,167.75,131.45,22.22,11.55,8.25,5.5,7.26,338.03,492.47
75.3747,0.0,4.84,0.0,14.19,16.72,77.66,28.93,122.43,125.73,162.8,131.45,43.01,16.5,8.25,9.57,10.23,264.77,507.54
75.3847,0.0,4.84,2.75,11.77,15.29,30.14,23.1,86.24,117.26,162.8,128.37,55.77,29.81,9.46,11.0,10.23,174.13,524.7
75.3947,0.0,4.84,0.0,9.46,11.11,22.22,20.24,55.11,114.4,166.1,131.45,66.11,41.36,11.77,11.0,14.63,122.98,556.82
75.4047,0.0,4.84,0.0,7.04,6.93,15.73,12.98,38.61,111.54,164.45,134.42,75.13,49.61,11.77,13.75,16.06,86.13,576.73
75.4147,0.0,4.84,0.0,4.73,4.18,11.77,11.55,31.68,107.47,159.5,134.42,81.07,59.51,14.19,12.32,16.06,68.75,584.54
75.4247,0.0,3.19,0.0,4.73,5.5,7.81,7.15,19.25,102.08,157.85,134.42,88.55,67.21,11.77,13.75,14.63,47.63,590.26
75.4347,0.0,3.19,0.0,4.73,4.18,6.49,4.29,4.07,99.44,157.85,132.88,92.95,70.29,12.98,12.32,16.06,26.95,594.77
75.4447,0.0,3.19,0.0,4.73,4.18,3.85,5.72,2.75,95.48,154.55,128.37,95.92,74.91,14.19,13.75,17.6,24.42,594.77
75.4547,0.0,0.0,0.0,3.52,2.75,5.17,2.86,2.75,88.77,147.95,122.21,101.97,78.1,14.19,15.18,17.6,17.05,585.97
75.4647,0.0,0.0,0.0,3.52,2.75,3.85,4.29,2.75,83.38,139.7,113.08,106.37,81.18,14.19,16.5,20.46,17.16,574.86
75.4747,0.0,0.0,0.0,3.52,0.0,3.85,2.86,0.0,77.99,134.86,102.19,109.34,85.8,12.98,16.5,19.03,10.23,558.69
75.4847,0.0,0.0,0.0,2.31,0.0,3.85,2.86,2.75,71.28,123.31,92.84,113.96,87.34,14.19,16.5,17.6,11.77,537.02
75.4947,0.0,3.19,0.0,2.31,0.0,3.85,2.86,2.75,66.0,116.71,81.95,121.88,88.88,16.61,15.18,19.03,14.96,526.24
75.5047,0.0,0.0,0.0,2.31,2.75,3.85,0.0,0.0,59.29,105.6,72.71,126.61,90.42,16.61,17.93,22.0,8.91,511.17
75.5147,0.0,0.0,0.0,3.52,0.0,2.53,0.0,0.0,54.23,94.82,64.9,132.88,93.5,17.71,16.5,20.46,6.05,495.0
75.5247,0.0,0.0,0.0,0.0,0.0,3.85,2.86,0.0,46.86,82.5,57.2,139.15,98.23,16.61,19.25,22.0,6.71,481.8
75.5347,0.0,0.0,0.0,3.52,0.0,3.85,0.0,2.75,41.91,74.8,54.34,145.53,101.31,16.61,19.25,23.43,10.12,477.18
75.5447,0.0,0.0,0.0,2.31,0.0,2.53,0.0,2.75,36.96,67.1,48.62,150.26,107.47,17.71,19.25,23.43,7.59,470.8
75.5547,0.0,0.0,0.0,2.31,0.0,2.53,0.0,0.0,30.8,57.75,42.9,159.72,115.28,18.92,19.25,24.86,4.84,469.48
75.5647,0.0,0.0,0.0,2.31,0.0,2.53,0.0,0.0,25.85,46.2,37.18,166.1,121.66,21.34,22.0,26.4,4.84,466.73
75.5747,0.0,0.0,0.0,0.0,0.0,2.53,0.0,0.0,22.11,41.25,31.46,179.85,129.8,20.13,24.75,27.83,2.53,477.18
75.5847,0.0,0.0,0.0,0.0,0.0,2.53,0.0,2.75,18.48,33.0,28.6,191.95,137.94,23.65,24.75,27.83,5.28,486.2
75.5947,0.0,0.0,0.0,0.0,0.0,0.0,0.0,0.0,15.95,28.05,24.31,205.81,147.62,26.07,31.68,30.8,0.0,510.29
75.6047,0.0,0.0,0.0,2.31,0.0,2.53,0.0,2.75,13.53,21.45,18.59,221.32,155.76,29.59,39.93,32.23,7.59,532.4
75.6147,0.0,0.0,0.0,0.0,0.0,0.0,0.0,2.75,11.0,18.15,14.3,231.77,163.9,40.26,48.29,33.66,2.75,561.33
75.6247,0.0,0.0,0.0,0.0,0.0,2.53,0.0,2.75,9.79,11.55,11.44,242.33,172.15,49.83,62.37,36.63,5.28,596.09
75.6347,0.0,0.0,0.0,0.0,0.0,2.53,0.0,2.75,8.58,11.55,10.01,252.78,175.78,63.25,69.85,38.06,5.28,629.86
75.6447,0.0,0.0,2.75,0.0,0.0,0.0,0.0,0.0,6.16,11.55,7.15,258.06,181.17,79.86,83.27,41.03,2.75,668.25
75.6547,0.0,0.0,2.75,0.0,0.0,2.53,0.0,0.0,3.63,8.25,4.29,270.38,186.56,93.39,93.72,42.46,5.28,702.68
75.6647,0.0,0.0,2.75,0.0,0.0,2.53,0.0,2.75,2.42,6.6,5.72,277.31,188.32,110.0,101.2,44.0,8.03,735.57
75.6747,0.0,0.0,0.0,0.0,0.0,0.0,0.0,2.75,0.0,6.6,4.29,284.13,186.56,126.94,113.19,46.86,2.75,768.57
75.6847,0.0,0.0,2.75,0.0,0.0,0.0,0.0,2.75,0.0,4.95,4.29,285.89,190.19,144.32,119.35,46.86,5.5,795.85
75.6947,0.0,0.0,2.75,0.0,0.0,0.0,0.0,0.0,0.0,4.95,2.86,289.3,184.8,160.05,123.97,46.86,2.75,812.79
75.7047,0.0,0.0,2.75,0.0,0.0,0.0,0.0,0.0,0.0,3.3,2.86,287.54,179.3,175.67,128.59,46.86,2.75,824.12
75.7147,0.0,0.0,0.0,0.0,0.0,0.0,0.0,0.0,0.0,4.95,2.86,279.07,168.74,189.64,134.64,45.43,0.0,825.33
75.7247,3.41,0.0,0.0,0.0,0.0,0.0,0.0,2.75,0.0,3.3,2.86,266.86,157.41,199.98,139.26,45.43,6.16,815.1
75.7347,5.06,0.0,2.75,0.0,0.0,0.0,0.0,0.0,0.0,4.95,2.86,247.61,147.62,212.19,142.34,45.43,7.81,803.0
75.7447,8.58,0.0,0.0,0.0,0.0,0.0,0.0,0.0,0.0,4.95,0.0,223.08,141.13,220.88,143.88,44.0,8.58,777.92
75.7547,11.99,0.0,0.0,0.0,0.0,0.0,0.0,0.0,0.0,3.3,2.86,200.64,133.1,229.9,145.42,42.46,11.99,757.68
75.7647,10.23,0.0,0.0,0.0,0.0,0.0,0.0,0.0,0.0,0.0,0.0,174.68,126.61,235.4,146.96,41.03,10.23,724.68
75.7747,34.43,0.0,0.0,0.0,0.0,0.0,0.0,0.0,0.0,4.95,2.86,150.26,116.82,242.66,151.47,42.46,34.43,711.48
75.7847,61.93,0.0,0.0,2.31,0.0,0.0,0.0,0.0,0.0,3.3,2.86,128.15,105.93,248.16,151.47,41.03,64.24,680.9
75.7947,94.71,0.0,0.0,3.52,2.75,2.53,0.0,0.0,0.0,4.95,2.86,110.88,91.96,253.66,146.96,38.06,103.51,649.33
75.8047,152.13,6.38,4.07,4.73,2.75,0.0,0.0,0.0,0.0,3.3,2.86,87.01,74.91,259.16,142.34,36.63,170.06,606.21
75.8147,169.62,97.68,57.97,5.83,9.68,5.17,4.29,2.75,0.0,3.3,2.86,63.14,49.61,264.66,123.97,38.06,352.99,545.6
75.8247,162.58,117.37,123.64,15.29,12.54,5.17,4.29,6.82,0.0,3.3,2.86,34.98,36.41,250.03,92.29,36.63,447.7,456.5
75.8347,162.58,124.08,144.98,29.48,18.04,3.85,5.72,8.25,0.0,4.95,4.29,28.6,33.11,184.36,45.54,41.03,496.98,341.88
75.8447,152.13,124.08,146.63,46.09,41.8,6.49,5.72,11.0,0.0,3.3,0.0,28.6,31.46,126.94,27.5,63.36,533.94,281.16
75.8547,143.33,124.08,144.98,62.26,52.91,9.13,8.69,11.0,0.0,4.95,0.0,22.22,24.75,54.56,22.0,67.98,556.38,196.46
75.8647,138.16,127.49,143.33,76.56,64.57,9.13,10.12,13.75,0.0,3.3,0.0,17.49,19.8,33.22,19.25,54.23,583.11,147.29
75.8747,134.64,125.84,141.68,86.57,71.94,9.13,14.41,13.75,0.0,3.3,0.0,12.65,13.2,21.34,17.93,32.23,597.96,100.65
75.8847,131.12,127.49,136.73,92.29,76.34,13.09,18.81,15.18,0.0,3.3,0.0,9.46,9.9,12.98,13.75,24.86,611.05,74.25
75.8947,125.84,124.08,133.43,99.44,82.17,14.41,23.1,16.5,0.0,4.95,0.0,6.27,6.6,10.67,9.57,16.06,618.97,54.12
75.9047,122.43,120.78,126.94,103.73,83.71,17.05,27.5,16.5,0.0,3.3,0.0,3.08,4.95,9.46,5.5,7.26,618.64,33.55
75.9147,115.39,114.07,121.99,106.59,89.54,19.58,33.22,17.93,0.0,0.0,0.0,6.27,3.3,8.25,5.5,4.4,618.31,27.72
75.9247,110.22,107.47,120.34,108.02,91.08,23.54,36.19,17.93,0.0,3.3,0.0,4.73,4.95,8.25,5.5,4.4,614.79,31.13
75.9347,103.29,100.87,112.2,108.02,93.94,26.18,39.05,17.93,0.0,3.3,0.0,4.73,3.3,7.04,5.5,0.0,601.48,23.87
75.9447,96.36,91.08,106.04,109.45,96.91,30.14,43.45,19.25,0.0,0.0,0.0,4.73,3.3,7.04,4.07,4.4,592.68,23.54
75.9547,89.54,82.94,98.23,112.42,99.88,32.78,46.31,20.68,0.0,3.3,0.0,4.73,3.3,5.83,4.07,2.86,582.78,24.09
75.9647,80.85,76.34,93.61,113.96,102.85,39.27,50.6,22.0,0.0,0.0,0.0,4.73,0.0,5.83,4.07,0.0,579.48,14.63
75.9747,72.27,68.2,84.26,115.5,105.71,43.23,55.0,22.0,0.0,0.0,0.0,4.73,0.0,7.04,2.75,0.0,566.17,14.52
75.9847,65.34,59.95,77.99,118.58,108.68,47.19,60.83,23.43,0.0,0.0,0.0,4.73,0.0,5.83,4.07,0.0,561.99,14.63
75.9947,60.17,53.46,70.18,121.66,111.87,53.79,63.8,24.75,0.0,0.0,0.0,4.73,0.0,5.83,0.0,4.4,559.68,14.96
76.0047,55.11,45.32,62.48,121.66,117.04,59.29,71.28,23.43,0.0,3.3,0.0,3.08,0.0,4.73,4.07,4.4,555.61,19.58
76.0147,48.18,38.83,55.22,126.28,122.1,64.9,77.22,26.18,0.0,0.0,0.0,3.08,0.0,3.52,0.0,0.0,558.91,6.6
76.0247,43.01,32.34,48.29,127.82,125.51,72.05,84.7,27.5,0.0,0.0,0.0,3.08,0.0,5.83,0.0,2.86,561.22,11.77
76.0347,37.84,25.85,40.04,129.36,132.33,79.09,92.18,28.93,0.0,3.3,0.0,3.08,0.0,2.31,2.75,2.86,565.62,14.3
76.0447,34.43,19.36,34.43,132.55,137.5,86.13,101.09,30.36,0.0,0.0,0.0,0.0,0.0,5.83,0.0,2.86,575.85,8.69
76.0547,30.91,14.52,27.61,134.09,142.56,94.6,110.0,31.68,0.0,0.0,0.0,0.0,0.0,3.52,2.75,2.86,585.97,9.13
76.0647,25.74,9.68,23.43,135.63,149.38,101.75,117.81,31.68,0.0,3.3,0.0,0.0,0.0,3.52,2.75,2.86,595.1,12.43
76.0747,22.33,8.03,17.93,137.17,156.2,108.79,127.49,34.43,0.0,3.3,0.0,0.0,0.0,4.73,2.75,2.86,612.37,13.64
76.0847,18.92,6.38,15.18,138.71,159.61,119.24,137.17,33.11,0.0,0.0,0.0,0.0,0.0,2.31,0.0,0.0,628.32,2.31
76.0947,15.4,4.84,15.18,137.17,166.43,128.48,148.39,35.86,0.0,0.0,0.0,0.0,0.0,3.52,2.75,2.86,651.75,9.13
76.1047,13.75,4.84,11.0,140.25,171.6,139.15,158.07,37.18,0.0,0.0,0.0,3.08,0.0,4.73,2.75,2.86,675.84,13.42
76.1147,11.99,6.38,11.0,141.79,175.12,152.9,167.75,37.18,0.0,0.0,0.0,0.0,0.0,3.52,2.75,2.86,704.11,9.13
76.1247,8.58,4.84,11.0,143.33,180.4,165.22,177.76,39.93,0.0,0.0,0.0,0.0,0.0,3.52,0.0,0.0,731.06,3.52
76.1347,6.82,4.84,8.25,144.87,178.64,176.66,188.32,41.36,0.0,0.0,0.0,0.0,0.0,2.31,2.75,2.86,749.76,7.92
76.1447,0.0,0.0,6.82,144.87,178.64,189.97,198.77,42.68,0.0,0.0,0.0,0.0,0.0,3.52,0.0,2.86,761.75,6.38
76.1547,0.0,3.19,5.5,143.33,173.36,203.17,207.57,42.68,0.0,0.0,0.0,0.0,0.0,2.31,0.0,0.0,778.8,2.31
76.1647,0.0,0.0,4.07,135.63,169.84,213.18,216.37,44.11,0.0,0.0,0.0,0.0,0.0,3.52,2.75,2.86,783.2,9.13
76.1747,0.0,3.19,4.07,124.74,163.02,224.84,223.41,45.54,0.0,0.0,0.0,0.0,0.0,2.31,0.0,2.86,788.81,5.17
76.1847,0.0,3.19,4.07,115.5,156.2,234.74,231.88,48.29,0.0,0.0,0.0,0.0,0.0,3.52,0.0,0.0,793.87,3.52
76.1947,0.0,3.19,4.07,100.87,144.32,241.34,238.7,46.86,2.42,0.0,0.0,0.0,0.0,2.31,0.0,2.86,779.35,7.59
76.2047,0.0,3.19,4.07,88.0,139.15,249.59,245.52,48.29,3.63,0.0,0.0,0.0,0.0,2.31,2.75,0.0,777.81,8.69
76.2147,0.0,3.19,4.07,76.56,128.92,253.0,248.93,51.04,4.84,0.0,0.0,0.0,0.0,0.0,0.0,0.0,765.71,4.84
76.2247,0.0,3.19,4.07,62.26,117.04,257.95,255.64,52.36,8.58,0.0,0.0,0.0,0.0,3.52,0.0,0.0,752.51,12.1
76.2347,0.0,0.0,4.07,52.03,104.28,262.9,255.64,53.79,18.48,0.0,0.0,0.0,0.0,0.0,0.0,0.0,732.71,18.48
76.2447,0.0,3.19,2.75,38.94,93.94,262.9,259.05,55.11,32.01,0.0,0.0,0.0,0.0,2.31,0.0,0.0,715.88,34.32
76.2547,0.0,3.19,2.75,27.17,77.77,262.9,253.99,56.54,55.44,3.3,0.0,0.0,0.0,2.31,0.0,0.0,684.31,61.05
76.2647,0.0,3.19,2.75,15.29,55.77,254.65,247.17,63.91,98.12,3.3,0.0,3.08,0.0,2.31,0.0,0.0,642.73,106.81
76.2747,0.0,3.19,2.75,15.29,33.44,233.09,226.71,69.85,146.96,70.18,7.15,3.08,0.0,3.52,0.0,0.0,584.32,230.89
76.2847,0.0,3.19,2.75,14.19,29.26,184.91,166.1,84.7,154.0,169.4,89.76,7.92,4.95,3.52,2.75,2.86,485.1,435.16
76.2947,0.0,4.84,0.0,12.98,25.08,136.07,98.12,111.65,151.14,181.17,132.88,9.46,8.25,4.73,4.07,4.4,388.74,496.1
76.3047,0.0,0.0,2.75,10.56,22.22,91.85,43.45,156.42,148.39,184.58,139.04,17.49,9.9,7.04,6.82,7.26,327.25,520.52
76.3147,0.0,4.84,0.0,8.25,18.04,34.1,28.93,151.8,129.91,179.52,139.04,39.82,18.15,8.25,11.0,7.26,245.96,532.95
76.3247,0.0,4.84,0.0,5.83,12.54,26.18,24.53,92.18,117.26,177.87,137.5,60.17,31.46,10.67,12.32,10.23,166.1,557.48
76.3347,0.0,3.19,2.75,2.31,11.11,18.26,20.24,52.36,111.54,177.87,140.58,75.13,44.66,12.98,13.75,14.63,110.22,591.14
76.3447,0.0,3.19,0.0,2.31,5.5,13.09,14.41,37.18,107.47,177.87,143.66,85.58,54.56,12.98,13.75,16.06,75.68,611.93
76.3547,0.0,3.19,0.0,2.31,5.5,9.13,10.12,20.68,102.08,176.11,149.82,88.55,62.59,14.19,12.32,14.63,50.93,620.29
76.3647,0.0,0.0,0.0,2.31,5.5,7.81,7.15,6.82,96.8,169.4,149.82,95.92,68.75,11.77,15.18,17.6,29.59,625.24
76.3747,0.0,0.0,0.0,0.0,4.18,3.85,7.15,2.75,92.73,166.1,146.74,100.43,73.37,12.98,15.18,17.6,17.93,625.13
76.3847,0.0,3.19,0.0,2.31,4.18,5.17,5.72,2.75,86.02,157.85,142.12,103.4,81.18,12.98,16.5,17.6,23.32,617.65
76.3947,0.0,0.0,0.0,2.31,4.18,3.85,7.15,0.0,77.99,147.95,131.45,104.94,84.26,15.4,13.75,19.03,17.49,594.77
76.4047,0.0,0.0,0.0,2.31,2.75,5.17,4.29,2.75,71.28,136.51,122.21,109.34,87.34,14.19,16.5,19.03,17.27,576.4
76.4147,0.0,0.0,0.0,0.0,0.0,3.85,5.72,2.75,64.57,124.96,113.08,109.34,93.5,15.4,16.5,20.46,12.32,557.81
76.4247,0.0,0.0,0.0,2.31,2.75,3.85,5.72,0.0,57.97,111.76,103.73,115.5,93.5,15.4,16.5,20.46,14.63,534.82
76.4346,0.0,0.0,0.0,0.0,0.0,3.85,4.29,2.75,51.7,104.06,95.92,113.96,98.23,15.4,16.5,20.46,10.89,516.23
76.4446,0.0,0.0,0.0,0.0,0.0,3.85,4.29,2.75,46.86,93.28,86.68,118.69,99.77,16.61,19.25,20.46,10.89,501.6
76.4546,0.0,0.0,0.0,0.0,0.0,3.85,2.86,2.75,40.7,80.96,77.33,121.88,105.93,17.71,17.93,22.0,9.46,484.44
76.4646,0.0,0.0,0.0,0.0,0.0,2.53,4.29,0.0,35.75,71.72,74.25,124.96,107.47,17.71,19.25,19.03,6.82,470.14
76.4746,0.0,0.0,0.0,0.0,2.75,0.0,2.86,2.75,30.8,64.02,66.44,131.34,113.63,18.92,17.93,20.46,8.36,463.54
76.4846,0.0,0.0,0.0,0.0,2.75,2.53,2.86,2.75,25.85,56.1,60.28,139.15,116.82,18.92,22.0,20.46,10.89,459.58
76.4946,0.0,0.0,0.0,0.0,0.0,2.53,2.86,0.0,23.43,49.5,55.77,145.53,120.12,20.13,23.43,24.86,5.39,462.77
76.5046,0.0,0.0,0.0,0.0,0.0,2.53,0.0,0.0,20.9,44.55,48.62,153.45,129.8,21.34,22.0,23.43,2.53,464.09
76.5146,0.0,0.0,0.0,0.0,0.0,2.53,0.0,0.0,17.16,36.3,42.9,161.26,139.59,22.44,24.75,24.86,2.53,469.26
76.5246,0.0,0.0,0.0,0.0,0.0,2.53,0.0,2.75,14.74,31.35,40.04,169.51,147.62,21.34,31.68,27.83,5.28,484.11
76.5346,0.0,0.0,0.0,0.0,0.0,0.0,0.0,2.75,11.0,23.1,34.32,183.37,155.76,26.07,38.61,30.8,2.75,503.03
76.5446,0.0,0.0,0.0,0.0,0.0,0.0,0.0,0.0,9.79,18.15,28.6,191.95,167.09,30.8,45.54,33.66,0.0,525.58
76.5546,0.0,0.0,0.0,0.0,0.0,0.0,0.0,2.75,8.58,14.85,22.88,198.88,175.78,39.05,56.54,35.2,2.75,551.76
76.5646,0.0,0.0,0.0,0.0,0.0,0.0,0.0,0.0,7.37,9.9,15.73,207.46,182.93,47.41,66.88,36.63,0.0,574.31
76.5746,0.0,0.0,0.0,0.0,0.0,2.53,0.0,0.0,6.16,8.25,12.87,212.74,191.95,57.2,78.76,39.6,2.53,607.53
76.5846,0.0,0.0,0.0,0.0,0.0,0.0,0.0,4.07,4.84,8.25,8.58,216.15,202.73,75.35,89.21,41.03,4.07,646.14
76.5946,0.0,0.0,0.0,0.0,0.0,0.0,0.0,2.75,6.16,9.9,8.58,221.32,208.12,88.88,99.66,42.46,2.75,685.08
76.6046,0.0,0.0,0.0,0.0,0.0,0.0,0.0,0.0,3.63,8.25,5.72,224.84,213.62,103.95,111.65,45.43,0.0,717.09
76.6146,0.0,0.0,0.0,0.0,0.0,0.0,0.0,0.0,0.0,4.95,5.72,228.25,217.14,120.01,117.81,46.86,0.0,740.74
76.6246,0.0,0.0,2.75,0.0,0.0,0.0,0.0,2.75,0.0,6.6,4.29,231.77,219.01,135.63,128.59,46.86,5.5,772.75
76.6346,0.0,0.0,2.75,0.0,0.0,0.0,0.0,0.0,0.0,6.6,4.29,231.77,217.14,154.77,136.18,49.83,2.75,800.58
76.6446,3.41,0.0,2.75,0.0,0.0,0.0,0.0,0.0,0.0,6.6,4.29,231.77,215.38,170.5,139.26,46.86,6.16,814.66
76.6546,6.82,0.0,0.0,0.0,0.0,0.0,0.0,0.0,0.0,4.95,2.86,228.25,204.6,182.6,146.96,49.83,6.82,820.05
76.6646,10.23,0.0,0.0,0.0,0.0,0.0,0.0,0.0,0.0,4.95,2.86,217.91,195.58,196.57,149.93,46.86,10.23,814.66
76.6746,10.23,0.0,0.0,0.0,0.0,0.0,0.0,0.0,0.0,4.95,2.86,200.64,186.56,206.91,156.09,46.86,10.23,804.87
76.6846,15.4,0.0,0.0,0.0,0.0,0.0,0.0,0.0,0.0,3.3,0.0,181.61,173.91,219.12,162.25,46.86,15.4,787.05
76.6946,24.09,0.0,0.0,0.0,0.0,0.0,0.0,0.0,0.0,3.3,2.86,159.72,165.44,228.03,165.33,45.43,24.09,770.11
76.7046,36.08,0.0,0.0,0.0,0.0,0.0,0.0,2.75,0.0,0.0,0.0,137.61,157.41,239.03,166.87,44.0,38.83,744.92
76.7146,51.59,0.0,0.0,0.0,0.0,0.0,0.0,0.0,0.0,3.3,2.86,115.5,149.27,242.66,173.36,45.43,51.59,732.38
76.7246,68.86,0.0,0.0,0.0,2.75,0.0,0.0,0.0,0.0,4.95,2.86,94.49,141.13,246.4,173.36,41.03,71.61,704.22
76.7346,105.05,0.0,0.0,0.0,2.75,0.0,0.0,0.0,0.0,3.3,0.0,79.53,131.45,244.53,175.01,41.03,107.8,674.85
76.7446,138.16,46.97,19.25,3.52,6.93,0.0,4.29,4.07,0.0,3.3,2.86,61.71,118.47,240.9,173.36,39.6,223.19,640.2
76.7546,134.64,81.29,77.99,7.04,11.11,5.17,5.72,6.82,0.0,3.3,2.86,44.55,99.77,242.66,165.33,36.63,329.78,595.1
76.7646,131.12,92.73,107.58,16.5,19.47,6.49,7.15,6.82,0.0,4.95,2.86,30.25,65.67,228.03,159.17,36.63,387.86,527.56
76.7746,127.6,96.03,113.85,33.11,38.94,6.49,8.69,8.25,0.0,4.95,2.86,28.6,41.36,191.29,117.81,36.63,432.96,423.5
76.7846,118.91,96.03,115.39,49.61,54.34,9.13,10.12,11.0,0.0,4.95,0.0,25.41,38.06,137.39,63.91,45.43,464.53,315.15
76.7946,117.15,102.52,115.39,66.55,63.03,9.13,10.12,11.0,0.0,4.95,2.86,22.22,29.81,85.91,27.5,87.89,494.89,261.14
76.8046,115.39,107.47,120.34,75.13,71.94,9.13,12.98,13.75,0.0,4.95,2.86,19.03,26.4,34.32,22.0,106.26,526.13,215.82
76.8146,115.39,109.12,123.64,83.71,79.31,10.45,14.41,12.32,0.0,4.95,0.0,15.84,19.8,23.65,17.93,80.19,548.35,162.36
76.8246,113.63,110.77,121.99,92.29,82.17,10.45,12.98,15.18,0.0,0.0,0.0,11.11,14.85,16.61,16.5,44.0,559.46,103.07
76.8346,111.87,112.42,121.99,96.58,86.57,10.45,15.84,15.18,0.0,3.3,0.0,6.27,8.25,12.98,11.0,27.83,570.9,69.63
76.8446,110.22,114.07,120.34,103.73,89.54,11.77,17.38,13.75,0.0,3.3,0.0,6.27,6.6,10.67,11.0,17.6,580.8,55.44
76.8546,106.7,110.77,117.04,110.88,92.51,11.77,20.24,16.5,0.0,0.0,0.0,4.73,6.6,8.25,6.82,8.8,586.41,35.2
76.8646,101.53,107.47,112.2,112.42,91.08,11.77,21.67,16.5,0.0,3.3,0.0,4.73,4.95,9.46,5.5,4.4,574.64,32.34
76.8746,96.36,100.87,106.04,117.04,92.51,13.09,23.1,17.93,0.0,3.3,0.0,3.08,4.95,8.25,4.07,7.26,566.94,30.91
76.8846,91.19,97.68,96.69,124.74,95.48,14.41,24.53,16.5,0.0,0.0,0.0,4.73,0.0,8.25,4.07,5.83,561.22,22.88
76.8946,86.02,91.08,88.88,126.28,96.91,17.05,26.07,16.5,0.0,0.0,0.0,4.73,0.0,7.04,4.07,5.83,548.79,21.67
76.9046,79.2,82.94,81.07,132.55,96.91,17.05,27.5,17.93,0.0,3.3,0.0,3.08,0.0,7.04,5.5,4.4,535.15,23.32
76.9146,72.27,74.69,71.83,137.17,96.91,19.58,30.36,19.25,0.0,0.0,0.0,3.08,0.0,7.04,5.5,5.83,522.06,21.45
76.9246,65.34,68.2,67.1,140.25,99.88,22.22,31.79,19.25,0.0,3.3,0.0,0.0,3.3,5.83,5.5,5.83,514.03,23.76
76.9346,58.52,61.6,59.4,146.41,102.85,24.86,34.76,19.25,0.0,0.0,0.0,0.0,3.3,4.73,4.07,4.4,507.65,16.5
76.9446,53.35,56.65,53.79,151.14,104.28,30.14,39.05,20.68,0.0,0.0,0.0,0.0,0.0,4.73,5.5,5.83,509.08,16.06
76.9546,48.18,50.16,48.29,155.76,107.25,34.1,44.88,22.0,0.0,0.0,0.0,3.08,0.0,4.73,4.07,5.83,510.62,17.71
76.9646,43.01,45.32,42.79,163.46,110.22,40.59,44.88,23.43,0.0,3.3,0.0,0.0,0.0,5.83,2.75,5.83,513.7,17.71
76.9746,39.6,38.83,35.86,166.54,115.28,44.55,52.14,23.43,0.0,0.0,0.0,0.0,0.0,5.83,4.07,4.4,516.23,14.3
76.9846,36.08,33.99,30.36,174.57,115.28,52.47,53.57,24.75,0.0,0.0,0.0,3.08,0.0,4.73,4.07,4.4,521.07,16.28
76.9946,32.67,29.15,23.43,177.87,120.45,59.29,60.83,26.18,0.0,3.3,0.0,0.0,0.0,4.73,4.07,4.4,529.87,16.5
77.0046,30.91,24.31,20.68,184.36,125.51,66.33,65.34,27.5,0.0,0.0,0.0,0.0,0.0,5.83,0.0,0.0,544.94,5.83
77.0146,27.5,19.36,17.93,189.2,128.92,72.05,71.28,28.93,0.0,0.0,0.0,0.0,0.0,4.73,4.07,4.4,555.17,13.2
77.0246,24.09,14.52,15.18,194.04,134.09,83.38,77.22,30.36,0.0,0.0,0.0,0.0,0.0,4.73,4.07,2.86,572.88,11.66
77.0346,20.57,9.68,13.75,200.53,137.5,93.17,84.7,28.93,0.0,3.3,0.0,0.0,0.0,3.52,4.07,2.86,588.83,13.75
77.0446,18.92,8.03,12.43,207.02,140.91,101.75,93.61,30.36,0.0,0.0,0.0,0.0,0.0,3.52,2.75,4.4,613.03,10.67
77.0546,17.16,8.03,12.43,210.21,144.32,113.08,102.63,33.11,0.0,0.0,0.0,0.0,0.0,2.31,2.75,2.86,640.97,7.92
77.0646,13.75,6.38,11.0,213.51,151.14,125.4,111.54,34.43,0.0,0.0,0.0,0.0,0.0,3.52,2.75,2.86,667.15,9.13
77.0746,11.99,8.03,9.57,219.89,151.14,136.07,122.65,35.86,0.0,0.0,0.0,0.0,0.0,3.52,0.0,4.4,695.2,7.92
77.0846,8.58,6.38,8.25,223.19,152.79,149.82,133.98,37.18,0.0,3.3,0.0,0.0,0.0,3.52,0.0,4.4,720.17,11.22
77.0946,3.41,4.84,6.82,227.92,152.79,163.68,143.55,37.18,0.0,0.0,0.0,0.0,0.0,3.52,2.75,2.86,740.19,9.13
77.1046,0.0,4.84,5.5,229.57,154.55,176.66,153.23,38.61,0.0,0.0,2.86,0.0,0.0,3.52,2.75,2.86,762.96,11.99
77.1146,0.0,3.19,5.5,231.11,151.14,191.62,162.91,39.93,0.0,3.3,0.0,0.0,0.0,2.31,2.75,2.86,785.4,11.22
77.1246,0.0,3.19,4.07,229.57,145.97,204.82,172.59,39.93,4.84,3.3,0.0,0.0,0.0,2.31,2.75,2.86,800.14,16.06
77.1346,0.0,3.19,4.07,221.54,140.91,216.48,181.28,39.93,6.16,0.0,2.86,0.0,0.0,2.31,2.75,2.86,807.4,16.94
77.1446,0.0,3.19,4.07,211.86,135.74,226.49,190.08,41.36,3.63,3.3,0.0,0.0,0.0,3.52,2.75,0.0,812.79,13.2
77.1546,0.0,3.19,2.75,200.53,127.27,236.39,197.12,42.68,4.84,3.3,0.0,0.0,0.0,2.31,2.75,0.0,809.93,13.2
77.1646,0.0,3.19,2.75,184.36,117.04,242.99,202.29,42.68,4.84,0.0,0.0,0.0,0.0,0.0,0.0,2.86,795.3,7.7
77.1746,0.0,3.19,4.07,160.38,107.25,253.0,207.57,42.68,8.58,0.0,0.0,0.0,0.0,2.31,0.0,2.86,778.14,13.75
77.1846,0.0,3.19,2.75,140.25,98.34,259.6,211.09,44.11,17.16,0.0,0.0,0.0,0.0,2.31,0.0,0.0,759.33,19.47
77.1946,0.0,3.19,0.0,117.04,86.57,266.2,216.37,41.36,30.8,0.0,2.86,0.0,0.0,2.31,0.0,0.0,730.73,35.97
77.2046,0.0,3.19,2.75,98.01,73.37,267.85,211.09,45.54,51.7,0.0,0.0,0.0,0.0,3.52,0.0,0.0,701.8,55.22
77.2146,0.0,3.19,2.75,77.99,58.63,272.8,207.57,48.29,84.7,3.3,0.0,0.0,0.0,2.31,2.75,0.0,671.22,93.06
77.2246,0.0,3.19,0.0,53.13,40.37,271.15,197.12,49.61,125.73,59.4,8.58,3.08,0.0,4.73,0.0,2.86,614.57,204.38
77.2346,0.0,3.19,2.75,25.96,29.26,264.55,159.72,56.54,122.87,141.35,64.9,7.92,4.95,4.73,4.07,4.4,541.97,355.19
77.2446,0.0,3.19,0.0,22.44,23.65,203.17,98.12,75.79,111.54,156.2,114.51,9.46,11.55,3.52,6.82,7.26,426.36,420.86
77.2546,0.0,4.84,2.75,17.71,22.22,140.69,50.6,107.14,114.4,167.75,122.21,23.87,13.2,8.25,8.25,10.23,345.95,468.16
77.2646,0.0,4.84,2.75,14.19,18.04,83.38,30.36,127.05,99.44,159.5,122.21,47.74,21.45,8.25,12.32,13.2,280.61,484.11
77.2746,0.0,4.84,2.75,10.56,13.86,31.46,24.53,93.72,88.77,157.85,122.21,69.08,34.76,11.77,12.32,16.06,181.72,512.82
77.2846,0.0,4.84,0.0,5.83,11.11,20.9,18.81,53.79,84.7,159.5,122.21,87.01,47.96,12.98,15.18,17.6,115.28,547.14
77.2946,0.0,3.19,0.0,4.73,5.5,15.73,14.41,34.43,82.06,159.5,125.29,97.46,59.51,12.98,16.5,17.6,77.99,570.9
77.3046,0.0,3.19,0.0,4.73,5.5,11.77,8.69,22.0,76.67,157.85,123.75,109.34,65.67,16.61,15.18,17.6,55.88,582.67
77.3146,0.0,3.19,0.0,4.73,5.5,7.81,7.15,9.57,72.6,154.55,120.67,118.69,73.37,15.4,17.93,20.46,37.95,593.67
77.3246,0.0,0.0,0.0,4.73,4.18,6.49,4.29,0.0,68.64,149.6,116.05,126.61,79.64,15.4,19.25,20.46,19.69,595.65
77.3346,0.0,0.0,0.0,4.73,2.75,6.49,5.72,0.0,61.93,143.0,106.81,131.34,82.72,17.71,19.25,22.0,19.69,584.76
77.3446,0.0,0.0,0.0,4.73,2.75,6.49,2.86,2.75,56.65,131.56,97.46,140.8,85.8,17.71,20.68,23.43,19.58,574.09
77.3546,0.0,3.19,0.0,3.52,4.18,3.85,4.29,2.75,51.7,124.96,85.03,145.53,87.34,18.92,19.25,23.43,21.78,556.16
77.3646,0.0,0.0,0.0,3.52,2.75,5.17,4.29,2.75,46.86,111.76,75.79,151.8,91.96,18.92,19.25,23.43,18.48,539.77
77.3746,0.0,0.0,0.0,0.0,2.75,5.17,4.29,2.75,41.91,102.52,64.9,153.45,95.04,20.13,19.25,23.43,14.96,520.63
77.3846,0.0,0.0,0.0,2.31,0.0,5.17,2.86,0.0,36.96,90.2,55.77,159.72,96.69,20.13,22.0,24.86,10.34,506.33
77.3946,0.0,0.0,0.0,3.52,0.0,2.53,2.86,2.75,32.01,80.96,47.19,167.75,96.69,18.92,20.68,24.86,11.66,489.06
77.4046,0.0,0.0,0.0,2.31,0.0,2.53,2.86,0.0,28.27,70.18,40.04,172.92,99.77,20.13,22.0,26.4,7.7,479.71
77.4146,0.0,0.0,0.0,0.0,0.0,3.85,2.86,2.75,24.64,60.94,32.89,181.61,102.85,21.34,22.0,24.86,9.46,471.13
77.4246,0.0,0.0,0.0,2.31,0.0,0.0,0.0,0.0,20.9,51.15,27.17,186.78,105.93,21.34,24.75,27.83,2.31,465.85
77.4346,0.0,0.0,0.0,2.31,0.0,2.53,0.0,0.0,18.48,42.9,22.88,197.12,110.55,23.65,23.43,26.4,4.84,465.41
77.4446,0.0,0.0,0.0,0.0,0.0,3.85,0.0,2.75,15.95,36.3,18.59,207.46,113.63,23.65,27.5,29.26,6.6,472.34
77.4546,0.0,0.0,0.0,0.0,0.0,2.53,0.0,0.0,14.74,28.05,14.3,217.91,118.47,26.07,27.5,29.26,2.53,476.3
77.4646,0.0,0.0,0.0,0.0,0.0,2.53,0.0,0.0,12.32,23.1,11.44,226.49,121.66,30.8,33.11,32.23,2.53,491.15
77.4746,0.0,0.0,0.0,0.0,0.0,0.0,0.0,0.0,11.0,16.5,10.01,235.29,126.61,36.74,35.86,33.66,0.0,505.67
77.4846,0.0,0.0,0.0,0.0,0.0,0.0,0.0,2.75,9.79,14.85,8.58,244.09,128.15,47.41,38.61,35.2,2.75,526.68
77.4946,0.0,0.0,0.0,0.0,0.0,2.53,0.0,0.0,7.37,9.9,7.15,254.54,131.45,58.74,45.54,36.63,2.53,551.32
77.5046,0.0,0.0,0.0,0.0,0.0,2.53,0.0,2.75,6.16,11.55,7.15,259.82,137.94,70.84,51.04,38.06,5.28,582.56
77.5146,0.0,0.0,0.0,0.0,0.0,0.0,0.0,2.75,3.63,6.6,5.72,266.86,142.78,85.91,59.4,36.63,2.75,607.53
77.5246,0.0,0.0,0.0,0.0,0.0,0.0,0.0,0.0,2.42,8.25,4.29,268.62,147.62,102.52,68.31,41.03,0.0,643.06
77.5346,0.0,0.0,0.0,0.0,0.0,0.0,0.0,2.75,0.0,4.95,4.29,272.14,150.92,113.08,80.3,42.46,2.75,668.14
77.5446,0.0,0.0,0.0,0.0,0.0,2.53,0.0,2.75,0.0,3.3,2.86,273.9,154.11,128.7,90.75,44.0,5.28,697.62
77.5546,0.0,0.0,0.0,0.0,0.0,0.0,0.0,2.75,0.0,6.6,2.86,272.14,157.41,147.84,99.66,46.86,2.75,733.37
77.5646,0.0,0.0,0.0,0.0,0.0,2.53,0.0,2.75,0.0,3.3,0.0,273.9,160.6,163.57,105.71,44.0,5.28,751.08
77.5746,0.0,0.0,0.0,0.0,0.0,2.53,0.0,0.0,0.0,4.95,2.86,266.86,160.6,177.43,113.19,46.86,2.53,772.75
77.5846,0.0,0.0,0.0,0.0,0.0,0.0,0.0,2.75,0.0,6.6,0.0,265.1,160.6,187.88,122.43,46.86,2.75,789.47
77.5946,0.0,0.0,0.0,0.0,0.0,0.0,0.0,2.75,0.0,3.3,0.0,254.54,157.41,199.98,127.05,42.46,2.75,784.74
77.6046,0.0,0.0,0.0,0.0,0.0,0.0,0.0,0.0,0.0,4.95,2.86,242.33,152.46,210.43,130.02,44.0,0.0,787.05
77.6146,0.0,0.0,0.0,0.0,0.0,0.0,0.0,2.75,0.0,4.95,2.86,230.01,145.97,219.12,136.18,44.0,2.75,783.09
77.6246,0.0,0.0,0.0,0.0,0.0,0.0,0.0,2.75,0.0,4.95,2.86,214.39,144.43,226.27,142.34,42.46,2.75,777.7
77.6346,0.0,0.0,0.0,0.0,0.0,0.0,0.0,2.75,0.0,4.95,0.0,202.29,139.59,233.53,146.96,44.0,2.75,771.32
77.6446,6.82,0.0,0.0,0.0,0.0,0.0,0.0,2.75,0.0,3.3,0.0,185.02,134.64,242.66,149.93,44.0,9.57,759.55
77.6546,10.23,0.0,0.0,2.31,0.0,0.0,0.0,2.75,0.0,0.0,2.86,166.1,131.45,250.03,151.47,44.0,15.29,745.91
77.6646,20.57,0.0,0.0,0.0,0.0,0.0,0.0,0.0,0.0,4.95,0.0,147.07,128.15,257.29,156.09,44.0,20.57,737.55
77.6746,41.25,0.0,0.0,0.0,0.0,0.0,0.0,0.0,0.0,0.0,0.0,132.88,120.12,262.79,157.63,42.46,41.25,715.88
77.6846,75.68,0.0,0.0,2.31,0.0,0.0,0.0,0.0,0.0,4.95,2.86,118.69,105.93,268.29,156.09,41.03,77.99,697.84
77.6946,122.43,0.0,0.0,3.52,2.75,2.53,0.0,0.0,0.0,0.0,2.86,100.43,93.5,273.79,153.01,41.03,131.23,664.62
77.7046,176.77,29.15,6.82,3.52,5.5,3.85,2.86,0.0,0.0,4.95,2.86,84.04,70.29,281.27,140.8,39.6,228.47,623.81
77.7146,176.77,96.03,84.26,5.83,9.68,5.17,2.86,4.07,0.0,3.3,2.86,60.17,47.96,285.01,123.97,39.6,384.67,562.87
77.7246,167.86,109.12,130.24,18.92,12.54,5.17,5.72,6.82,0.0,4.95,2.86,33.44,39.71,268.29,84.81,39.6,456.39,473.66
77.7346,169.62,115.72,144.98,31.9,29.26,6.49,7.15,8.25,0.0,0.0,0.0,31.79,36.41,203.5,42.68,44.0,513.37,358.38
77.7446,157.3,114.07,144.98,44.88,50.16,7.81,8.69,9.57,0.0,3.3,2.86,30.25,33.11,144.32,27.5,61.82,537.46,303.16
77.7546,148.61,115.72,141.68,57.97,58.63,7.81,8.69,11.0,0.0,3.3,0.0,25.41,28.05,76.78,24.75,64.9,550.11,223.19
77.7646,143.33,115.72,141.68,67.98,70.4,9.13,10.12,12.32,0.0,4.95,2.86,20.68,23.1,40.26,22.0,51.26,570.68,165.11
77.7746,139.92,117.37,140.03,77.99,76.34,9.13,11.55,12.32,0.0,3.3,0.0,17.49,16.5,28.38,17.93,30.8,584.65,114.4
77.7846,138.16,119.13,136.73,83.71,83.71,9.13,11.55,13.75,0.0,3.3,0.0,9.46,8.25,16.61,13.75,23.43,595.87,74.8
77.7946,132.88,117.37,130.24,90.86,88.11,11.77,14.41,13.75,0.0,3.3,0.0,6.27,8.25,10.67,12.32,19.03,599.39,59.84
77.8046,127.6,114.07,126.94,95.15,92.51,10.45,18.81,15.18,0.0,3.3,0.0,6.27,4.95,9.46,8.25,5.83,600.71,38.06
77.8146,124.19,112.42,123.64,98.01,93.94,11.77,23.1,15.18,0.0,0.0,0.0,6.27,3.3,10.67,5.5,5.83,602.25,31.57
77.8246,118.91,107.47,120.34,100.87,98.34,11.77,24.53,15.18,0.0,3.3,0.0,6.27,0.0,8.25,2.75,4.4,597.41,24.97
77.8346,113.63,100.87,115.39,102.3,98.34,11.77,28.93,16.5,0.0,0.0,0.0,6.27,0.0,9.46,5.5,4.4,587.73,25.63
77.8446,108.46,96.03,109.12,103.73,99.88,10.45,28.93,16.5,0.0,0.0,0.0,4.73,0.0,8.25,5.5,4.4,573.1,22.88
77.8546,99.88,87.78,101.31,106.59,102.85,13.09,31.79,16.5,0.0,0.0,0.0,4.73,3.3,8.25,4.07,4.4,559.79,24.75
77.8645,94.71,82.94,91.96,112.42,102.85,13.09,33.22,16.5,0.0,0.0,0.0,4.73,0.0,7.04,5.5,4.4,547.69,21.67
77.8745,86.02,74.69,84.26,117.04,104.28,15.73,36.19,17.93,0.0,0.0,0.0,4.73,0.0,5.83,5.5,4.4,536.14,20.46
77.8845,77.44,66.55,76.45,121.66,105.71,17.05,40.48,19.25,0.0,0.0,0.0,0.0,0.0,5.83,5.5,4.4,524.59,15.73
77.8945,68.86,58.3,68.64,127.82,110.22,20.9,44.88,19.25,0.0,0.0,0.0,4.73,0.0,5.83,2.75,0.0,518.87,13.31
77.9045,61.93,51.81,62.48,130.9,115.28,26.18,50.6,20.68,0.0,0.0,0.0,3.08,0.0,7.04,0.0,2.86,519.86,12.98
77.9145,56.76,45.32,57.97,134.09,117.04,28.82,55.0,22.0,0.0,0.0,0.0,0.0,0.0,7.04,0.0,4.4,517.0,11.44
77.9245,49.94,38.83,52.47,138.71,123.86,34.1,60.83,22.0,0.0,3.3,0.0,3.08,0.0,4.73,2.75,0.0,520.74,13.86
77.9345,46.42,33.99,48.29,141.79,127.27,40.59,68.31,24.75,0.0,0.0,0.0,3.08,0.0,4.73,2.75,4.4,531.41,14.96
77.9445,41.25,29.15,44.11,143.33,134.09,45.87,72.71,23.43,0.0,0.0,0.0,0.0,0.0,4.73,2.75,4.4,533.94,11.88
77.9545,37.84,24.31,40.04,144.87,139.15,52.47,81.73,26.18,0.0,0.0,0.0,3.08,0.0,5.83,0.0,2.86,546.59,11.77
77.9645,32.67,19.36,37.29,147.95,147.73,59.29,89.21,27.5,0.0,0.0,0.0,0.0,0.0,5.83,2.75,2.86,561.0,11.44
77.9745,30.91,14.52,31.68,149.49,154.55,66.33,98.12,28.93,0.0,0.0,0.0,3.08,0.0,5.83,0.0,4.4,574.53,13.31
77.9845,27.5,11.33,28.93,152.68,161.37,73.48,108.57,30.36,0.0,0.0,0.0,0.0,0.0,5.83,2.75,4.4,594.22,12.98
77.9945,24.09,8.03,24.86,155.76,168.19,83.38,116.27,31.68,0.0,0.0,0.0,0.0,0.0,5.83,0.0,2.86,612.26,8.69
78.0045,20.57,6.38,19.25,158.84,175.12,90.42,130.68,33.11,0.0,0.0,0.0,0.0,0.0,4.73,2.75,0.0,634.37,7.48
78.0145,17.16,6.38,16.5,161.92,182.05,101.75,142.01,34.43,0.0,0.0,0.0,0.0,0.0,4.73,2.75,2.86,662.2,10.34
78.0245,15.4,6.38,13.75,165.0,189.09,110.22,151.58,35.86,0.0,0.0,0.0,0.0,0.0,3.52,2.75,4.4,687.28,10.67
78.0345,13.75,6.38,12.43,166.54,192.61,122.32,164.45,37.18,0.0,0.0,0.0,0.0,0.0,4.73,0.0,2.86,715.66,7.59
78.0445,11.99,6.38,12.43,166.54,196.02,136.07,174.24,39.93,0.0,0.0,0.0,0.0,0.0,4.73,2.75,2.86,743.6,10.34
78.0545,8.58,4.84,9.57,169.73,199.54,148.39,186.56,41.36,0.0,0.0,0.0,0.0,0.0,3.52,0.0,2.86,768.57,6.38
78.0645,5.06,4.84,6.82,169.73,199.54,160.6,198.77,39.93,0.0,0.0,0.0,0.0,0.0,4.73,0.0,2.86,785.29,7.59
78.0745,3.41,4.84,6.82,165.0,196.02,173.36,209.33,42.68,0.0,0.0,0.0,0.0,0.0,3.52,0.0,2.86,801.46,6.38
78.0845,0.0,3.19,4.07,158.84,187.33,184.91,216.37,42.68,0.0,0.0,0.0,0.0,0.0,4.73,0.0,2.86,797.39,7.59
78.0945,0.0,3.19,4.07,147.95,178.64,199.87,230.12,44.11,0.0,0.0,0.0,0.0,0.0,4.73,0.0,2.86,807.95,7.59
78.1045,0.0,3.19,2.75,137.17,169.84,209.88,236.94,45.54,0.0,0.0,0.0,0.0,0.0,2.31,0.0,2.86,805.31,5.17
78.1145,0.0,3.19,4.07,123.2,161.37,219.78,245.52,45.54,2.42,0.0,0.0,0.0,0.0,2.31,0.0,4.4,802.67,9.13
78.1245,0.0,3.19,4.07,110.88,149.38,228.14,248.93,45.54,3.63,0.0,0.0,0.0,0.0,2.31,0.0,0.0,790.13,5.94
78.1345,0.0,3.19,0.0,96.58,139.15,236.39,253.99,45.54,9.79,0.0,0.0,0.0,0.0,3.52,0.0,0.0,774.84,13.31
78.1445,0.0,3.19,4.07,83.71,127.27,242.99,260.81,48.29,20.9,0.0,0.0,0.0,0.0,0.0,0.0,0.0,770.33,20.9
78.1545,0.0,3.19,2.75,67.98,115.28,246.29,264.22,49.61,36.96,0.0,0.0,0.0,0.0,3.52,0.0,0.0,749.32,40.48
78.1645,0.0,3.19,2.75,55.55,101.31,247.94,264.22,51.04,60.61,3.3,0.0,0.0,0.0,2.31,0.0,0.0,726.0,66.22
78.1745,0.0,0.0,2.75,42.57,83.71,253.0,259.05,52.36,98.12,0.0,2.86,0.0,0.0,3.52,0.0,2.86,693.44,107.36
78.1845,0.0,3.19,2.75,29.48,64.57,249.59,247.17,56.54,132.77,59.4,10.01,4.73,0.0,2.31,0.0,2.86,653.29,212.08
78.1945,0.0,3.19,2.75,17.71,40.37,239.69,230.12,59.4,127.16,121.66,74.25,4.73,4.95,5.83,2.75,4.4,593.23,345.73
78.2045,0.0,3.19,2.75,14.19,30.58,196.57,170.94,72.82,120.01,141.35,106.81,7.92,6.6,7.04,0.0,4.4,491.04,394.13
78.2145,0.0,4.84,2.75,12.98,26.4,140.69,104.06,99.66,122.87,156.2,117.59,17.49,13.2,7.04,8.25,8.8,391.38,451.44
78.2245,0.0,4.84,2.75,9.46,20.9,91.85,49.17,148.72,114.4,154.55,122.21,36.63,26.4,10.67,8.25,11.66,327.69,484.77
78.2345,0.0,4.84,0.0,7.04,18.04,34.1,28.93,154.88,108.79,157.85,126.83,52.58,43.01,11.77,9.57,13.2,247.83,523.6
78.2445,0.0,3.19,4.07,5.83,15.29,24.86,26.07,93.72,108.79,162.8,134.42,64.68,54.56,11.77,12.32,14.63,173.03,563.97
78.2545,0.0,3.19,0.0,3.52,9.68,18.26,20.24,52.36,108.79,166.1,142.12,73.59,62.59,12.98,13.75,16.06,107.25,595.98
78.2645,0.0,3.19,2.75,3.52,6.93,11.77,12.98,31.68,107.47,169.4,146.74,73.59,68.75,12.98,13.75,14.63,72.82,607.31
78.2745,0.0,0.0,0.0,2.31,4.18,9.13,11.55,16.5,104.83,167.75,149.82,81.07,73.37,12.98,15.18,17.6,43.67,622.6
78.2845,0.0,0.0,0.0,2.31,5.5,7.81,7.15,4.07,103.51,169.4,148.28,85.58,74.91,14.19,13.75,17.6,26.84,627.22
78.2945,0.0,3.19,0.0,3.52,4.18,5.17,7.15,2.75,98.12,166.1,146.74,85.58,79.64,14.19,12.32,14.63,25.96,617.32
78.3045,0.0,0.0,2.75,2.31,4.18,5.17,7.15,2.75,91.41,159.5,140.58,91.52,82.72,14.19,13.75,17.6,24.31,611.27
78.3145,0.0,0.0,0.0,2.31,2.75,3.85,4.29,2.75,84.7,149.6,131.45,94.49,85.8,14.19,13.75,16.06,15.95,590.04
78.3245,0.0,0.0,2.75,2.31,2.75,5.17,5.72,2.75,76.67,141.35,125.29,99.0,87.34,14.19,13.75,17.6,21.45,575.19
78.3345,0.0,0.0,0.0,2.31,2.75,3.85,4.29,2.75,68.64,129.91,114.51,101.97,90.42,14.19,16.5,19.03,15.95,555.17
78.3445,0.0,0.0,0.0,0.0,2.75,3.85,4.29,2.75,61.93,120.01,105.27,106.37,93.5,12.98,16.5,20.46,13.64,537.02
78.3545,0.0,0.0,0.0,2.31,4.18,2.53,4.29,2.75,55.44,108.68,95.92,107.91,95.04,15.4,15.18,19.03,16.06,512.6
78.3645,0.0,0.0,0.0,2.31,2.75,2.53,2.86,0.0,49.28,97.9,88.22,117.15,95.04,15.4,17.93,20.46,10.45,501.38
78.3745,0.0,0.0,0.0,0.0,0.0,3.85,4.29,2.75,44.33,87.12,80.41,121.88,101.31,16.61,17.93,20.46,10.89,490.05
78.3845,0.0,0.0,0.0,0.0,0.0,2.53,2.86,0.0,39.38,79.42,74.25,124.96,104.39,16.61,19.25,20.46,5.39,478.72
78.3945,0.0,0.0,0.0,0.0,0.0,2.53,2.86,0.0,34.43,68.64,67.98,132.88,110.55,18.92,17.93,20.46,5.39,471.79
78.4045,0.0,0.0,0.0,0.0,2.75,2.53,2.86,0.0,29.59,62.48,61.82,142.34,116.82,18.92,19.25,23.43,8.14,474.65
78.4145,0.0,0.0,0.0,0.0,0.0,2.53,2.86,2.75,25.85,56.1,55.77,147.07,121.66,20.13,20.68,23.43,8.14,470.69
78.4245,0.0,0.0,0.0,0.0,0.0,0.0,0.0,0.0,20.9,46.2,50.05,161.26,133.1,20.13,24.75,26.4,0.0,482.79
78.4345,0.0,0.0,0.0,0.0,0.0,0.0,0.0,0.0,18.48,37.95,42.9,171.27,141.13,23.65,26.18,27.83,0.0,489.39
78.4445,0.0,0.0,0.0,0.0,0.0,0.0,0.0,2.75,15.95,33.0,38.61,183.37,150.92,24.86,31.68,29.26,2.75,507.65
78.4545,0.0,0.0,0.0,0.0,0.0,0.0,0.0,0.0,12.32,26.4,32.89,197.12,158.95,28.38,41.36,30.8,0.0,528.22
78.4645,0.0,0.0,0.0,0.0,0.0,0.0,0.0,2.75,11.0,18.15,25.74,205.81,168.74,36.74,51.04,33.66,2.75,550.88
78.4745,0.0,0.0,0.0,0.0,0.0,0.0,0.0,2.75,9.79,14.85,20.02,216.15,172.15,46.2,59.4,35.2,2.75,573.76
78.4845,0.0,0.0,0.0,0.0,0.0,0.0,0.0,0.0,8.58,13.2,14.3,223.08,182.93,55.77,71.39,38.06,0.0,607.31
78.4945,0.0,0.0,0.0,0.0,0.0,0.0,0.0,0.0,7.37,11.55,10.01,228.25,191.95,75.35,80.3,38.06,0.0,642.84
78.5045,0.0,0.0,0.0,0.0,0.0,0.0,0.0,2.75,6.16,8.25,8.58,237.05,199.21,88.88,95.26,41.03,2.75,684.42
78.5145,0.0,0.0,2.75,0.0,0.0,0.0,0.0,2.75,3.63,8.25,7.15,242.33,204.6,102.52,102.74,44.0,5.5,715.22
78.5245,0.0,0.0,0.0,0.0,0.0,0.0,0.0,0.0,2.42,8.25,5.72,245.85,208.12,120.01,111.65,42.46,0.0,744.48
78.5345,0.0,0.0,2.75,0.0,0.0,0.0,0.0,0.0,0.0,4.95,5.72,249.37,211.75,133.87,122.43,45.43,2.75,773.52
78.5445,0.0,0.0,0.0,0.0,0.0,0.0,0.0,2.75,0.0,6.6,4.29,249.37,209.99,153.12,128.59,46.86,2.75,798.82
78.5545,0.0,0.0,2.75,0.0,0.0,0.0,0.0,0.0,0.0,6.6,0.0,247.61,208.12,170.5,133.1,46.86,2.75,812.79
78.5645,0.0,0.0,0.0,0.0,0.0,0.0,0.0,0.0,0.0,3.3,2.86,242.33,200.97,182.6,139.26,45.43,0.0,816.75
78.5745,0.0,0.0,0.0,0.0,0.0,0.0,0.0,0.0,0.0,4.95,2.86,233.53,188.32,194.81,140.8,45.43,0.0,810.7
78.5845,3.41,0.0,0.0,0.0,0.0,0.0,0.0,0.0,0.0,4.95,2.86,216.15,177.54,205.26,148.39,44.0,3.41,799.15
78.5945,6.82,0.0,0.0,0.0,0.0,0.0,0.0,0.0,0.0,4.95,2.86,198.88,165.44,219.12,149.93,42.46,6.82,783.64
78.6045,10.23,0.0,0.0,0.0,0.0,0.0,0.0,0.0,0.0,4.95,0.0,176.44,155.76,228.03,154.55,44.0,10.23,763.73
78.6145,13.75,0.0,0.0,0.0,0.0,0.0,0.0,0.0,0.0,4.95,2.86,158.18,147.62,239.03,160.71,45.43,13.75,758.78
78.6245,27.5,0.0,0.0,0.0,0.0,0.0,0.0,0.0,0.0,4.95,4.29,134.42,144.43,248.16,162.25,45.43,27.5,743.93
78.6345,46.42,0.0,0.0,0.0,0.0,0.0,0.0,0.0,0.0,4.95,2.86,118.69,137.94,253.66,162.25,41.03,46.42,721.38
78.6445,75.68,0.0,0.0,0.0,2.75,0.0,0.0,0.0,0.0,4.95,2.86,101.97,131.45,257.29,166.87,42.46,78.43,707.85
78.6545,113.63,0.0,0.0,2.31,4.18,0.0,0.0,0.0,0.0,4.95,2.86,84.04,120.12,259.16,166.87,39.6,120.12,677.6
78.6645,169.62,3.19,4.07,3.52,2.75,0.0,0.0,0.0,0.0,0.0,0.0,66.11,105.93,259.16,163.79,41.03,183.15,636.02
78.6745,182.16,84.48,59.4,5.83,8.36,2.53,4.29,2.75,0.0,3.3,2.86,46.2,81.18,255.53,156.09,36.63,349.8,581.79
78.6845,175.01,105.82,113.85,8.25,12.54,5.17,5.72,5.5,0.0,4.95,0.0,31.79,46.31,242.66,136.18,36.63,431.86,498.52
78.6945,173.14,109.12,128.59,14.19,16.72,6.49,7.15,6.82,0.0,4.95,2.86,28.6,39.71,189.64,83.27,38.06,462.22,387.09
78.7045,162.58,109.12,130.24,28.38,34.76,5.17,8.69,9.57,0.0,4.95,0.0,27.06,34.76,133.87,39.93,57.2,488.51,297.77
78.7145,155.54,112.42,131.89,43.67,47.3,7.81,8.69,9.57,0.0,3.3,0.0,23.87,28.05,69.3,23.43,93.94,516.89,241.89
78.7245,153.89,117.37,133.43,55.55,55.77,7.81,10.12,11.0,0.0,6.6,0.0,19.03,24.75,32.01,22.0,90.97,544.94,195.36
78.7345,152.13,120.78,133.43,63.69,63.03,9.13,10.12,11.0,0.0,4.95,2.86,12.65,16.5,23.65,19.25,58.74,563.31,138.6
78.7445,152.13,120.78,136.73,70.84,68.97,7.81,11.55,12.32,0.0,0.0,0.0,9.46,9.9,15.4,13.75,35.2,581.13,83.71
78.7545,150.37,124.08,138.38,77.99,73.37,9.13,11.55,12.32,0.0,4.95,0.0,4.73,8.25,11.77,9.57,23.43,597.19,62.7
78.7645,148.61,125.84,140.03,80.85,76.34,7.81,11.55,12.32,0.0,3.3,0.0,4.73,6.6,11.77,5.5,10.23,603.35,42.13
78.7745,146.85,124.08,135.08,83.71,80.74,9.13,11.55,13.75,0.0,0.0,0.0,4.73,3.3,9.46,6.82,7.26,604.89,31.57
78.7845,141.57,122.43,133.43,86.57,82.17,9.13,11.55,13.75,0.0,3.3,0.0,0.0,3.3,9.46,6.82,5.83,600.6,28.71
78.7945,134.64,115.72,126.94,90.86,83.71,9.13,12.98,13.75,0.0,3.3,0.0,4.73,0.0,9.46,2.75,4.4,587.73,24.64
78.8045,129.36,110.77,120.34,92.29,83.71,9.13,11.55,12.32,0.0,3.3,0.0,4.73,0.0,7.04,4.07,5.83,569.47,24.97
78.8145,120.67,104.17,112.2,93.72,86.57,10.45,12.98,13.75,0.0,0.0,0.0,4.73,3.3,7.04,5.5,5.83,554.51,26.4
78.8245,113.63,96.03,104.5,98.01,86.57,9.13,12.98,13.75,0.0,3.3,0.0,3.08,3.3,8.25,2.75,5.83,534.6,26.51
78.8345,105.05,87.78,93.61,102.3,89.54,9.13,14.41,13.75,0.0,0.0,0.0,3.08,3.3,7.04,5.5,5.83,515.57,24.75
78.8445,96.36,79.64,87.34,105.16,91.08,10.45,15.84,13.75,0.0,0.0,0.0,3.08,0.0,7.04,4.07,4.4,499.62,18.59
78.8545,87.78,73.04,79.53,110.88,93.94,11.77,15.84,16.5,0.0,3.3,0.0,0.0,3.3,5.83,2.75,5.83,489.28,21.01
78.8645,80.85,66.55,71.83,117.04,96.91,11.77,20.24,16.5,0.0,0.0,0.0,3.08,0.0,5.83,4.07,5.83,481.69,18.81
78.8745,72.27,59.95,67.1,121.66,99.88,10.45,20.24,17.93,0.0,0.0,0.0,3.08,3.3,4.73,4.07,5.83,469.48,21.01
78.8845,68.86,56.65,60.94,129.36,104.28,14.41,26.07,17.93,0.0,0.0,0.0,3.08,0.0,4.73,0.0,4.4,478.5,12.21
78.8945,61.93,50.16,56.54,134.09,107.25,14.41,30.36,19.25,0.0,0.0,0.0,0.0,0.0,5.83,2.75,4.4,473.99,12.98
78.9045,56.76,45.32,51.04,140.25,113.63,20.9,36.19,20.68,0.0,0.0,0.0,3.08,0.0,5.83,0.0,2.86,484.77,11.77
78.9145,49.94,38.83,46.86,146.41,120.45,26.18,43.45,22.0,0.0,0.0,0.0,0.0,0.0,5.83,0.0,5.83,494.12,11.66
78.9245,46.42,33.99,42.79,154.22,125.51,32.78,49.17,23.43,0.0,0.0,0.0,0.0,0.0,4.73,0.0,4.4,508.31,9.13
78.9345,41.25,29.15,40.04,157.3,132.33,40.59,59.4,24.75,0.0,0.0,0.0,0.0,0.0,4.73,2.75,4.4,524.81,11.88
78.9445,37.84,24.31,35.86,163.46,139.15,48.51,66.77,26.18,0.0,0.0,0.0,0.0,0.0,4.73,2.75,4.4,542.08,11.88
78.9545,32.67,17.82,31.68,168.19,149.38,59.29,75.79,27.5,0.0,0.0,0.0,0.0,0.0,4.73,2.75,2.86,562.32,10.34
78.9645,29.26,14.52,27.61,173.03,154.55,69.19,89.21,30.36,0.0,0.0,0.0,0.0,0.0,5.83,0.0,2.86,587.73,8.69
78.9745,27.5,9.68,22.0,176.22,163.02,80.52,101.09,31.68,0.0,0.0,0.0,0.0,0.0,3.52,2.75,4.4,611.71,10.67
78.9845,24.09,8.03,16.5,182.71,169.84,91.85,111.54,33.11,0.0,0.0,0.0,0.0,0.0,4.73,2.75,4.4,637.67,11.88
78.9945,20.57,6.38,15.18,187.55,176.88,101.75,121.11,34.43,0.0,0.0,0.0,0.0,0.0,3.52,2.75,4.4,663.85,10.67
79.0045,17.16,8.03,13.75,189.2,182.05,114.62,135.52,37.18,0.0,0.0,0.0,0.0,0.0,2.31,2.75,4.4,697.51,9.46
79.0145,13.75,6.38,12.43,194.04,185.57,128.48,145.2,37.18,0.0,0.0,0.0,0.0,0.0,4.73,0.0,4.4,723.03,9.13
79.0245,11.99,6.38,11.0,197.23,190.85,142.23,158.07,39.93,0.0,0.0,0.0,0.0,0.0,3.52,0.0,4.4,757.68,7.92
79.0345,8.58,4.84,9.57,200.53,194.26,157.52,169.29,41.36,0.0,0.0,0.0,0.0,0.0,3.52,2.75,2.86,785.95,9.13
79.0445,3.41,4.84,5.5,202.18,196.02,168.41,184.8,42.68,2.42,3.3,0.0,0.0,0.0,3.52,0.0,4.4,807.84,13.64
79.0545,0.0,4.84,5.5,198.88,190.85,184.91,197.12,42.68,2.42,0.0,2.86,0.0,0.0,2.31,2.75,4.4,824.78,14.74
79.0645,0.0,4.84,5.5,195.69,187.33,199.87,204.05,42.68,2.42,0.0,0.0,0.0,0.0,2.31,0.0,4.4,839.96,9.13
79.0745,0.0,3.19,4.07,185.9,175.12,209.88,214.61,45.54,3.63,3.3,0.0,0.0,0.0,2.31,0.0,2.86,838.31,12.1
79.0845,0.0,3.19,4.07,171.38,164.78,221.43,223.41,45.54,6.16,0.0,0.0,0.0,0.0,3.52,0.0,2.86,833.8,12.54
79.0945,0.0,3.19,2.75,151.14,152.79,231.44,228.47,46.86,14.74,0.0,0.0,0.0,0.0,2.31,0.0,0.0,816.64,17.05
79.1045,0.0,3.19,4.07,127.82,139.15,239.69,236.94,46.86,28.27,0.0,0.0,0.0,0.0,2.31,0.0,2.86,797.72,33.44
79.1145,0.0,3.19,2.75,105.16,125.51,242.99,240.35,46.86,44.33,0.0,0.0,0.0,0.0,2.31,0.0,2.86,766.81,49.5
79.1245,0.0,4.84,0.0,86.57,110.22,249.59,242.11,48.29,67.32,3.3,0.0,0.0,0.0,2.31,0.0,0.0,741.62,72.93
79.1345,0.0,3.19,2.75,66.55,95.48,251.35,242.11,51.04,103.51,3.3,2.86,0.0,0.0,2.31,0.0,2.86,712.47,114.84
79.1445,0.0,4.84,2.75,47.3,76.34,249.59,236.94,52.36,131.34,74.8,14.3,4.73,3.3,2.31,2.75,2.86,670.12,236.39
79.1545,0.0,3.19,4.07,25.96,52.91,246.29,226.71,56.54,125.73,126.61,75.79,7.92,4.95,5.83,4.07,0.0,615.67,350.9
79.1645,0.0,3.19,2.75,17.71,30.58,218.13,190.08,63.91,115.83,139.7,99.0,6.27,6.6,5.83,4.07,4.4,526.35,381.7
79.1745,0.0,4.84,2.75,15.29,25.08,155.98,117.81,80.3,115.83,151.25,105.27,7.92,9.9,8.25,6.82,7.26,402.05,412.5
79.1845,0.0,4.84,2.75,12.98,22.22,105.93,57.86,120.89,107.47,149.6,106.81,23.87,18.15,8.25,9.57,10.23,327.47,433.95
79.1945,0.0,4.84,2.75,9.46,18.04,45.87,28.93,153.34,100.76,151.25,109.89,39.82,33.11,10.67,12.32,13.2,263.23,471.02
79.2045,0.0,4.84,0.0,7.04,15.29,24.86,21.67,107.14,100.76,156.2,116.05,52.58,41.36,11.77,12.32,13.2,180.84,504.24
79.2145,0.0,4.84,2.75,4.73,11.11,18.26,20.24,53.79,99.44,161.15,122.21,58.74,51.26,11.77,11.0,13.2,115.72,528.77
79.2245,0.0,3.19,2.75,2.31,6.93,11.77,12.98,34.43,96.8,159.5,126.83,69.08,61.05,14.19,11.0,14.63,74.36,553.08
79.2345,0.0,3.19,0.0,3.52,6.93,10.45,10.12,20.68,92.73,159.5,128.37,76.56,65.67,12.98,13.75,16.06,54.89,565.62
79.2445,0.0,3.19,0.0,3.52,4.18,7.81,7.15,9.57,91.41,161.15,128.37,82.5,70.29,12.98,15.18,16.06,35.42,577.94
79.2545,0.0,3.19,0.0,2.31,5.5,3.85,5.72,2.75,86.02,159.5,125.29,85.58,78.1,12.98,15.18,16.06,23.32,578.71
79.2645,0.0,0.0,0.0,3.52,2.75,3.85,5.72,2.75,80.74,152.9,119.13,91.52,84.26,15.4,16.5,17.6,18.59,578.05
79.2745,0.0,0.0,0.0,2.31,4.18,5.17,4.29,2.75,74.03,143.0,113.08,99.0,87.34,14.19,17.93,14.63,18.7,563.2
79.2845,0.0,0.0,0.0,2.31,2.75,3.85,5.72,2.75,67.32,134.86,105.27,104.94,91.96,14.19,17.93,19.03,17.38,555.5
79.2944,0.0,0.0,0.0,0.0,2.75,3.85,4.29,0.0,61.93,128.26,97.46,107.91,91.96,16.61,17.93,22.0,10.89,544.06
79.3044,0.0,0.0,0.0,2.31,2.75,3.85,2.86,2.75,56.65,118.36,86.68,118.69,96.69,16.61,19.25,20.46,14.52,533.39
79.3144,0.0,0.0,0.0,0.0,2.75,2.53,2.86,2.75,49.28,105.6,78.87,121.88,101.31,17.71,19.25,22.0,10.89,515.9
79.3244,0.0,0.0,0.0,2.31,2.75,3.85,2.86,2.75,45.54,97.9,74.25,131.34,102.85,16.61,20.68,23.43,14.52,512.6
79.3344,0.0,0.0,0.0,0.0,0.0,2.53,4.29,2.75,39.38,87.12,67.98,137.61,110.55,17.71,20.68,24.86,9.57,505.89
79.3444,0.0,0.0,0.0,2.31,0.0,0.0,0.0,0.0,34.43,76.34,63.36,143.99,118.47,17.71,22.0,23.43,2.31,499.73
79.3544,0.0,0.0,0.0,0.0,2.75,2.53,2.86,0.0,30.8,67.1,57.2,150.26,123.31,20.13,20.68,23.43,8.14,492.91
79.3644,0.0,0.0,0.0,0.0,2.75,2.53,2.86,0.0,25.85,57.75,52.91,156.53,131.45,21.34,23.43,26.4,8.14,495.66
79.3744,0.0,0.0,0.0,0.0,0.0,2.53,0.0,0.0,22.11,47.85,45.76,166.1,139.59,22.44,24.75,27.83,2.53,496.43
79.3844,0.0,0.0,0.0,0.0,0.0,0.0,0.0,0.0,18.48,39.6,38.61,179.85,147.62,24.86,28.93,26.4,0.0,504.35
79.3944,0.0,0.0,0.0,0.0,0.0,2.53,0.0,0.0,15.95,34.65,34.32,191.95,155.76,24.86,37.18,32.23,2.53,526.9
79.4044,0.0,0.0,0.0,0.0,0.0,2.53,2.86,0.0,12.32,28.05,27.17,202.29,162.25,33.22,45.54,35.2,5.39,546.04
79.4144,0.0,0.0,0.0,0.0,0.0,0.0,0.0,0.0,9.79,18.15,21.45,210.98,170.39,42.68,52.36,35.2,0.0,561.0
79.4244,0.0,0.0,0.0,0.0,0.0,2.53,0.0,0.0,8.58,14.85,14.3,219.56,177.54,53.35,62.37,38.06,2.53,588.61
79.4344,0.0,0.0,0.0,0.0,0.0,0.0,0.0,0.0,7.37,11.55,12.87,226.49,182.93,66.22,71.39,39.6,0.0,618.42
79.4444,0.0,0.0,0.0,0.0,0.0,0.0,0.0,2.75,7.37,11.55,11.44,231.77,190.19,79.86,84.81,42.46,2.75,659.45
79.4544,0.0,0.0,0.0,0.0,0.0,0.0,0.0,0.0,4.84,8.25,8.58,238.81,193.71,94.93,92.29,44.0,0.0,685.41
79.4644,0.0,0.0,2.75,0.0,0.0,0.0,0.0,2.75,3.63,6.6,5.72,244.09,199.21,105.49,104.17,45.43,5.5,714.34
79.4744,0.0,0.0,0.0,0.0,0.0,0.0,0.0,2.75,2.42,4.95,5.72,245.85,199.21,121.77,113.19,46.86,2.75,739.97
79.4844,0.0,0.0,0.0,0.0,0.0,0.0,0.0,0.0,0.0,6.6,4.29,247.61,200.97,137.39,117.81,48.4,0.0,763.07
79.4944,0.0,0.0,0.0,0.0,0.0,0.0,0.0,0.0,0.0,4.95,4.29,249.37,200.97,154.77,125.51,48.4,0.0,788.26
79.5044,0.0,0.0,0.0,0.0,0.0,0.0,0.0,2.75,0.0,6.6,4.29,244.09,199.21,166.98,130.02,49.83,2.75,801.02
79.5144,0.0,0.0,0.0,0.0,0.0,0.0,0.0,2.75,0.0,6.6,2.86,244.09,188.32,180.95,137.72,46.86,2.75,807.4
79.5244,0.0,0.0,0.0,0.0,0.0,0.0,0.0,2.75,0.0,4.95,2.86,235.29,181.17,193.05,142.34,46.86,2.75,806.52
79.5344,0.0,0.0,2.75,0.0,0.0,0.0,0.0,2.75,0.0,4.95,0.0,221.32,170.39,203.5,146.96,46.86,5.5,793.98
79.5444,0.0,0.0,0.0,0.0,0.0,0.0,0.0,2.75,0.0,4.95,2.86,207.46,165.44,215.6,148.39,45.43,2.75,790.13
79.5544,0.0,0.0,0.0,0.0,0.0,0.0,0.0,2.75,0.0,3.3,2.86,193.71,155.76,222.64,154.55,46.86,2.75,779.68
79.5644,3.41,0.0,0.0,0.0,0.0,0.0,0.0,2.75,0.0,4.95,2.86,174.68,149.27,231.77,157.63,45.43,6.16,766.59
79.5744,6.82,0.0,0.0,0.0,0.0,0.0,0.0,2.75,0.0,4.95,2.86,158.18,144.43,240.9,157.63,45.43,9.57,754.38
79.5844,13.75,0.0,0.0,0.0,0.0,0.0,0.0,2.75,0.0,4.95,0.0,139.15,139.59,244.53,162.25,44.0,16.5,734.47
79.5944,25.74,0.0,0.0,0.0,0.0,0.0,0.0,2.75,0.0,0.0,0.0,123.42,133.1,250.03,165.33,45.43,28.49,717.31
79.6044,48.18,0.0,0.0,0.0,0.0,2.53,0.0,0.0,0.0,4.95,2.86,106.37,123.31,257.29,162.25,42.46,50.71,699.49
79.6144,80.85,0.0,0.0,2.31,2.75,0.0,0.0,0.0,0.0,3.3,2.86,89.98,112.09,259.16,160.71,41.03,85.91,669.13
79.6244,127.6,0.0,0.0,3.52,4.18,0.0,2.86,0.0,0.0,4.95,2.86,72.16,96.69,261.03,159.17,41.03,138.16,637.89
79.6344,180.4,45.32,12.43,3.52,6.93,3.85,0.0,2.75,0.0,3.3,2.86,50.93,71.83,262.79,151.47,39.6,255.2,582.78
79.6444,180.4,87.78,95.15,8.25,12.54,3.85,7.15,5.5,0.0,3.3,2.86,33.44,43.01,251.79,131.56,38.06,400.62,504.02
79.6544,173.14,97.68,130.24,18.92,20.9,6.49,5.72,8.25,0.0,0.0,0.0,28.6,39.71,199.98,75.79,39.6,461.34,383.68
79.6644,167.86,100.87,138.38,35.42,41.8,6.49,8.69,9.57,0.0,4.95,2.86,27.06,36.41,140.91,41.36,58.74,509.08,312.29
79.6744,153.89,100.87,140.03,52.03,61.6,9.13,10.12,11.0,0.0,3.3,2.86,23.87,26.4,79.86,24.75,90.97,538.67,252.01
79.6844,148.61,104.17,138.38,67.98,76.34,9.13,11.55,11.0,0.0,0.0,0.0,19.03,23.1,35.53,22.0,89.43,567.16,189.09
79.6944,145.09,105.82,140.03,80.85,86.57,10.45,12.98,13.75,0.0,3.3,0.0,15.84,18.15,26.07,17.93,61.82,595.54,143.11
79.7044,141.57,107.47,136.73,90.86,95.48,11.77,17.38,15.18,0.0,3.3,0.0,11.11,11.55,17.71,13.75,36.63,616.44,94.05
79.7144,139.92,107.47,138.38,99.44,101.31,10.45,21.67,16.5,0.0,3.3,0.0,6.27,8.25,11.77,13.75,24.86,635.14,68.2
79.7244,134.64,107.47,136.73,106.59,104.28,13.09,28.93,17.93,0.0,0.0,0.0,4.73,6.6,11.77,8.25,16.06,649.66,47.41
79.7344,131.12,105.82,133.43,112.42,107.25,14.41,33.22,19.25,0.0,0.0,0.0,4.73,4.95,9.46,6.82,7.26,656.92,33.22
79.7444,125.84,100.87,130.24,113.96,108.68,17.05,36.19,19.25,0.0,3.3,0.0,4.73,3.3,8.25,4.07,5.83,652.08,29.48
79.7544,120.67,96.03,125.29,118.58,110.22,17.05,39.05,20.68,0.0,0.0,0.0,3.08,3.3,9.46,5.5,5.83,647.57,27.17
79.7644,113.63,87.78,118.69,120.12,113.63,19.58,40.48,19.25,0.0,0.0,0.0,4.73,3.3,8.25,5.5,4.4,633.16,26.18
79.7744,106.7,81.29,110.66,120.12,115.28,19.58,44.88,19.25,0.0,0.0,0.0,4.73,0.0,8.25,5.5,5.83,617.76,24.31
79.7844,98.12,73.04,101.31,123.2,115.28,24.86,46.31,22.0,0.0,3.3,2.86,0.0,3.3,8.25,2.75,2.86,604.12,23.32
79.7944,89.54,66.55,91.96,126.28,118.69,26.18,50.6,22.0,0.0,3.3,0.0,0.0,3.3,7.04,5.5,7.26,591.8,26.4
79.8044,80.85,56.65,77.99,127.82,120.45,30.14,55.0,23.43,0.0,0.0,2.86,0.0,3.3,7.04,5.5,4.4,572.33,23.1
79.8144,74.03,50.16,68.64,132.55,122.1,32.78,56.43,22.0,0.0,0.0,0.0,0.0,0.0,7.04,2.75,5.83,558.69,15.62
79.8244,65.34,43.67,60.94,135.63,125.51,36.74,59.4,23.43,0.0,0.0,0.0,3.08,0.0,5.83,4.07,2.86,550.66,15.84
79.8344,58.52,35.64,51.04,138.71,127.27,40.59,63.8,23.43,0.0,0.0,0.0,0.0,0.0,4.73,4.07,2.86,539.0,11.66
79.8444,53.35,29.15,46.86,141.79,130.68,45.87,68.31,26.18,0.0,0.0,0.0,3.08,0.0,7.04,0.0,2.86,542.19,12.98
79.8544,46.42,24.31,40.04,144.87,134.09,49.83,72.71,27.5,0.0,0.0,0.0,3.08,0.0,5.83,0.0,2.86,539.77,11.77
79.8644,41.25,17.82,33.11,147.95,137.5,57.86,77.22,27.5,0.0,0.0,0.0,3.08,0.0,5.83,2.75,5.83,540.21,17.49
79.8744,37.84,14.52,27.61,149.49,142.56,63.58,86.13,28.93,0.0,0.0,0.0,0.0,0.0,5.83,2.75,4.4,550.66,12.98
79.8844,34.43,11.33,23.43,149.49,147.73,70.62,93.61,30.36,0.0,0.0,0.0,0.0,0.0,5.83,0.0,5.83,561.0,11.66
79.8944,30.91,8.03,19.25,151.14,152.79,77.66,101.09,28.93,0.0,0.0,0.0,0.0,0.0,4.73,0.0,5.83,569.8,10.56
79.9044,27.5,4.84,16.5,154.22,159.61,83.38,111.54,31.68,0.0,0.0,0.0,0.0,0.0,4.73,0.0,2.86,589.27,7.59
79.9144,22.33,4.84,15.18,154.22,166.43,91.85,121.11,33.11,0.0,0.0,0.0,0.0,0.0,4.73,4.07,4.4,609.07,13.2
79.9244,20.57,4.84,12.43,155.76,169.84,100.32,130.68,33.11,0.0,0.0,0.0,0.0,0.0,4.73,2.75,4.4,627.55,11.88
79.9344,17.16,4.84,13.75,158.84,175.12,108.79,140.36,35.86,0.0,0.0,0.0,0.0,0.0,3.52,2.75,4.4,654.72,10.67
79.9444,13.75,4.84,12.43,161.92,180.4,119.24,150.04,37.18,0.0,0.0,0.0,0.0,0.0,4.73,2.75,4.4,679.8,11.88
79.9544,13.75,4.84,11.0,165.0,185.57,130.02,161.26,38.61,0.0,0.0,0.0,0.0,0.0,2.31,2.75,2.86,710.05,7.92
79.9644,11.99,4.84,11.0,166.54,190.85,140.69,170.94,39.93,0.0,0.0,0.0,0.0,0.0,4.73,0.0,2.86,736.78,7.59
79.9744,8.58,4.84,6.82,168.19,192.61,152.9,181.28,42.68,0.0,0.0,0.0,0.0,0.0,2.31,2.75,4.4,757.9,9.46
79.9844,5.06,4.84,8.25,169.73,194.26,163.68,191.84,42.68,0.0,0.0,0.0,0.0,0.0,4.73,0.0,4.4,780.34,9.13
79.9944,3.41,3.19,5.5,168.19,196.02,176.66,200.53,44.11,0.0,3.3,0.0,0.0,0.0,3.52,2.75,2.86,797.61,12.43
80.0044,0.0,3.19,4.07,165.0,190.85,188.32,211.09,45.54,0.0,0.0,2.86,0.0,0.0,3.52,0.0,2.86,808.06,9.24
80.0144,0.0,3.19,4.07,157.3,183.81,198.22,219.89,46.86,2.42,0.0,0.0,0.0,0.0,3.52,2.75,2.86,813.34,11.55
80.0244,0.0,0.0,4.07,146.41,176.88,209.88,230.12,46.86,3.63,0.0,0.0,0.0,0.0,3.52,0.0,0.0,814.22,7.15
80.0344,0.0,3.19,4.07,132.55,168.19,216.48,236.94,48.29,3.63,0.0,0.0,0.0,0.0,2.31,2.75,2.86,809.71,11.55
80.0444,0.0,3.19,2.75,117.04,154.55,223.08,242.11,48.29,4.84,0.0,0.0,0.0,0.0,3.52,0.0,4.4,791.01,12.76
80.0544,0.0,3.19,2.75,100.87,144.32,229.79,247.17,48.29,11.0,0.0,0.0,0.0,0.0,3.52,0.0,0.0,776.38,14.52
80.0644,0.0,3.19,2.75,86.57,128.92,236.39,248.93,49.61,22.11,0.0,0.0,0.0,0.0,0.0,0.0,2.86,756.36,24.97
80.0744,0.0,0.0,4.07,72.27,115.28,238.04,253.99,51.04,39.38,0.0,0.0,0.0,0.0,0.0,0.0,0.0,734.69,39.38
80.0844,0.0,3.19,0.0,55.55,98.34,242.99,252.23,52.36,63.25,0.0,0.0,0.0,0.0,3.52,0.0,0.0,704.66,66.77
80.0944,0.0,3.19,2.75,43.67,80.74,242.99,247.17,55.11,104.83,4.95,4.29,3.08,0.0,3.52,0.0,2.86,675.62,123.53
80.1044,0.0,3.19,2.75,27.17,63.03,241.34,236.94,57.97,125.73,110.22,34.32,4.73,4.95,5.83,5.5,5.83,632.39,297.11
80.1144,0.0,3.19,2.75,17.71,34.76,226.49,216.37,59.4,122.87,144.65,97.46,11.11,16.5,9.46,9.57,8.8,560.67,420.42
80.1244,0.0,0.0,2.75,15.29,27.83,183.26,150.04,69.85,122.87,152.9,114.51,30.25,29.81,12.98,15.18,13.2,449.02,491.7
80.1344,0.0,4.84,2.75,10.56,23.65,126.94,83.16,93.72,114.4,149.6,109.89,47.74,44.66,15.4,17.93,11.66,345.62,511.28
80.1444,0.0,4.84,0.0,10.56,19.47,73.48,33.22,140.91,103.51,147.95,106.81,64.68,56.21,15.4,23.43,16.06,282.48,534.05
80.1544,0.0,3.19,0.0,5.83,16.72,24.86,26.07,127.05,100.76,149.6,106.81,82.5,65.67,16.61,23.43,17.6,203.72,562.98
80.1644,0.0,4.84,0.0,4.73,12.54,19.58,21.67,66.88,103.51,156.2,113.08,95.92,70.29,17.71,26.18,19.03,130.24,601.92
80.1744,0.0,4.84,0.0,3.52,8.36,13.09,15.84,37.18,103.51,161.15,117.59,100.43,76.45,17.71,27.5,19.03,82.83,623.37
80.1844,0.0,3.19,0.0,2.31,6.93,10.45,11.55,24.75,102.08,161.15,116.05,107.91,79.64,21.34,27.5,17.6,59.18,633.27
80.1944,0.0,0.0,0.0,2.31,5.5,7.81,10.12,11.0,100.76,162.8,117.59,113.96,82.72,21.34,28.93,19.03,36.74,647.13
80.2044,0.0,0.0,0.0,2.31,4.18,5.17,7.15,2.75,99.44,164.45,116.05,118.69,85.8,21.34,28.93,20.46,21.56,655.16
80.2144,0.0,0.0,0.0,0.0,2.75,5.17,7.15,2.75,95.48,159.5,113.08,124.96,87.34,21.34,28.93,22.0,17.82,652.63
80.2244,0.0,0.0,0.0,2.31,2.75,5.17,5.72,2.75,90.09,152.9,106.81,126.61,90.42,22.44,28.93,20.46,18.7,638.66
80.2344,0.0,0.0,0.0,2.31,4.18,3.85,5.72,2.75,83.38,143.0,100.65,131.34,91.96,22.44,30.36,22.0,18.81,625.13
80.2444,0.0,0.0,0.0,2.31,4.18,3.85,4.29,2.75,77.99,138.16,94.38,134.42,91.96,23.65,27.5,19.03,17.38,607.09
80.2544,0.0,0.0,0.0,0.0,0.0,3.85,4.29,2.75,74.03,126.61,88.22,136.07,93.5,22.44,30.36,22.0,10.89,593.23
80.2644,0.0,0.0,0.0,0.0,0.0,3.85,2.86,2.75,67.32,118.36,80.41,137.61,93.5,23.65,30.36,23.43,9.46,574.64
80.2744,0.0,0.0,0.0,0.0,0.0,2.53,2.86,0.0,61.93,108.68,75.79,137.61,91.96,24.86,28.93,23.43,5.39,553.19
80.2844,0.0,0.0,0.0,0.0,0.0,0.0,2.86,2.75,55.44,97.9,72.71,139.15,91.96,23.65,31.68,22.0,5.61,534.49
80.2944,0.0,0.0,0.0,0.0,0.0,3.85,2.86,0.0,50.49,87.12,66.44,143.99,93.5,23.65,33.11,23.43,6.71,521.73
80.3044,0.0,0.0,0.0,0.0,2.75,0.0,0.0,0.0,45.54,80.96,64.9,142.34,91.96,24.86,34.43,24.86,2.75,509.85
80.3144,0.0,0.0,0.0,0.0,0.0,0.0,0.0,0.0,40.7,73.26,60.28,147.07,90.42,26.07,34.43,23.43,0.0,495.66
80.3244,0.0,0.0,0.0,0.0,2.75,2.53,0.0,2.75,38.17,67.1,54.34,150.26,91.96,26.07,34.43,24.86,8.03,487.19
80.3344,0.0,0.0,0.0,0.0,2.75,2.53,2.86,0.0,33.22,60.94,51.48,154.99,93.5,29.59,34.43,24.86,8.14,483.01
80.3444,0.0,0.0,0.0,0.0,2.75,0.0,0.0,0.0,30.8,56.1,48.62,158.18,96.69,29.59,38.61,26.4,2.75,484.99
80.3544,0.0,0.0,0.0,0.0,0.0,2.53,2.86,0.0,27.06,51.15,44.33,164.45,98.23,32.01,39.93,26.4,5.39,483.56
80.3644,0.0,0.0,0.0,0.0,0.0,0.0,0.0,2.75,24.64,44.55,40.04,169.51,98.23,35.53,41.36,26.4,2.75,480.26
80.3744,0.0,0.0,0.0,0.0,0.0,2.53,0.0,0.0,22.11,39.6,35.75,174.68,101.31,41.47,42.68,26.4,2.53,484.0
80.3844,0.0,0.0,0.0,0.0,0.0,0.0,0.0,2.75,19.69,34.65,31.46,179.85,104.39,43.89,45.54,27.83,2.75,487.3
80.3944,0.0,0.0,0.0,0.0,0.0,0.0,0.0,0.0,17.16,26.4,28.6,186.78,105.93,49.83,51.04,27.83,0.0,493.57
80.4044,0.0,0.0,0.0,0.0,0.0,0.0,0.0,0.0,14.74,23.1,24.31,191.95,112.09,55.77,55.11,29.26,0.0,506.33
80.4144,0.0,0.0,2.75,0.0,0.0,0.0,0.0,0.0,13.53,18.15,18.59,200.64,115.28,64.79,60.94,30.8,2.75,522.72
80.4244,0.0,0.0,0.0,0.0,0.0,0.0,0.0,2.75,11.0,14.85,14.3,207.46,121.66,72.27,68.31,32.23,2.75,542.08
80.4344,0.0,0.0,0.0,0.0,0.0,0.0,2.86,2.75,9.79,13.2,11.44,214.39,123.31,82.83,74.36,33.66,5.61,562.98
80.4444,0.0,0.0,0.0,0.0,0.0,0.0,0.0,0.0,8.58,11.55,10.01,221.32,128.15,91.96,78.76,33.66,0.0,583.99
80.4544,0.0,0.0,0.0,0.0,0.0,0.0,0.0,0.0,7.37,8.25,7.15,226.49,134.64,102.52,86.24,32.23,0.0,604.89
80.4644,0.0,0.0,0.0,0.0,0.0,0.0,0.0,0.0,6.16,11.55,5.72,230.01,136.29,108.46,93.72,35.2,0.0,627.11
80.4744,0.0,0.0,0.0,0.0,0.0,0.0,0.0,0.0,3.63,8.25,5.72,237.05,136.29,121.77,99.66,35.2,0.0,647.57
80.4844,0.0,0.0,0.0,0.0,0.0,0.0,0.0,0.0,2.42,8.25,4.29,240.57,139.59,132.22,104.17,35.2,0.0,666.71
80.4944,0.0,0.0,2.75,0.0,0.0,0.0,0.0,0.0,0.0,4.95,4.29,245.85,139.59,140.91,111.65,35.2,2.75,682.44
80.5044,0.0,0.0,0.0,0.0,0.0,0.0,0.0,0.0,0.0,6.6,2.86,247.61,136.29,149.6,114.73,35.2,0.0,692.89
80.5144,0.0,0.0,0.0,0.0,0.0,0.0,0.0,0.0,0.0,6.6,4.29,249.37,128.15,154.77,120.89,32.23,0.0,696.3
80.5244,0.0,0.0,2.75,0.0,0.0,0.0,0.0,0.0,0.0,3.3,2.86,240.57,120.12,163.57,122.43,30.8,2.75,683.65
80.5344,0.0,0.0,0.0,0.0,0.0,0.0,0.0,0.0,0.0,3.3,0.0,224.84,112.09,173.91,130.02,27.83,0.0,671.99
80.5444,0.0,0.0,0.0,0.0,0.0,0.0,0.0,0.0,0.0,4.95,2.86,202.29,104.39,184.36,136.18,27.83,0.0,662.86
80.5544,8.58,0.0,0.0,0.0,0.0,0.0,0.0,0.0,0.0,4.95,0.0,183.37,96.69,203.5,143.88,29.26,8.58,661.65
80.5644,13.75,0.0,0.0,0.0,0.0,0.0,0.0,0.0,0.0,4.95,2.86,164.45,82.72,222.64,154.55,29.26,13.75,661.43
80.5744,27.5,0.0,0.0,0.0,0.0,0.0,0.0,0.0,0.0,3.3,0.0,140.8,70.29,240.9,162.25,30.8,27.5,648.34
80.5844,49.94,0.0,0.0,0.0,0.0,0.0,0.0,0.0,0.0,3.3,2.86,117.15,56.21,262.79,170.17,33.66,49.94,646.14
80.5944,84.37,0.0,0.0,0.0,2.75,0.0,0.0,0.0,0.0,3.3,0.0,95.92,47.96,286.88,176.66,36.63,87.12,647.35
80.6044,129.36,0.0,0.0,0.0,4.18,0.0,0.0,0.0,0.0,0.0,2.86,75.13,39.71,307.67,175.01,36.63,133.54,637.01
80.6144,160.82,32.34,6.82,3.52,5.5,0.0,0.0,0.0,0.0,3.3,2.86,54.12,33.11,319.0,173.36,42.46,209.0,628.21
80.6244,155.54,87.78,67.1,5.83,11.11,2.53,5.72,4.07,0.0,4.95,4.29,33.44,28.05,320.87,160.71,48.4,339.68,600.71
80.6344,150.37,96.03,106.04,18.92,13.86,5.17,8.69,6.82,0.0,3.3,0.0,30.25,28.05,300.08,139.26,54.23,405.9,555.17
80.6444,146.85,99.22,117.04,30.69,34.76,5.17,8.69,9.57,0.0,4.95,0.0,27.06,26.4,259.16,101.2,64.9,451.99,483.67
80.6544,139.92,99.22,121.99,42.57,51.48,7.81,10.12,9.57,0.0,0.0,0.0,25.41,26.4,196.57,52.36,72.6,482.68,373.34
80.6644,136.4,100.87,120.34,54.34,63.03,7.81,10.12,11.0,0.0,0.0,0.0,22.22,23.1,111.54,27.5,81.73,503.91,266.09
80.6744,131.12,102.52,118.69,63.69,71.94,9.13,11.55,11.0,0.0,3.3,0.0,17.49,19.8,49.83,22.0,81.73,519.64,194.15
80.6844,127.6,105.82,117.04,76.56,79.31,9.13,12.98,13.75,0.0,3.3,2.86,14.3,16.5,33.22,20.68,58.74,542.19,149.6
80.6944,124.19,105.82,115.39,85.14,88.11,9.13,14.41,15.18,0.0,4.95,0.0,9.46,11.55,22.44,17.93,35.2,557.37,101.53
80.7044,120.67,105.82,113.85,92.29,95.48,10.45,17.38,13.75,0.0,4.95,0.0,6.27,6.6,16.61,12.32,22.0,569.69,68.75
80.7143,118.91,105.82,110.66,99.44,99.88,10.45,18.81,15.18,0.0,3.3,0.0,4.73,4.95,12.98,11.0,11.66,579.15,48.62
80.7243,115.39,104.17,109.12,105.16,104.28,10.45,24.53,16.5,0.0,0.0,0.0,4.73,3.3,12.98,8.25,8.8,589.6,38.06
80.7343,111.87,102.52,107.58,109.45,107.25,11.77,28.93,16.5,0.0,3.3,0.0,4.73,0.0,11.77,8.25,5.83,595.87,33.88
80.7443,106.7,97.68,104.5,112.42,110.22,13.09,31.79,17.93,0.0,3.3,0.0,4.73,0.0,11.77,6.82,7.26,594.33,33.88
80.7543,103.29,94.38,101.31,118.58,113.63,14.41,36.19,17.93,0.0,0.0,0.0,3.08,3.3,10.67,4.07,5.83,599.72,26.95
80.7643,96.36,89.43,96.69,120.12,115.28,15.73,39.05,19.25,0.0,3.3,0.0,3.08,0.0,8.25,6.82,5.83,591.91,27.28
80.7743,91.19,84.48,88.88,124.74,117.04,15.73,39.05,20.68,0.0,3.3,0.0,0.0,3.3,9.46,6.82,2.86,581.79,25.74
80.7843,87.78,77.99,84.26,127.82,118.69,15.73,41.91,20.68,0.0,0.0,0.0,3.08,0.0,8.25,6.82,5.83,574.86,23.98
80.7943,80.85,73.04,77.99,130.9,118.69,17.05,41.91,20.68,0.0,0.0,0.0,3.08,0.0,8.25,4.07,5.83,561.11,21.23
80.8043,74.03,66.55,70.18,135.63,117.04,20.9,46.31,22.0,0.0,3.3,0.0,3.08,0.0,8.25,5.5,4.4,552.64,24.53
80.8143,68.86,58.3,65.56,138.71,120.45,23.54,49.17,22.0,0.0,3.3,0.0,0.0,0.0,8.25,6.82,5.83,546.59,24.2
80.8243,61.93,55.11,57.97,140.25,120.45,26.18,50.6,22.0,0.0,0.0,0.0,3.08,0.0,8.25,2.75,4.4,534.49,18.48
80.8343,58.52,50.16,56.54,143.33,122.1,30.14,53.57,23.43,0.0,0.0,0.0,3.08,0.0,8.25,5.5,5.83,537.79,22.66
80.8443,55.11,46.97,53.79,147.95,127.27,34.1,57.86,23.43,0.0,0.0,0.0,3.08,0.0,7.04,5.5,4.4,546.48,20.02
80.8543,49.94,42.13,51.04,149.49,128.92,37.95,62.37,24.75,0.0,0.0,0.0,0.0,0.0,5.83,2.75,4.4,546.59,12.98
80.8643,46.42,37.18,46.86,149.49,130.68,43.23,65.34,24.75,0.0,0.0,0.0,0.0,0.0,8.25,2.75,2.86,543.95,13.86
80.8743,44.77,32.34,45.54,151.14,134.09,47.19,72.71,27.5,0.0,0.0,0.0,0.0,0.0,7.04,2.75,4.4,555.28,14.19
80.8843,41.25,29.15,44.11,154.22,139.15,51.15,77.22,27.5,0.0,0.0,0.0,0.0,0.0,5.83,2.75,4.4,563.75,12.98
80.8943,37.84,25.85,41.36,154.22,144.32,57.86,83.16,27.5,0.0,3.3,0.0,0.0,0.0,5.83,2.75,2.86,572.11,14.74
80.9043,34.43,22.66,38.61,157.3,147.73,63.58,89.21,30.36,0.0,3.3,0.0,0.0,0.0,5.83,4.07,5.83,583.88,19.03
80.9143,32.67,21.01,34.43,157.3,151.14,69.19,93.61,31.68,0.0,0.0,0.0,0.0,0.0,3.52,4.07,4.4,591.03,11.99
80.9243,30.91,17.82,31.68,160.38,154.55,73.48,102.63,31.68,0.0,3.3,0.0,0.0,0.0,4.73,5.5,4.4,603.13,17.93
80.9343,29.26,12.87,30.36,163.46,159.61,80.52,108.57,33.11,0.0,0.0,0.0,0.0,0.0,4.73,4.07,4.4,617.76,13.2
80.9443,27.5,11.33,27.61,165.0,164.78,86.13,114.62,31.68,0.0,0.0,0.0,0.0,0.0,3.52,4.07,2.86,628.65,10.45
80.9543,25.74,9.68,24.86,166.54,169.84,91.85,122.65,34.43,0.0,0.0,0.0,0.0,0.0,3.52,5.5,4.4,645.59,13.42
80.9643,24.09,6.38,20.68,169.73,173.36,100.32,130.68,35.86,0.0,0.0,0.0,0.0,0.0,4.73,4.07,4.4,661.1,13.2
80.9743,20.57,4.84,15.18,169.73,178.64,108.79,137.17,37.18,0.0,0.0,0.0,0.0,0.0,4.73,4.07,2.86,672.1,11.66
80.9843,18.92,4.84,13.75,173.03,182.05,116.16,143.55,38.61,0.0,3.3,0.0,0.0,0.0,3.52,4.07,2.86,690.91,13.75
80.9943,17.16,6.38,12.43,174.57,185.57,125.4,153.23,38.61,0.0,0.0,0.0,0.0,0.0,3.52,2.75,4.4,713.35,10.67
81.0043,15.4,3.19,13.75,174.57,189.09,134.53,161.26,38.61,0.0,0.0,0.0,0.0,0.0,4.73,0.0,2.86,730.4,7.59
81.0143,13.75,4.84,11.0,177.87,192.61,140.69,169.29,41.36,0.0,0.0,0.0,0.0,0.0,4.73,0.0,0.0,751.41,4.73
81.0243,11.99,4.84,8.25,177.87,196.02,149.82,176.0,41.36,0.0,3.3,2.86,0.0,0.0,4.73,4.07,4.4,766.15,19.36
81.0343,8.58,4.84,11.0,179.52,197.78,157.52,186.56,42.68,0.0,0.0,0.0,0.0,0.0,3.52,4.07,0.0,788.48,7.59
81.0443,6.82,4.84,8.25,181.06,196.02,168.41,193.6,42.68,0.0,0.0,0.0,0.0,0.0,3.52,4.07,4.4,801.68,11.99
81.0543,3.41,3.19,6.82,179.52,197.78,178.31,202.29,44.11,0.0,0.0,0.0,0.0,0.0,4.73,0.0,0.0,815.43,4.73
81.0643,0.0,4.84,5.5,181.06,190.85,188.32,211.09,48.29,0.0,0.0,0.0,0.0,0.0,2.31,2.75,2.86,829.95,7.92
81.0743,0.0,4.84,4.07,174.57,189.09,199.87,216.37,46.86,2.42,0.0,0.0,0.0,0.0,2.31,0.0,0.0,835.67,4.73
81.0843,0.0,3.19,2.75,166.54,180.4,208.23,225.06,48.29,2.42,0.0,0.0,0.0,0.0,3.52,0.0,2.86,834.46,8.8
81.0943,0.0,3.19,4.07,157.3,171.6,216.48,230.12,48.29,2.42,0.0,0.0,0.0,0.0,3.52,0.0,2.86,831.05,8.8
81.1043,0.0,0.0,4.07,144.87,157.96,226.49,235.29,49.61,3.63,0.0,0.0,0.0,0.0,2.31,2.75,2.86,818.29,11.55
81.1143,0.0,3.19,2.75,129.36,147.73,233.09,238.7,49.61,6.16,0.0,0.0,0.0,0.0,2.31,2.75,2.86,804.43,14.08
81.1243,0.0,3.19,4.07,112.42,134.09,238.04,242.11,51.04,19.69,0.0,0.0,0.0,0.0,2.31,2.75,0.0,784.96,24.75
81.1343,0.0,3.19,0.0,93.72,117.04,244.64,242.11,52.36,38.17,3.3,2.86,0.0,0.0,2.31,0.0,0.0,753.06,46.64
81.1443,0.0,3.19,2.75,79.42,102.85,247.94,243.76,53.79,61.93,3.3,2.86,0.0,0.0,4.73,0.0,2.86,733.7,75.68
81.1543,0.0,3.19,2.75,66.55,92.51,247.94,240.35,56.54,92.73,4.95,0.0,0.0,0.0,4.73,0.0,2.86,709.83,105.27
81.1643,0.0,3.19,2.75,53.13,76.34,251.35,235.29,57.97,111.54,59.4,8.58,3.08,3.3,3.52,2.75,0.0,680.02,192.17
81.1743,0.0,3.19,2.75,41.36,61.6,249.59,225.06,57.97,104.83,116.71,37.18,6.27,4.95,4.73,4.07,4.4,641.52,283.14
81.1843,0.0,3.19,2.75,29.48,44.55,244.64,209.33,57.97,98.12,131.56,69.52,11.11,8.25,7.04,5.5,4.4,591.91,335.5
81.1943,0.0,3.19,2.75,18.92,26.4,226.49,172.59,59.4,98.12,139.7,80.41,25.41,9.9,8.25,8.25,7.26,509.74,377.3
81.2043,0.0,4.84,0.0,16.5,23.65,175.01,110.0,71.28,90.09,136.51,85.03,47.74,16.5,9.46,9.57,10.23,401.28,405.13
81.2143,0.0,3.19,0.0,14.19,22.22,123.86,63.8,95.15,80.74,131.56,88.22,64.68,29.81,10.67,12.32,13.2,322.41,431.2
81.2243,0.0,4.84,0.0,11.77,19.47,79.09,31.79,131.67,76.67,131.56,88.22,79.53,41.36,12.98,13.75,14.63,278.63,458.7
81.2343,0.0,4.84,0.0,9.46,15.29,30.14,24.53,120.89,74.03,133.21,89.76,88.55,54.56,14.19,12.32,16.06,205.15,482.68
81.2443,0.0,4.84,2.75,5.83,12.54,20.9,21.67,77.33,69.96,131.56,91.3,99.0,62.59,15.4,15.18,17.6,145.86,502.59
81.2543,0.0,3.19,0.0,5.83,8.36,15.73,15.84,45.54,67.32,129.91,92.84,104.94,71.83,15.4,13.75,16.06,94.49,512.05
81.2643,0.0,3.19,0.0,4.73,6.93,11.77,12.98,33.11,64.57,129.91,92.84,113.96,78.1,15.4,16.5,19.03,72.71,530.31
81.2743,0.0,3.19,0.0,3.52,6.93,9.13,10.12,23.43,61.93,126.61,91.3,121.88,82.72,16.61,17.93,16.06,56.32,535.04
81.2843,0.0,3.19,0.0,3.52,5.5,7.81,7.15,13.75,57.97,121.66,88.22,126.61,87.34,16.61,17.93,20.46,40.92,536.8
81.2943,0.0,0.0,0.0,3.52,4.18,6.49,7.15,5.5,55.44,120.01,85.03,134.42,93.5,16.61,17.93,19.03,26.84,541.97
81.3043,0.0,0.0,0.0,2.31,2.75,5.17,5.72,2.75,53.02,118.36,80.41,137.61,96.69,17.71,20.68,19.03,18.7,543.51
81.3143,0.0,0.0,0.0,2.31,2.75,3.85,5.72,2.75,50.49,113.41,75.79,145.53,99.77,18.92,17.93,22.0,17.38,543.84
81.3243,0.0,0.0,0.0,0.0,2.75,2.53,4.29,2.75,48.07,108.68,71.06,151.8,102.85,18.92,20.68,23.43,12.32,545.49
81.3343,0.0,3.19,0.0,0.0,4.18,2.53,4.29,2.75,44.33,102.52,66.44,154.99,107.47,17.71,22.0,24.86,16.94,540.32
81.3443,0.0,0.0,0.0,2.31,2.75,3.85,4.29,0.0,40.7,96.36,60.28,164.45,109.01,20.13,23.43,24.86,13.2,539.22
81.3543,0.0,0.0,0.0,2.31,2.75,0.0,4.29,0.0,38.17,88.66,54.34,169.51,113.63,21.34,19.25,23.43,9.35,528.33
81.3643,0.0,0.0,0.0,0.0,0.0,3.85,2.86,0.0,34.43,80.96,50.05,176.44,116.82,20.13,22.0,26.4,6.71,527.23
81.3743,0.0,0.0,0.0,0.0,0.0,3.85,0.0,0.0,30.8,73.26,45.76,181.61,120.12,21.34,24.75,26.4,3.85,524.04
81.3843,0.0,0.0,0.0,0.0,2.75,2.53,0.0,2.75,28.27,68.64,40.04,185.02,120.12,22.44,24.75,24.86,8.03,514.14
81.3943,0.0,0.0,0.0,0.0,2.75,2.53,2.86,2.75,25.85,60.94,35.75,191.95,124.96,22.44,26.18,27.83,10.89,515.9
81.4043,0.0,0.0,0.0,0.0,0.0,0.0,2.86,0.0,23.43,57.75,32.89,200.64,126.61,23.65,26.18,24.86,2.86,516.01
81.4143,0.0,0.0,0.0,0.0,2.75,0.0,2.86,0.0,20.9,49.5,27.17,209.22,131.45,23.65,27.5,29.26,5.61,518.65
81.4243,0.0,0.0,0.0,0.0,2.75,2.53,0.0,2.75,19.69,44.55,24.31,212.74,133.1,24.86,28.93,29.26,8.03,517.44
81.4343,0.0,0.0,0.0,0.0,0.0,2.53,0.0,0.0,18.48,41.25,21.45,221.32,136.29,24.86,30.36,30.8,2.53,524.81
81.4443,0.0,0.0,0.0,0.0,0.0,2.53,2.86,0.0,17.16,34.65,20.02,228.25,139.59,26.07,33.11,29.26,5.39,528.11
81.4543,0.0,0.0,0.0,0.0,0.0,0.0,0.0,0.0,15.95,31.35,15.73,233.53,141.13,29.59,35.86,33.66,0.0,536.8
81.4643,0.0,0.0,0.0,0.0,0.0,0.0,2.86,0.0,14.74,26.4,15.73,238.81,145.97,32.01,39.93,35.2,2.86,548.79
81.4743,0.0,0.0,0.0,0.0,0.0,0.0,0.0,0.0,13.53,23.1,12.87,245.85,150.92,37.95,44.11,35.2,0.0,563.53
81.4843,0.0,0.0,0.0,0.0,0.0,0.0,0.0,0.0,12.32,18.15,10.01,249.37,154.11,42.68,49.61,36.63,0.0,572.88
81.4943,0.0,0.0,0.0,0.0,0.0,2.53,0.0,0.0,11.0,16.5,10.01,251.02,155.76,49.83,52.36,36.63,2.53,583.11
81.5043,0.0,0.0,0.0,0.0,0.0,0.0,0.0,2.75,9.79,13.2,10.01,254.54,155.76,57.2,60.94,38.06,2.75,599.5
81.5143,0.0,0.0,0.0,0.0,0.0,0.0,0.0,0.0,8.58,11.55,8.58,258.06,163.9,63.25,68.31,41.03,0.0,623.26
81.5243,0.0,0.0,0.0,0.0,0.0,0.0,0.0,2.75,8.58,11.55,8.58,258.06,162.25,73.81,74.36,36.63,2.75,633.82
81.5343,0.0,0.0,0.0,0.0,0.0,0.0,0.0,2.75,8.58,11.55,7.15,261.58,163.9,79.86,80.3,41.03,2.75,653.95
81.5443,0.0,0.0,0.0,0.0,0.0,0.0,0.0,0.0,7.37,8.25,8.58,261.58,170.39,88.88,89.21,42.46,0.0,676.72
81.5543,0.0,0.0,0.0,0.0,0.0,0.0,0.0,0.0,7.37,9.9,7.15,259.82,173.91,97.9,93.72,44.0,0.0,693.77
81.5643,0.0,0.0,0.0,0.0,0.0,0.0,0.0,2.75,7.37,9.9,5.72,259.82,179.3,100.98,102.74,45.43,2.75,711.26
81.5743,0.0,0.0,0.0,0.0,0.0,2.53,0.0,0.0,4.84,6.6,7.15,259.82,182.93,108.46,108.68,46.86,2.53,725.34
81.5843,0.0,0.0,0.0,0.0,0.0,0.0,0.0,0.0,3.63,4.95,5.72,259.82,184.8,116.49,113.19,46.86,0.0,735.46
81.5943,0.0,0.0,0.0,0.0,0.0,0.0,0.0,0.0,3.63,6.6,5.72,258.06,182.93,125.18,120.89,48.4,0.0,751.41
81.6043,0.0,0.0,0.0,0.0,0.0,0.0,0.0,0.0,2.42,4.95,2.86,258.06,188.32,132.22,122.43,45.43,0.0,756.69
81.6143,0.0,0.0,0.0,0.0,0.0,0.0,0.0,0.0,2.42,6.6,2.86,256.3,190.19,140.91,128.59,46.86,0.0,774.73
81.6243,0.0,0.0,0.0,0.0,0.0,0.0,0.0,0.0,0.0,6.6,4.29,254.54,191.95,146.08,136.18,49.83,0.0,789.47
81.6343,0.0,0.0,0.0,0.0,0.0,0.0,0.0,0.0,0.0,3.3,2.86,258.06,188.32,153.12,139.26,51.26,0.0,796.18
81.6443,0.0,0.0,0.0,0.0,0.0,0.0,0.0,0.0,0.0,4.95,2.86,256.3,190.19,160.05,142.34,51.26,0.0,807.95
81.6543,0.0,0.0,0.0,0.0,0.0,0.0,0.0,0.0,0.0,0.0,0.0,259.82,190.19,170.5,143.88,51.26,0.0,815.65
81.6643,0.0,0.0,0.0,0.0,0.0,0.0,0.0,0.0,0.0,0.0,2.86,261.58,188.32,175.67,149.93,52.8,0.0,831.16
81.6743,0.0,0.0,0.0,0.0,0.0,0.0,0.0,0.0,0.0,4.95,0.0,259.82,184.8,180.95,153.01,54.23,0.0,837.76
81.6843,0.0,0.0,0.0,0.0,0.0,0.0,0.0,0.0,0.0,3.3,0.0,259.82,179.3,189.64,154.55,54.23,0.0,840.84
81.6943,0.0,0.0,0.0,0.0,0.0,0.0,0.0,0.0,0.0,4.95,2.86,256.3,172.15,196.57,156.09,54.23,0.0,843.15
81.7043,0.0,0.0,0.0,0.0,0.0,0.0,0.0,0.0,0.0,3.3,2.86,251.02,165.44,201.74,157.63,54.23,0.0,836.22
81.7143,0.0,0.0,0.0,0.0,0.0,0.0,0.0,0.0,0.0,0.0,2.86,244.09,157.41,206.91,154.55,51.26,0.0,817.08
81.7243,0.0,0.0,0.0,0.0,0.0,0.0,0.0,0.0,0.0,3.3,0.0,235.29,149.27,212.19,159.17,49.83,0.0,809.05
81.7343,0.0,0.0,0.0,0.0,0.0,0.0,0.0,0.0,0.0,3.3,0.0,223.08,141.13,217.36,159.17,51.26,0.0,795.3
81.7443,0.0,0.0,0.0,0.0,0.0,0.0,0.0,0.0,0.0,3.3,0.0,209.22,133.1,226.27,162.25,49.83,0.0,783.97
