Time,L1,L2,L3,L4,L5,L6,L7,L8,R1,R2,R3,R4,R5,R6,R7,R8,Total_Force_Left,Total_Force_Right
0.0,61.93,64.9,93.61,59.4,44.55,56.43,105.6,30.36,24.64,80.96,14.3,128.15,96.69,58.74,114.73,32.23,516.78,550.44
0.01,61.93,64.9,93.61,59.4,44.55,56.43,105.6,30.36,24.64,80.96,14.3,128.15,96.69,58.74,114.73,32.23,516.78,550.44
0.02,60.17,66.55,95.15,59.4,44.55,57.86,105.6,30.36,24.64,80.96,14.3,128.15,98.23,60.28,111.65,33.66,519.64,551.87
0.03,61.93,66.55,95.15,59.4,43.12,57.86,107.03,30.36,24.64,80.96,14.3,129.69,98.23,60.28,111.65,33.66,521.4,553.41
0.04,61.93,64.9,93.61,59.4,44.55,57.86,105.6,30.36,24.64,80.96,14.3,129.69,95.04,58.74,114.73,33.66,518.21,551.76
0.05,61.93,66.55,93.61,59.4,44.55,59.29,107.03,30.36,24.64,80.96,14.3,126.61,98.23,58.74,116.27,33.66,522.72,553.41
0.06,61.93,66.55,93.61,59.4,43.12,57.86,107.03,30.36,23.43,77.88,14.3,128.15,98.23,58.74,114.73,33.66,519.86,549.12
0.07,61.93,66.55,91.96,59.4,44.55,57.86,107.03,30.36,24.64,80.96,14.3,126.61,98.23,58.74,114.73,33.66,519.64,551.87
0.08,61.93,66.55,91.96,59.4,43.12,57.86,105.6,31.68,23.43,77.88,14.3,128.15,95.04,58.74,114.73,33.66,518.1,545.93
0.09,60.17,64.9,93.61,60.83,43.12,57.86,105.6,30.36,24.64,79.42,12.87,126.61,98.23,57.2,114.73,33.66,516.45,547.36
0.1,61.93,66.55,93.61,59.4,43.12,57.86,107.03,30.36,24.64,79.42,14.3,128.15,96.69,58.74,113.19,33.66,519.86,548.79
0.11,61.93,66.55,95.15,60.83,43.12,57.86,105.6,28.93,24.64,80.96,14.3,126.61,96.69,58.74,114.73,33.66,519.97,550.33
0.12,61.93,68.2,93.61,60.83,44.55,56.43,105.6,30.36,24.64,79.42,14.3,128.15,95.04,60.28,114.73,35.2,521.51,551.76
0.13,61.93,66.55,93.61,60.83,43.12,59.29,105.6,30.36,24.64,77.88,14.3,128.15,96.69,58.74,114.73,33.66,521.29,548.79
0.14,61.93,66.55,91.96,60.83,43.12,57.86,107.03,30.36,23.43,77.88,12.87,128.15,95.04,58.74,114.73,33.66,519.64,544.5
0.15,61.93,68.2,93.61,57.97,43.12,57.86,107.03,30.36,23.43,77.88,12.87,128.15,98.23,58.74,113.19,35.2,520.08,547.69
0.16,61.93,68.2,95.15,57.97,44.55,57.86,105.6,30.36,24.64,77.88,14.3,128.15,98.23,58.74,114.73,33.66,521.62,550.33
0.17,61.93,68.2,95.15,60.83,44.55,59.29,105.6,30.36,23.43,77.88,14.3,126.61,96.69,58.74,113.19,33.66,525.91,544.5
0.18,61.93,68.2,93.61,59.4,44.55,57.86,107.03,30.36,23.43,76.34,11.44,126.61,98.23,58.74,114.73,33.66,522.94,543.18
0.19,63.69,68.2,95.15,59.4,43.12,59.29,107.03,30.36,24.64,79.42,14.3,124.96,98.23,58.74,113.19,33.66,526.24,547.14
0.2,61.93,68.2,95.15,59.4,44.55,57.86,105.6,30.36,23.43,77.88,14.3,126.61,96.69,58.74,114.73,32.23,523.05,544.61
0.21,61.93,68.2,95.15,59.4,44.55,59.29,107.03,28.93,24.64,77.88,12.87,126.61,98.23,55.77,114.73,33.66,524.48,544.39
0.22,63.69,66.55,93.61,60.83,44.55,59.29,104.06,30.36,24.64,77.88,12.87,124.96,98.23,58.74,113.19,30.8,522.94,541.31
0.23,63.69,68.2,96.69,62.26,43.12,60.72,105.6,31.68,24.64,77.88,14.3,126.61,95.04,57.2,114.73,32.23,531.96,542.63
0.24,63.69,69.74,95.15,60.83,43.12,59.29,105.6,30.36,23.43,76.34,11.44,124.96,98.23,55.77,113.19,33.66,527.78,537.02
0.25,63.69,69.74,95.15,62.26,44.55,60.72,105.6,30.36,24.64,77.88,12.87,124.96,96.69,57.2,113.19,32.23,532.07,539.66
0.26,63.69,71.39,98.23,63.69,44.55,60.72,104.06,28.93,23.43,77.88,12.87,123.42,96.69,57.2,113.19,33.66,535.26,538.34
0.27,63.69,73.04,98.23,63.69,43.12,60.72,105.6,31.68,23.43,74.8,11.44,124.96,96.69,58.74,110.22,33.66,539.77,533.94
0.28,63.69,73.04,99.77,65.12,43.12,60.72,105.6,30.36,24.64,76.34,11.44,121.88,95.04,57.2,108.68,32.23,541.42,527.45
0.29,65.34,76.34,98.23,63.69,44.55,60.72,104.06,31.68,23.43,74.8,11.44,121.88,91.96,57.2,111.65,33.66,544.61,526.02
0.3,67.1,79.64,102.85,66.55,41.8,62.15,102.63,30.36,22.11,73.26,10.01,121.88,91.96,57.2,110.22,33.66,553.08,520.3
0.31,67.1,82.94,102.85,67.98,41.8,60.72,101.09,30.36,22.11,70.18,8.58,121.88,91.96,57.2,107.14,33.66,554.84,512.71
0.32,70.51,84.48,106.04,69.41,41.8,59.29,99.55,30.36,22.11,68.64,8.58,120.23,90.42,55.77,108.68,33.66,561.44,508.09
0.33,72.27,89.43,106.04,69.41,40.37,59.29,96.58,30.36,20.9,67.1,8.58,118.69,91.96,55.77,104.17,30.8,563.75,497.97
0.34,74.03,92.73,107.58,70.84,40.37,60.72,93.61,28.93,20.9,64.02,7.15,117.15,88.88,55.77,105.71,33.66,568.81,493.24
0.35,74.03,96.03,106.04,70.84,38.94,62.15,90.64,28.93,20.9,60.94,7.15,120.23,87.34,53.35,102.74,33.66,567.6,486.31
0.36,75.68,97.68,109.12,69.41,36.19,59.29,90.64,30.36,20.9,60.94,5.72,118.69,85.8,53.35,101.2,30.8,568.37,477.4
0.37,77.44,100.87,109.12,70.84,37.62,59.29,87.67,28.93,19.69,57.75,5.72,118.69,85.8,53.35,98.23,32.23,571.78,471.46
0.38,79.2,104.17,112.2,72.27,36.19,59.29,83.16,28.93,19.69,56.1,4.29,118.69,87.34,50.93,96.69,32.23,575.41,465.96
0.39,82.61,107.47,113.85,70.84,33.44,57.86,80.19,28.93,18.48,56.1,5.72,117.15,84.26,50.93,95.26,32.23,575.19,460.13
0.4,86.02,112.42,117.04,69.41,33.44,55.11,72.71,27.5,19.69,56.1,7.15,115.5,82.72,50.93,92.29,29.26,573.65,453.64
0.41,89.54,117.37,118.69,67.98,32.01,52.47,72.71,26.18,19.69,56.1,7.15,115.5,79.64,50.93,90.75,32.23,576.95,451.99
0.42,92.95,119.13,123.64,69.41,30.58,52.47,66.77,24.75,20.9,60.94,5.72,109.34,79.64,48.62,89.21,30.8,579.7,445.17
0.43,96.36,124.08,125.29,67.98,30.58,48.51,65.34,26.18,19.69,59.4,7.15,112.42,78.1,48.62,84.81,29.26,584.32,439.45
0.44,99.88,127.49,126.94,67.98,29.26,48.51,62.37,24.75,20.9,62.48,4.29,109.34,76.45,47.41,84.81,29.26,587.18,434.94
0.45,101.53,129.14,128.59,67.98,29.26,48.51,62.37,24.75,20.9,62.48,5.72,109.34,74.91,47.41,83.27,29.26,592.13,433.29
0.46,103.29,132.55,128.59,66.55,27.83,47.19,57.86,23.43,20.9,64.02,7.15,109.34,76.45,44.99,80.3,29.26,587.29,432.41
0.47,105.05,132.55,130.24,67.98,26.4,47.19,56.43,22.0,22.11,67.1,5.72,106.37,74.91,44.99,80.3,29.26,587.84,430.76
0.48,105.05,134.2,128.59,67.98,27.83,45.87,55.0,23.43,22.11,65.56,7.15,106.37,73.37,43.89,78.76,27.83,587.95,425.04
0.49,108.46,137.5,130.24,65.12,27.83,45.87,53.57,23.43,22.11,68.64,7.15,106.37,73.37,42.68,77.33,26.4,592.02,424.05
0.5,108.46,137.5,130.24,65.12,27.83,45.87,55.0,22.0,23.43,68.64,5.72,103.4,71.83,43.89,75.79,27.83,592.02,420.53
0.51,108.46,139.26,130.24,67.98,26.4,45.87,53.57,22.0,22.11,70.18,7.15,106.37,70.29,43.89,74.36,24.86,593.78,419.21
0.52,108.46,140.91,128.59,69.41,26.4,45.87,55.0,23.43,23.43,70.18,7.15,106.37,70.29,43.89,74.36,27.83,598.07,423.5
0.53,106.7,142.56,126.94,70.84,26.4,45.87,55.0,23.43,23.43,71.72,7.15,106.37,70.29,43.89,74.36,27.83,597.74,425.04
0.54,105.05,142.56,125.29,72.27,29.26,44.55,55.0,23.43,23.43,70.18,8.58,106.37,71.83,43.89,69.85,24.86,597.41,418.99
0.55,103.29,140.91,121.99,73.7,29.26,47.19,53.57,23.43,23.43,71.72,7.15,107.91,70.29,43.89,71.39,24.86,593.34,420.64
0.56,101.53,139.26,120.34,75.13,29.26,47.19,53.57,20.68,23.43,73.26,8.58,106.37,71.83,43.89,71.39,26.4,586.96,425.15
0.57,98.12,139.26,118.69,76.56,30.58,48.51,57.86,22.0,23.43,73.26,5.72,107.91,70.29,42.68,71.39,24.86,591.58,419.54
0.58,92.95,137.5,112.2,79.42,32.01,49.83,60.83,23.43,23.43,74.8,7.15,107.91,70.29,43.89,68.31,26.4,588.17,422.18
0.59,87.78,130.79,109.12,82.28,32.01,53.79,62.37,24.75,23.43,73.26,7.15,110.88,73.37,42.68,69.85,24.86,582.89,425.48
0.6,80.85,129.14,106.04,88.0,33.44,55.11,68.31,23.43,24.64,77.88,7.15,109.34,71.83,43.89,71.39,24.86,584.32,430.98
0.61,75.68,125.84,99.77,90.86,36.19,57.86,69.74,26.18,24.64,80.96,10.01,112.42,70.29,44.99,71.39,29.26,582.12,443.96
0.62,70.51,119.13,95.15,93.72,37.62,59.29,71.28,26.18,24.64,84.04,11.44,113.96,73.37,44.99,72.82,29.26,572.88,454.52
0.63,65.34,114.07,90.42,95.15,37.62,60.72,75.79,27.5,24.64,87.12,12.87,120.23,71.83,44.99,72.82,27.83,566.61,462.33
0.64,60.17,105.82,84.26,98.01,40.37,63.58,78.76,27.5,25.85,91.74,14.3,123.42,71.83,47.41,74.36,29.26,558.47,478.17
0.65,55.11,96.03,77.99,102.3,40.37,64.9,81.73,27.5,25.85,94.82,15.73,123.42,76.45,48.62,74.36,30.8,545.93,490.05
0.66,51.59,87.78,68.64,103.73,43.12,69.19,86.13,28.93,25.85,99.44,17.16,129.69,76.45,48.62,77.33,26.4,539.11,500.94
0.67,46.42,76.34,59.4,106.59,44.55,72.05,90.64,28.93,27.06,102.52,20.02,129.69,79.64,49.83,78.76,27.83,524.92,515.35
0.68,43.01,64.9,51.04,106.59,45.98,76.23,98.12,30.36,27.06,107.14,22.88,132.88,79.64,52.14,81.84,30.8,516.23,534.38
0.69,37.84,51.81,45.54,109.45,47.3,77.66,101.09,33.11,27.06,111.76,24.31,139.15,82.72,52.14,81.84,32.23,503.8,551.21
0.7,34.43,40.48,34.43,108.02,48.73,81.95,108.57,33.11,28.27,115.06,28.6,142.34,84.26,53.35,86.24,30.8,489.72,568.92
0.71,30.91,30.69,24.86,108.02,50.16,83.38,111.54,35.86,28.27,118.36,30.03,147.07,85.8,55.77,87.78,32.23,475.42,585.31
0.7199,25.74,21.01,19.25,103.73,48.73,84.7,119.46,37.18,29.59,124.96,32.89,148.72,85.8,57.2,92.29,32.23,459.8,603.68
0.7299,18.92,16.17,13.75,96.58,47.3,84.7,130.68,44.11,29.59,126.61,35.75,153.45,88.88,61.71,92.29,30.8,452.21,619.08
0.7399,13.75,12.87,12.43,86.57,44.55,86.13,137.17,49.61,30.8,131.56,38.61,154.99,90.42,63.25,95.26,33.66,443.08,638.55
0.7499,8.58,8.03,11.0,72.27,44.55,86.13,143.55,55.11,30.8,134.86,41.47,159.72,90.42,63.25,96.69,32.23,429.22,649.44
0.7599,3.41,8.03,8.25,55.55,40.37,83.38,151.58,60.94,30.8,138.16,41.47,161.26,93.5,66.22,99.66,35.2,411.51,666.27
0.7699,0.0,8.03,8.25,41.36,36.19,79.09,154.88,65.34,32.01,143.0,44.33,164.45,96.69,64.79,102.74,33.66,393.14,681.67
0.7799,0.0,8.03,8.25,29.48,32.01,74.8,156.42,69.85,32.01,144.65,44.33,164.45,96.69,69.3,104.17,35.2,378.84,690.8
0.7899,0.0,6.38,5.5,18.92,25.08,69.19,158.07,72.82,30.8,143.0,45.76,169.51,99.77,69.3,108.68,36.63,355.96,703.45
0.7999,0.0,4.84,6.82,11.77,18.04,62.15,153.23,72.82,32.01,146.3,47.19,171.27,98.23,72.27,110.22,35.2,329.67,712.69
0.8099,0.0,6.38,5.5,8.25,11.11,51.15,142.01,77.33,32.01,149.6,47.19,172.92,99.77,72.27,113.19,36.63,301.73,723.58
0.8199,0.0,6.38,6.82,7.04,11.11,36.74,117.81,77.33,33.22,151.25,50.05,172.92,101.31,75.35,111.65,38.06,263.23,733.81
0.8299,0.0,6.38,6.82,8.25,9.68,20.9,89.21,77.33,32.01,152.9,51.48,176.44,101.31,78.32,116.27,38.06,218.57,746.79
0.8399,0.0,6.38,6.82,7.04,8.36,14.41,59.4,78.76,33.22,159.5,54.34,178.09,104.39,78.32,119.35,38.06,181.17,765.27
0.8499,0.0,6.38,6.82,7.04,8.36,13.09,39.05,74.36,34.43,162.8,57.2,178.09,105.93,79.86,122.43,38.06,155.1,778.8
0.8599,0.0,6.38,6.82,8.25,6.93,10.45,23.1,62.37,34.43,166.1,61.82,178.09,107.47,81.4,125.51,38.06,124.3,792.88
0.8699,0.0,6.38,5.5,4.73,6.93,10.45,15.84,45.54,35.75,171.05,67.98,178.09,105.93,84.37,130.02,39.6,95.37,812.79
0.8799,0.0,4.84,5.5,5.83,5.5,9.13,11.55,28.93,36.96,176.11,72.71,174.68,110.55,84.37,134.64,39.6,71.28,829.62
0.8899,0.0,4.84,5.5,5.83,6.93,7.81,11.55,19.25,38.17,181.17,78.87,172.92,112.09,85.91,137.72,39.6,61.71,846.45
0.8999,0.0,4.84,5.5,5.83,4.18,7.81,11.55,9.57,40.7,186.23,85.03,169.51,112.09,87.34,143.88,36.63,49.28,861.41
0.9099,0.0,4.84,5.5,5.83,2.75,6.49,8.69,4.07,41.91,189.64,89.76,167.75,116.82,85.91,148.39,39.6,38.17,879.78
0.9199,0.0,4.84,5.5,5.83,4.18,6.49,8.69,0.0,43.12,189.64,95.92,162.91,115.28,87.34,154.55,41.03,35.53,889.79
0.9299,0.0,4.84,2.75,4.73,2.75,5.17,8.69,2.75,45.54,193.05,97.46,158.18,118.47,88.88,156.09,41.03,31.68,898.7
0.9399,0.0,4.84,4.07,4.73,2.75,5.17,7.15,2.75,45.54,189.64,100.65,156.53,118.47,88.88,162.25,42.46,31.46,904.42
0.9499,0.0,4.84,5.5,5.83,4.18,3.85,5.72,0.0,45.54,191.29,97.46,154.99,123.31,88.88,163.79,41.03,29.92,906.29
0.9599,0.0,4.84,4.07,4.73,4.18,2.53,5.72,0.0,45.54,189.64,99.0,153.45,123.31,88.88,163.79,41.03,26.07,904.64
0.9699,0.0,3.19,4.07,3.52,4.18,3.85,7.15,0.0,44.33,187.99,94.38,154.99,124.96,90.42,165.33,41.03,25.96,903.43
0.9799,0.0,3.19,4.07,5.83,2.75,3.85,5.72,0.0,41.91,182.93,91.3,154.99,123.31,90.42,168.52,42.46,25.41,895.84
0.9899,0.0,4.84,5.5,4.73,2.75,2.53,4.29,0.0,41.91,181.17,85.03,154.99,124.96,90.42,170.17,41.03,24.64,889.68
0.9999,0.0,3.19,5.5,4.73,4.18,3.85,4.29,0.0,39.38,179.52,81.95,153.45,126.61,91.96,170.17,42.46,25.74,885.5
1.0099,0.0,3.19,4.07,3.52,2.75,2.53,4.29,0.0,39.38,174.46,77.33,154.99,126.61,93.39,170.17,41.03,20.35,877.36
1.0199,0.0,4.84,5.5,3.52,2.75,2.53,2.86,0.0,36.96,169.4,74.25,154.99,128.15,93.39,171.71,39.6,22.0,868.45
1.0299,0.0,4.84,5.5,3.52,4.18,3.85,4.29,0.0,36.96,169.4,72.71,156.53,126.61,93.39,176.66,42.46,26.18,874.72
1.0399,0.0,4.84,4.07,4.73,4.18,3.85,4.29,0.0,35.75,164.45,69.52,156.53,128.15,93.39,179.85,42.46,25.96,870.1
1.0499,0.0,4.84,2.75,4.73,2.75,2.53,4.29,0.0,35.75,162.8,64.9,156.53,131.45,94.93,179.85,44.0,21.89,870.21
1.0599,0.0,4.84,4.07,2.31,2.75,3.85,4.29,0.0,34.43,159.5,63.36,154.99,131.45,96.47,184.69,42.46,22.11,867.35
1.0699,0.0,3.19,5.5,2.31,2.75,3.85,2.86,0.0,34.43,156.2,61.82,156.53,136.29,94.93,184.69,42.46,20.46,867.35
1.0799,0.0,4.84,2.75,2.31,2.75,3.85,4.29,0.0,33.22,152.9,60.28,156.53,139.59,97.9,187.99,42.46,20.79,870.87
1.0899,0.0,4.84,4.07,3.52,0.0,3.85,2.86,0.0,33.22,152.9,58.74,158.18,137.94,97.9,196.02,45.43,19.14,880.33
1.0999,0.0,4.84,2.75,3.52,0.0,2.53,2.86,0.0,33.22,147.95,54.34,156.53,141.13,100.98,199.32,45.43,16.5,878.9
1.1099,0.0,4.84,2.75,4.73,0.0,0.0,4.29,0.0,32.01,146.3,52.91,158.18,145.97,99.44,202.51,44.0,16.61,881.32
1.1199,0.0,3.19,4.07,3.52,2.75,2.53,0.0,0.0,30.8,141.35,50.05,158.18,149.27,102.52,207.46,45.43,16.06,885.06
1.1299,0.0,3.19,5.5,3.52,2.75,2.53,2.86,0.0,30.8,138.16,45.76,161.26,150.92,103.95,212.3,46.86,20.35,890.01
1.1399,0.0,4.84,2.75,3.52,0.0,3.85,2.86,0.0,29.59,131.56,42.9,161.26,155.76,105.49,217.14,46.86,17.82,890.56
1.1499,0.0,3.19,4.07,3.52,4.18,2.53,2.86,0.0,29.59,129.91,38.61,158.18,158.95,107.03,225.28,48.4,20.35,895.95
1.1599,0.0,3.19,2.75,3.52,2.75,0.0,2.86,0.0,28.27,121.66,34.32,158.18,163.9,108.46,233.75,45.43,15.07,893.97
1.1699,0.0,4.84,5.5,4.73,0.0,0.0,2.86,0.0,25.85,111.76,28.6,159.72,165.44,110.0,240.68,49.83,17.93,891.88
1.1799,0.0,3.19,2.75,2.31,0.0,2.53,4.29,0.0,24.64,100.98,20.02,161.26,172.15,113.08,245.74,49.83,15.07,887.7
1.1899,0.0,3.19,2.75,2.31,0.0,0.0,2.86,0.0,22.11,91.74,17.16,162.91,175.78,111.54,256.08,52.8,11.11,890.12
1.1999,0.0,3.19,4.07,3.52,2.75,2.53,2.86,0.0,20.9,79.42,10.01,164.45,179.3,116.49,263.01,55.77,18.92,889.35
1.2099,0.0,4.84,2.75,3.52,2.75,2.53,0.0,0.0,18.48,60.94,7.15,162.91,186.56,118.25,276.76,55.77,16.39,886.82
1.2199,0.0,3.19,4.07,3.52,0.0,2.53,2.86,0.0,14.74,42.9,7.15,161.26,186.56,121.77,283.58,55.77,16.17,873.73
1.2299,0.0,3.19,5.5,3.52,2.75,3.85,2.86,0.0,12.32,26.4,4.29,156.53,191.95,123.42,293.81,60.28,21.67,869.0
1.2399,0.0,3.19,4.07,3.52,2.75,2.53,0.0,0.0,9.79,21.45,4.29,151.8,190.19,123.42,304.04,63.36,16.06,868.34
1.2499,0.0,3.19,2.75,3.52,0.0,0.0,0.0,0.0,8.58,21.45,2.86,142.34,191.95,125.18,310.75,66.44,9.46,869.55
1.2599,0.0,3.19,4.07,3.52,2.75,2.53,0.0,0.0,6.16,18.15,4.29,134.42,186.56,128.7,320.98,71.06,16.06,870.32
1.2699,0.0,3.19,2.75,2.31,0.0,2.53,2.86,0.0,4.84,14.85,2.86,129.69,186.56,128.7,327.8,74.14,13.64,869.44
1.2799,0.0,3.19,2.75,3.52,0.0,2.53,0.0,0.0,4.84,14.85,2.86,118.69,182.93,126.94,338.03,78.65,11.99,867.79
1.2899,0.0,3.19,4.07,3.52,0.0,0.0,2.86,0.0,3.63,14.85,2.86,107.91,179.3,130.46,348.26,84.81,13.64,872.08
1.2999,0.0,0.0,4.07,2.31,2.75,2.53,2.86,0.0,2.42,9.9,0.0,95.92,179.3,130.46,361.9,89.43,14.52,869.33
1.3099,0.0,0.0,4.07,4.73,0.0,0.0,0.0,0.0,0.0,9.9,0.0,84.04,173.91,128.7,372.13,95.48,8.8,864.16
1.3199,3.41,0.0,4.07,2.31,0.0,2.53,0.0,0.0,0.0,8.25,0.0,72.16,172.15,128.7,378.95,101.64,12.32,861.85
1.3299,6.82,0.0,2.75,3.52,0.0,0.0,2.86,0.0,0.0,6.6,0.0,63.14,168.74,128.7,387.53,106.26,15.95,860.97
1.3399,15.4,3.19,2.75,3.52,2.75,3.85,0.0,0.0,0.0,6.6,0.0,54.12,163.9,123.42,396.22,110.88,31.46,855.14
1.3499,27.5,0.0,2.75,3.52,0.0,2.53,0.0,0.0,0.0,8.25,0.0,43.01,160.6,120.01,399.85,112.42,36.3,844.14
1.3599,41.25,0.0,0.0,4.73,4.18,3.85,0.0,0.0,0.0,6.6,0.0,36.63,158.95,116.49,414.15,120.34,54.01,853.16
1.3699,55.11,0.0,0.0,3.52,5.5,3.85,0.0,0.0,0.0,8.25,0.0,25.41,155.76,113.08,423.06,126.72,67.98,852.28
1.3799,65.34,0.0,0.0,3.52,4.18,3.85,2.86,0.0,0.0,8.25,0.0,19.03,152.46,105.49,430.21,131.56,79.75,847.0
1.3899,77.44,0.0,0.0,5.83,5.5,3.85,2.86,0.0,0.0,8.25,0.0,14.3,145.97,93.39,439.23,134.75,95.48,835.89
1.3999,92.95,0.0,4.07,4.73,6.93,3.85,0.0,0.0,0.0,4.95,0.0,14.3,139.59,84.37,435.6,136.29,112.53,815.1
1.4099,108.46,16.17,37.29,7.04,6.93,3.85,2.86,0.0,0.0,6.6,0.0,12.65,126.61,72.27,432.08,136.29,182.6,786.5
1.4199,113.63,61.6,71.83,8.25,6.93,5.17,4.29,0.0,0.0,4.95,0.0,14.3,113.63,60.28,421.3,134.75,271.7,749.21
1.4299,115.39,99.22,99.77,8.25,8.36,5.17,4.29,2.75,0.0,8.25,0.0,15.84,99.77,52.14,408.76,131.56,343.2,716.32
1.4399,117.15,125.84,117.04,10.56,9.68,7.81,5.72,2.75,0.0,4.95,0.0,15.84,85.8,47.41,387.53,126.72,396.55,668.25
1.4499,118.91,145.97,136.73,20.02,9.68,5.17,4.29,4.07,0.0,4.95,0.0,17.49,68.75,41.47,367.07,126.72,444.84,626.45
1.4599,122.43,161.04,148.28,30.69,9.68,6.49,5.72,2.75,0.0,6.6,0.0,17.49,57.97,36.74,315.92,128.37,487.08,563.09
1.4699,125.84,173.03,159.72,38.94,9.68,9.13,5.72,4.07,0.0,4.95,0.0,17.49,54.56,32.01,231.99,120.34,526.13,461.34
1.4799,129.36,187.11,173.25,46.09,9.68,7.81,7.15,4.07,0.0,6.6,0.0,15.84,46.31,28.38,151.47,113.96,564.52,362.56
1.4899,134.64,197.67,186.01,53.13,9.68,9.13,7.15,4.07,0.0,4.95,0.0,12.65,39.71,28.38,102.74,95.48,601.48,283.91
1.4999,139.92,206.47,197.01,57.97,9.68,10.45,8.69,5.5,0.0,4.95,0.0,15.84,34.76,23.65,60.94,67.98,635.69,208.12
1.5099,145.09,215.27,208.01,60.83,13.86,11.77,8.69,5.5,0.0,6.6,0.0,12.65,28.05,20.13,39.93,46.86,669.02,154.22
1.5199,152.13,220.55,218.9,62.26,15.29,13.09,10.12,6.82,0.0,6.6,0.0,9.46,23.1,17.71,28.93,30.8,699.16,116.6
1.5299,159.06,225.72,226.16,66.55,18.04,13.09,10.12,8.25,0.0,4.95,0.0,9.46,18.15,12.98,23.43,22.0,726.99,90.97
1.5399,164.34,232.54,231.44,67.98,20.9,13.09,11.55,9.57,0.0,6.6,0.0,9.46,14.85,11.77,16.5,14.63,751.41,73.81
1.5499,167.86,234.3,238.59,70.84,20.9,14.41,11.55,9.57,0.0,3.3,0.0,7.92,11.55,8.25,15.18,10.23,768.02,56.43
1.5599,171.38,237.82,240.35,72.27,23.65,17.05,14.41,12.32,0.0,3.3,0.0,7.92,9.9,5.83,12.32,5.83,789.25,45.1
1.5699,171.38,239.47,243.98,75.13,26.4,19.58,15.84,12.32,0.0,4.95,0.0,4.73,8.25,5.83,9.57,4.4,804.1,37.73
1.5799,173.14,241.23,245.74,77.99,26.4,20.9,14.41,13.75,0.0,4.95,0.0,4.73,8.25,7.04,9.57,7.26,813.56,41.8
1.5899,171.38,242.99,240.35,79.42,29.26,22.22,17.38,13.75,0.0,4.95,0.0,4.73,8.25,5.83,9.57,4.4,816.75,37.73
1.5999,167.86,241.23,238.59,82.28,29.26,24.86,17.38,15.18,0.0,3.3,0.0,6.27,6.6,5.83,8.25,5.83,816.64,36.08
1.6099,162.58,241.23,233.31,85.14,29.26,26.18,18.81,16.5,0.0,3.3,0.0,6.27,4.95,3.52,9.57,5.83,813.01,33.44
1.6199,157.3,237.82,226.16,89.43,30.58,26.18,21.67,16.5,0.0,4.95,0.0,6.27,6.6,3.52,9.57,4.4,805.64,35.31
1.6299,148.61,236.06,218.9,90.86,33.44,30.14,26.07,15.18,0.0,4.95,0.0,4.73,3.3,4.73,8.25,0.0,799.26,25.96
1.6399,143.33,232.54,217.14,95.15,34.76,31.46,30.36,16.5,0.0,3.3,0.0,6.27,6.6,3.52,8.25,4.4,801.24,32.34
1.6499,136.4,229.13,209.77,99.44,36.19,34.1,33.22,17.93,0.0,3.3,0.0,6.27,3.3,3.52,6.82,4.4,796.18,27.61
1.6599,129.36,225.72,206.14,103.73,37.62,36.74,36.19,17.93,0.0,0.0,0.0,4.73,6.6,4.73,5.5,2.86,793.43,24.42
1.6699,124.19,222.2,202.51,108.02,38.94,39.27,40.48,19.25,0.0,3.3,0.0,6.27,4.95,2.31,8.25,2.86,794.86,27.94
1.6799,120.67,218.79,200.64,112.42,41.8,41.91,44.88,19.25,0.0,3.3,0.0,3.08,3.3,3.52,6.82,2.86,800.36,22.88
1.6899,115.39,213.51,198.77,113.96,43.12,45.87,49.17,19.25,0.0,4.95,0.0,4.73,4.95,2.31,5.5,0.0,799.04,22.44
1.6999,111.87,209.99,197.01,120.12,44.55,48.51,53.57,20.68,0.0,3.3,0.0,3.08,3.3,3.52,5.5,2.86,806.3,21.56
1.7099,106.7,206.47,197.01,121.66,45.98,52.47,57.86,20.68,0.0,4.95,0.0,6.27,4.95,3.52,4.07,2.86,808.83,26.62
1.7199,103.29,201.19,191.51,127.82,48.73,55.11,62.37,22.0,0.0,3.3,0.0,4.73,3.3,2.31,5.5,2.86,812.02,22.0
1.7299,98.12,197.67,187.88,132.55,50.16,57.86,66.77,23.43,0.0,0.0,0.0,4.73,0.0,2.31,5.5,2.86,814.44,15.4
1.7399,91.19,192.39,182.38,137.17,50.16,60.72,72.71,24.75,0.0,0.0,0.0,4.73,4.95,3.52,2.75,2.86,811.47,18.81
1.7499,86.02,185.35,176.88,141.79,52.91,64.9,78.76,24.75,0.0,4.95,0.0,0.0,4.95,2.31,5.5,0.0,811.36,17.71
1.7599,79.2,178.31,167.97,144.87,55.77,70.62,84.7,26.18,0.0,0.0,0.0,4.73,4.95,0.0,4.07,2.86,807.62,16.61
1.7699,72.27,169.51,163.02,149.49,57.2,74.8,89.21,27.5,0.0,0.0,0.0,4.73,3.3,3.52,4.07,0.0,803.0,15.62
1.7799,67.1,161.04,154.77,154.22,58.63,77.66,95.15,28.93,0.0,3.3,0.0,4.73,0.0,3.52,4.07,2.86,797.5,18.48
1.7899,63.69,150.92,149.93,157.3,61.6,81.95,101.09,27.5,0.0,0.0,0.0,4.73,3.3,2.31,2.75,2.86,793.98,15.95
1.7999,58.52,142.56,143.33,160.38,64.57,86.13,108.57,30.36,0.0,4.95,0.0,3.08,3.3,2.31,4.07,2.86,794.42,20.57
1.8099,55.11,134.2,133.43,165.0,67.54,88.99,114.62,30.36,0.0,0.0,0.0,4.73,0.0,2.31,4.07,2.86,789.25,13.97
1.8199,53.35,125.84,128.59,168.19,71.94,93.17,122.65,33.11,0.0,0.0,0.0,4.73,3.3,2.31,2.75,2.86,796.84,15.95
1.8299,49.94,119.13,121.99,173.03,73.37,98.89,132.33,33.11,0.0,0.0,0.0,4.73,0.0,2.31,2.75,2.86,801.79,12.65
1.8399,46.42,110.77,113.85,176.22,77.77,101.75,145.2,35.86,0.0,4.95,0.0,0.0,0.0,2.31,4.07,4.4,807.84,15.73
1.8499,43.01,100.87,104.5,179.52,82.17,104.5,154.88,38.61,0.0,0.0,0.0,4.73,3.3,3.52,0.0,2.86,808.06,14.41
1.8599,39.6,91.08,95.15,181.06,86.57,110.22,167.75,41.36,0.0,3.3,0.0,0.0,3.3,2.31,2.75,0.0,812.79,11.66
1.8699,37.84,81.29,87.34,182.71,91.08,113.08,177.76,46.86,0.0,3.3,0.0,4.73,0.0,0.0,2.75,0.0,817.96,10.78
1.8799,34.43,69.74,76.45,185.9,95.48,117.7,190.08,52.36,0.0,3.3,0.0,3.08,0.0,2.31,0.0,0.0,822.14,8.69
1.8899,30.91,56.65,62.48,190.85,96.91,122.32,204.05,56.54,0.0,0.0,0.0,4.73,3.3,2.31,2.75,2.86,820.71,15.95
1.8999,27.5,46.97,52.47,190.85,102.85,123.86,214.61,65.34,0.0,3.3,0.0,3.08,3.3,2.31,2.75,0.0,824.45,14.74
1.9099,25.74,38.83,41.36,190.85,107.25,128.48,228.47,74.36,0.0,0.0,0.0,4.73,0.0,2.31,0.0,2.86,835.34,9.9
1.9199,24.09,29.15,30.36,192.39,110.22,128.48,243.76,83.27,0.0,3.3,0.0,4.73,0.0,2.31,0.0,0.0,841.72,10.34
1.9299,24.09,24.31,23.43,190.85,111.87,134.53,255.64,90.75,0.0,0.0,0.0,4.73,0.0,2.31,4.07,2.86,855.47,13.97
1.9399,18.92,19.36,17.93,190.85,115.28,136.07,271.04,101.2,0.0,4.95,0.0,3.08,0.0,0.0,0.0,0.0,870.65,8.03
1.9499,13.75,14.52,13.75,189.2,115.28,137.61,284.46,110.11,0.0,3.3,0.0,4.73,0.0,0.0,4.07,0.0,878.68,12.1
1.9599,10.23,12.87,12.43,185.9,115.28,142.23,297.77,120.89,0.0,0.0,0.0,3.08,0.0,2.31,2.75,0.0,897.6,8.14
1.9699,6.82,11.33,12.43,176.22,115.28,145.31,314.38,134.75,0.0,0.0,0.0,4.73,0.0,2.31,0.0,0.0,916.52,7.04
1.9799,3.41,9.68,8.25,163.46,113.63,146.85,330.99,145.64,0.0,0.0,0.0,4.73,0.0,2.31,0.0,0.0,921.91,7.04
1.9899,0.0,8.03,8.25,144.87,108.68,149.82,347.05,157.96,0.0,0.0,0.0,3.08,0.0,2.31,2.75,0.0,924.66,8.14
1.9999,0.0,8.03,8.25,126.28,107.25,148.39,361.57,168.74,0.0,0.0,0.0,3.08,0.0,3.52,0.0,2.86,928.51,9.46
2.0099,0.0,8.03,8.25,105.16,99.88,151.36,374.33,177.21,0.0,0.0,0.0,0.0,0.0,2.31,2.75,0.0,924.22,5.06
2.0199,0.0,6.38,6.82,86.57,93.94,148.39,386.98,184.14,2.42,3.3,0.0,0.0,0.0,2.31,2.75,0.0,913.22,10.78
2.0299,0.0,6.38,6.82,67.98,86.57,145.31,396.0,194.59,3.63,0.0,0.0,0.0,3.3,2.31,2.75,0.0,903.65,11.99
2.0399,0.0,6.38,6.82,50.82,77.77,143.77,408.76,199.76,6.16,4.95,0.0,3.08,3.3,2.31,0.0,0.0,894.08,19.8
2.0499,0.0,6.38,6.82,36.63,67.54,137.61,419.54,208.45,8.58,4.95,0.0,3.08,3.3,3.52,2.75,0.0,882.97,26.18
2.0599,0.0,6.38,6.82,22.44,54.34,130.02,423.17,210.21,19.69,3.3,0.0,6.27,6.6,3.52,0.0,0.0,853.38,39.38
2.0699,0.0,4.84,5.5,12.98,41.8,117.7,419.54,208.45,39.38,6.6,0.0,7.92,6.6,5.83,4.07,0.0,810.81,70.4
2.0799,0.0,6.38,6.82,11.77,32.01,100.32,399.63,204.93,59.29,8.25,0.0,9.46,8.25,5.83,4.07,0.0,761.86,95.15
2.0899,0.0,4.84,5.5,9.46,32.01,79.09,356.18,201.52,83.38,36.3,0.0,7.92,9.9,8.25,2.75,0.0,688.6,148.5
2.0999,0.0,4.84,6.82,7.04,29.26,56.43,277.86,199.76,139.81,151.25,12.87,11.11,11.55,7.04,5.5,0.0,582.01,339.13
2.1099,0.0,6.38,4.07,7.04,27.83,41.91,167.75,198.0,155.43,249.81,88.22,9.46,11.55,8.25,4.07,0.0,452.98,526.79
2.1199,0.0,6.38,5.5,5.83,23.65,27.5,90.64,192.83,151.14,313.39,155.87,14.3,13.2,7.04,6.82,0.0,352.33,661.76
2.1299,0.0,6.38,6.82,3.52,18.04,26.18,50.6,151.8,145.53,345.84,203.94,34.98,16.5,10.67,8.25,5.83,263.34,771.54
2.1399,0.0,6.38,4.07,3.52,15.29,19.58,39.05,98.12,138.49,356.29,235.18,72.16,19.8,12.98,12.32,7.26,186.01,854.48
2.1498,0.0,6.38,4.07,2.31,12.54,15.73,30.36,72.82,132.77,354.53,251.68,92.95,23.1,16.61,15.18,11.66,144.21,898.48
2.1598,0.0,4.84,5.5,2.31,8.36,11.77,18.81,48.29,129.91,358.05,254.98,101.97,31.46,17.71,16.5,13.2,99.88,923.78
2.1698,0.0,4.84,4.07,2.31,5.5,7.81,14.41,27.5,125.73,354.53,259.93,110.88,41.36,17.71,13.75,11.66,66.44,935.55
2.1798,0.0,4.84,5.5,0.0,4.18,6.49,8.69,9.57,122.87,354.53,261.58,117.15,49.61,18.92,17.93,14.63,39.27,957.22
2.1898,0.0,4.84,2.75,0.0,2.75,5.17,8.69,0.0,122.87,352.77,261.58,118.69,56.21,18.92,17.93,16.06,24.2,965.03
2.1998,0.0,4.84,2.75,2.31,2.75,3.85,5.72,0.0,121.44,354.53,259.93,123.42,57.97,18.92,17.93,16.06,22.22,970.2
2.2098,0.0,3.19,4.07,2.31,2.75,2.53,5.72,0.0,120.01,354.53,258.28,123.42,62.59,16.61,19.25,17.6,20.57,972.29
2.2198,0.0,3.19,2.75,0.0,0.0,2.53,5.72,0.0,117.26,349.25,253.33,120.23,61.05,18.92,19.25,14.63,14.19,953.92
2.2298,0.0,4.84,2.75,2.31,0.0,2.53,5.72,0.0,114.4,345.84,245.08,120.23,62.59,17.71,17.93,17.6,18.15,941.38
2.2398,0.0,3.19,4.07,2.31,0.0,2.53,4.29,0.0,110.22,338.8,236.83,117.15,62.59,16.61,20.68,17.6,16.39,920.48
2.2498,0.0,3.19,4.07,0.0,0.0,0.0,0.0,0.0,104.83,331.87,230.23,117.15,62.59,17.71,20.68,17.6,7.26,902.66
2.2598,0.0,4.84,4.07,2.31,0.0,2.53,2.86,0.0,100.76,326.81,223.63,117.15,61.05,16.61,19.25,17.6,16.61,882.86
2.2698,0.0,3.19,2.75,2.31,0.0,2.53,2.86,0.0,94.05,315.04,213.73,117.15,64.13,17.71,20.68,17.6,13.64,860.09
2.2798,0.0,0.0,2.75,0.0,0.0,2.53,0.0,0.0,88.77,309.98,207.24,113.96,65.67,17.71,22.0,14.63,5.28,839.96
2.2898,0.0,3.19,2.75,0.0,0.0,0.0,2.86,0.0,83.38,296.56,199.1,113.96,67.21,18.92,24.75,19.03,8.8,822.91
2.2998,0.0,3.19,4.07,0.0,0.0,0.0,0.0,0.0,79.31,289.85,195.8,112.42,70.29,20.13,26.18,17.6,7.26,811.58
2.3098,0.0,3.19,4.07,0.0,0.0,2.53,0.0,0.0,74.03,281.38,194.26,115.5,73.37,20.13,33.11,20.46,9.79,812.24
2.3198,0.0,3.19,4.07,0.0,0.0,2.53,0.0,0.0,69.96,267.52,189.31,117.15,78.1,22.44,38.61,22.0,9.79,805.09
2.3298,0.0,3.19,2.75,0.0,0.0,0.0,0.0,0.0,66.0,260.48,186.01,117.15,82.72,23.65,45.54,22.0,5.94,803.55
2.3398,0.0,3.19,4.07,0.0,0.0,0.0,0.0,0.0,60.61,248.05,182.82,120.23,85.8,28.38,53.79,23.43,7.26,803.11
2.3498,0.0,3.19,2.75,0.0,0.0,0.0,0.0,0.0,57.97,241.01,182.82,120.23,90.42,30.8,66.88,23.43,5.94,813.56
2.3598,0.0,3.19,4.07,0.0,0.0,0.0,0.0,0.0,54.23,226.93,179.52,123.42,90.42,34.32,77.33,27.83,7.26,814.0
2.3698,0.0,3.19,4.07,0.0,0.0,0.0,0.0,0.0,49.28,213.29,176.33,123.42,95.04,39.05,89.21,27.83,7.26,813.45
2.3798,0.0,3.19,4.07,0.0,0.0,0.0,0.0,0.0,45.54,201.41,171.38,124.96,101.31,43.89,99.66,29.26,7.26,817.41
2.3898,0.0,3.19,4.07,0.0,0.0,0.0,0.0,0.0,41.91,187.99,165.11,128.15,105.93,47.41,116.27,32.23,7.26,825.0
2.3998,0.0,3.19,2.75,0.0,0.0,0.0,0.0,0.0,38.17,176.11,158.95,128.15,110.55,52.14,125.51,33.66,5.94,823.24
2.4098,0.0,0.0,2.75,0.0,0.0,0.0,0.0,0.0,35.75,162.8,149.82,131.34,112.09,54.56,136.18,35.2,2.75,817.74
2.4198,0.0,3.19,2.75,0.0,0.0,0.0,0.0,0.0,33.22,149.6,139.04,132.88,116.82,60.28,149.93,36.63,5.94,818.4
2.4298,0.0,3.19,2.75,2.31,0.0,0.0,0.0,0.0,30.8,136.51,128.37,134.42,121.66,64.79,159.17,36.63,8.25,812.35
2.4398,0.0,3.19,4.07,0.0,0.0,0.0,0.0,0.0,28.27,123.31,114.51,136.07,129.8,67.76,170.17,35.2,7.26,805.09
2.4498,0.0,3.19,2.75,0.0,0.0,0.0,0.0,0.0,25.85,111.76,100.65,136.07,134.64,72.27,181.5,39.6,5.94,802.34
2.4598,0.0,3.19,4.07,2.31,0.0,0.0,0.0,0.0,24.64,99.44,86.68,137.61,136.29,75.35,191.18,39.6,9.57,790.79
2.4698,0.0,3.19,2.75,0.0,0.0,0.0,0.0,0.0,22.11,85.58,72.71,137.61,144.43,81.4,207.46,38.06,5.94,789.36
2.4798,0.0,3.19,4.07,0.0,0.0,0.0,0.0,0.0,19.69,70.18,60.28,137.61,152.46,84.37,225.28,42.46,7.26,792.33
2.4898,0.0,3.19,4.07,0.0,0.0,0.0,0.0,0.0,18.48,56.1,47.19,136.07,155.76,93.39,245.74,46.86,7.26,799.59
2.4998,0.0,3.19,0.0,0.0,0.0,0.0,0.0,0.0,17.16,41.25,35.75,132.88,165.44,99.44,268.18,51.26,3.19,811.36
2.5098,0.0,3.19,4.07,0.0,0.0,0.0,0.0,0.0,17.16,33.0,25.74,128.15,175.78,102.52,288.64,57.2,7.26,828.19
2.5198,0.0,3.19,4.07,2.31,0.0,0.0,0.0,0.0,17.16,24.75,17.16,124.96,182.93,103.95,310.75,64.9,9.57,846.56
2.5298,0.0,0.0,4.07,2.31,0.0,0.0,0.0,0.0,12.32,19.8,11.44,121.88,188.32,107.03,332.97,71.06,6.38,864.82
2.5398,0.0,0.0,2.75,2.31,0.0,0.0,0.0,0.0,8.58,16.5,8.58,112.42,193.71,113.08,353.43,78.65,5.06,884.95
2.5498,0.0,0.0,2.75,2.31,0.0,0.0,0.0,0.0,6.16,14.85,8.58,101.97,191.95,113.08,380.71,93.94,5.06,911.24
2.5598,0.0,3.19,2.75,2.31,0.0,0.0,0.0,0.0,3.63,9.9,7.15,89.98,191.95,114.73,401.61,103.18,8.25,922.13
2.5698,0.0,0.0,2.75,2.31,0.0,0.0,0.0,0.0,2.42,8.25,5.72,78.1,190.19,114.73,421.3,112.42,5.06,933.13
2.5798,5.06,0.0,2.75,2.31,0.0,0.0,0.0,0.0,2.42,8.25,2.86,66.11,186.56,114.73,437.36,120.34,10.12,938.63
2.5898,8.58,0.0,0.0,3.52,0.0,0.0,0.0,0.0,0.0,6.6,2.86,57.2,179.3,114.73,451.88,125.18,12.1,937.75
2.5998,10.23,0.0,0.0,2.31,0.0,0.0,0.0,0.0,2.42,8.25,2.86,43.01,173.91,111.54,462.77,133.1,12.54,937.86
2.6098,17.16,0.0,0.0,3.52,2.75,0.0,0.0,0.0,0.0,6.6,4.29,34.98,163.9,108.46,471.79,134.75,23.43,924.77
2.6198,25.74,3.19,2.75,4.73,4.18,0.0,0.0,0.0,0.0,6.6,4.29,25.41,155.76,103.95,477.29,136.29,40.59,909.59
2.6298,41.25,3.19,0.0,4.73,4.18,0.0,0.0,0.0,0.0,6.6,2.86,17.49,141.13,94.93,480.92,134.75,53.35,878.68
2.6398,61.93,0.0,0.0,5.83,4.18,2.53,0.0,0.0,0.0,4.95,2.86,12.65,126.61,85.91,477.29,133.1,74.47,843.37
2.6498,82.61,0.0,0.0,5.83,6.93,2.53,0.0,0.0,0.0,8.25,2.86,9.46,105.93,73.81,462.77,128.37,97.9,791.45
2.6598,105.05,3.19,22.0,5.83,6.93,5.17,2.86,0.0,0.0,3.3,2.86,12.65,87.34,57.2,433.84,125.18,151.03,722.37
2.6698,106.7,11.33,85.8,8.25,6.93,5.17,4.29,2.75,0.0,6.6,2.86,14.3,64.13,47.41,390.94,118.8,231.22,645.04
2.6798,103.29,59.95,135.08,35.42,9.68,7.81,4.29,4.07,0.0,3.3,0.0,14.3,57.97,43.89,310.75,121.99,359.59,552.2
2.6898,101.53,84.48,169.62,66.55,18.04,14.41,10.12,9.57,0.0,4.95,2.86,15.84,47.96,34.32,194.48,128.37,474.32,428.78
2.6998,103.29,92.73,200.64,73.7,29.26,34.1,26.07,20.68,0.0,6.6,2.86,12.65,39.71,26.07,107.14,121.99,580.47,317.02
2.7098,106.7,97.68,222.64,76.56,34.76,43.23,47.74,23.43,0.0,3.3,0.0,12.65,34.76,23.65,48.29,97.02,652.74,219.67
2.7198,106.7,100.87,236.83,79.42,40.37,53.79,66.77,24.75,0.0,4.95,0.0,11.11,28.05,16.61,34.43,64.9,709.5,160.05
2.7298,108.46,104.17,247.5,79.42,44.55,57.86,83.16,28.93,0.0,4.95,0.0,7.92,19.8,12.98,27.5,49.83,754.05,122.98
2.7398,110.22,109.12,259.93,80.85,45.98,62.15,93.61,31.68,0.0,3.3,0.0,7.92,16.5,10.67,19.25,36.63,793.54,94.27
2.7498,110.22,112.42,267.08,82.28,48.73,67.76,99.55,34.43,0.0,6.6,0.0,4.73,9.9,8.25,13.75,23.43,822.47,66.66
2.7598,113.63,117.37,268.84,82.28,50.16,67.76,108.57,37.18,0.0,4.95,0.0,6.27,8.25,4.73,12.32,10.23,845.79,46.75
2.7698,113.63,119.13,272.47,83.71,51.48,69.19,111.54,37.18,0.0,4.95,0.0,6.27,6.6,4.73,9.57,4.4,858.33,36.52
2.7798,113.63,120.78,270.6,86.57,50.16,73.48,111.54,37.18,0.0,0.0,0.0,4.73,6.6,3.52,9.57,4.4,863.94,28.82
2.7898,111.87,120.78,263.56,88.0,51.48,73.48,111.54,35.86,0.0,4.95,0.0,3.08,6.6,2.31,6.82,2.86,856.57,26.62
2.7998,110.22,120.78,256.41,89.43,48.73,73.48,110.0,37.18,0.0,3.3,0.0,4.73,3.3,3.52,8.25,0.0,846.23,23.1
2.8098,106.7,115.72,247.5,89.43,48.73,72.05,105.6,35.86,0.0,0.0,0.0,4.73,4.95,3.52,8.25,4.4,821.59,25.85
2.8198,105.05,114.07,240.35,92.29,47.3,72.05,102.63,30.36,0.0,3.3,0.0,4.73,4.95,0.0,6.82,2.86,804.1,22.66
2.8298,103.29,112.42,227.92,93.72,44.55,70.62,98.12,30.36,0.0,4.95,0.0,4.73,4.95,0.0,6.82,2.86,781.0,24.31
2.8398,99.88,109.12,213.4,93.72,44.55,70.62,93.61,28.93,0.0,3.3,0.0,4.73,4.95,0.0,6.82,2.86,753.83,22.66
2.8498,94.71,104.17,195.14,96.58,45.98,70.62,90.64,28.93,0.0,3.3,0.0,3.08,3.3,2.31,2.75,0.0,726.77,14.74
2.8598,89.54,100.87,184.14,100.87,44.55,69.19,89.21,28.93,0.0,0.0,0.0,4.73,3.3,2.31,5.5,0.0,707.3,15.84
2.8698,86.02,97.68,171.38,105.16,44.55,72.05,89.21,28.93,0.0,0.0,0.0,4.73,3.3,0.0,5.5,2.86,694.98,16.39
2.8798,82.61,92.73,159.72,109.45,43.12,74.8,87.67,28.93,0.0,0.0,0.0,4.73,3.3,0.0,5.5,0.0,679.03,13.53
2.8898,77.44,91.08,153.12,113.96,44.55,77.66,92.18,30.36,0.0,3.3,0.0,4.73,3.3,0.0,4.07,0.0,680.35,15.4
2.8998,74.03,86.13,143.33,118.58,45.98,80.52,92.18,30.36,0.0,3.3,0.0,4.73,0.0,0.0,4.07,0.0,671.11,12.1
2.9098,72.27,82.94,136.73,123.2,47.3,80.52,99.55,28.93,0.0,0.0,0.0,3.08,0.0,0.0,4.07,0.0,671.44,7.15
2.9198,70.51,77.99,135.08,127.82,48.73,84.7,104.06,31.68,0.0,0.0,0.0,3.08,0.0,0.0,4.07,0.0,680.57,7.15
2.9298,68.86,74.69,131.89,129.36,51.48,86.13,108.57,31.68,0.0,3.3,0.0,0.0,3.3,0.0,2.75,0.0,682.66,9.35
2.9398,67.1,71.39,128.59,132.55,51.48,90.42,111.54,33.11,0.0,0.0,0.0,3.08,0.0,0.0,2.75,0.0,686.18,5.83
2.9498,67.1,68.2,125.29,134.09,55.77,91.85,117.81,35.86,0.0,0.0,0.0,3.08,0.0,0.0,2.75,0.0,695.97,5.83
2.9598,65.34,64.9,121.99,138.71,57.2,94.6,124.3,37.18,0.0,3.3,0.0,3.08,0.0,0.0,2.75,0.0,704.22,9.13
2.9698,63.69,59.95,121.99,140.25,57.2,96.03,130.68,41.36,0.0,0.0,0.0,3.08,0.0,0.0,0.0,0.0,711.15,3.08
2.9798,61.93,56.65,113.85,141.79,61.6,98.89,138.71,44.11,0.0,0.0,0.0,3.08,0.0,0.0,0.0,0.0,717.53,3.08
2.9898,60.17,53.46,109.12,143.33,64.57,103.07,143.55,46.86,0.0,0.0,0.0,3.08,0.0,0.0,2.75,0.0,724.13,5.83
2.9998,58.52,46.97,106.04,144.87,68.97,105.93,154.88,51.04,0.0,0.0,0.0,3.08,0.0,0.0,2.75,0.0,737.22,5.83
3.0098,55.11,43.67,96.69,144.87,71.94,108.79,164.45,57.97,0.0,0.0,0.0,3.08,0.0,0.0,0.0,2.86,743.49,5.94
3.0198,53.35,37.18,91.96,146.41,74.8,113.08,177.76,65.34,0.0,0.0,0.0,4.73,0.0,0.0,0.0,0.0,759.88,4.73
3.0298,49.94,33.99,84.26,147.95,79.31,114.62,190.08,72.82,0.0,0.0,0.0,4.73,0.0,0.0,0.0,0.0,772.97,4.73
3.0398,46.42,30.69,76.45,149.49,86.57,116.16,205.81,80.3,0.0,3.3,0.0,3.08,0.0,0.0,2.75,0.0,791.89,9.13
3.0498,43.01,25.85,67.1,152.68,91.08,120.78,219.89,87.78,0.0,3.3,0.0,3.08,0.0,0.0,0.0,0.0,808.17,6.38
3.0598,39.6,21.01,55.22,155.76,95.48,125.4,231.88,96.69,0.0,3.3,0.0,4.73,0.0,0.0,0.0,0.0,821.04,8.03
3.0698,36.08,16.17,44.11,158.84,99.88,130.02,247.17,104.17,0.0,3.3,0.0,3.08,0.0,0.0,0.0,0.0,836.44,6.38
3.0798,30.91,12.87,34.43,157.3,107.25,132.99,262.46,116.27,0.0,0.0,0.0,3.08,0.0,0.0,0.0,2.86,854.48,5.94
3.0898,25.74,9.68,24.86,160.38,110.22,137.61,281.16,125.51,0.0,3.3,0.0,3.08,0.0,0.0,2.75,0.0,875.16,9.13
3.0998,17.16,8.03,16.5,160.38,115.28,142.23,297.77,139.37,0.0,0.0,0.0,3.08,0.0,0.0,0.0,0.0,896.72,3.08
3.1098,10.23,6.38,11.0,157.3,115.28,143.77,316.03,151.8,0.0,0.0,0.0,3.08,0.0,0.0,0.0,0.0,911.79,3.08
3.1198,5.06,4.84,11.0,154.22,115.28,146.85,332.64,164.12,0.0,3.3,0.0,0.0,0.0,0.0,0.0,0.0,934.01,3.3
3.1298,0.0,4.84,8.25,147.95,111.87,151.36,350.68,175.56,0.0,0.0,0.0,0.0,0.0,0.0,0.0,0.0,950.51,0.0
3.1398,0.0,0.0,8.25,134.09,108.68,152.9,367.07,184.14,0.0,0.0,0.0,3.08,0.0,0.0,0.0,0.0,955.13,3.08
3.1498,0.0,3.19,6.82,118.58,104.28,154.44,379.72,196.35,0.0,0.0,0.0,3.08,0.0,0.0,0.0,0.0,963.38,3.08
3.1598,0.0,3.19,6.82,99.44,98.34,154.44,392.37,204.93,0.0,0.0,0.0,0.0,0.0,0.0,0.0,0.0,959.53,0.0
3.1698,0.0,3.19,5.5,80.85,91.08,152.9,405.13,213.62,0.0,0.0,0.0,3.08,0.0,0.0,0.0,0.0,952.27,3.08
3.1798,0.0,3.19,5.5,65.12,82.17,149.82,412.39,220.55,6.16,0.0,0.0,0.0,0.0,0.0,2.75,0.0,938.74,8.91
3.1898,0.0,3.19,5.5,49.61,71.94,146.85,421.41,227.48,7.37,4.95,0.0,0.0,0.0,0.0,0.0,0.0,925.98,12.32
3.1998,0.0,3.19,4.07,35.42,58.63,142.23,426.8,229.13,9.79,3.3,0.0,4.73,3.3,2.31,0.0,0.0,899.47,23.43
3.2098,0.0,3.19,6.82,22.44,45.98,131.45,426.8,229.13,23.43,6.6,0.0,6.27,4.95,2.31,2.75,0.0,865.81,46.31
3.2198,0.0,3.19,5.5,11.77,33.44,119.24,417.78,224.07,41.91,4.95,0.0,6.27,6.6,4.73,0.0,0.0,814.99,64.46
3.2298,0.0,3.19,5.5,10.56,27.83,100.32,396.0,217.14,60.61,8.25,2.86,9.46,6.6,4.73,4.07,0.0,760.54,96.58
3.2398,0.0,4.84,6.82,9.46,26.4,77.66,352.55,206.69,83.38,26.4,4.29,9.46,9.9,7.04,4.07,0.0,684.42,144.54
3.2498,0.0,3.19,5.5,5.83,27.83,52.47,272.69,198.0,117.26,108.68,5.72,11.11,9.9,5.83,5.5,0.0,565.51,264.0
3.2598,0.0,3.19,4.07,4.73,23.65,36.74,164.45,194.59,161.04,214.94,44.33,12.65,8.25,9.46,2.75,0.0,431.42,453.42
3.2698,0.0,4.84,5.5,4.73,20.9,27.5,84.7,180.73,159.61,291.5,123.75,12.65,11.55,5.83,5.5,0.0,328.9,610.39
3.2798,0.0,4.84,2.75,2.31,18.04,23.54,47.74,137.83,151.14,333.63,182.82,15.84,13.2,8.25,6.82,0.0,237.05,711.7
3.2898,0.0,0.0,2.75,2.31,13.86,19.58,37.62,89.21,139.81,349.25,225.28,60.17,14.85,9.46,11.0,7.26,165.33,817.08
3.2998,0.0,3.19,4.07,3.52,9.68,15.73,26.07,65.34,131.34,351.01,248.38,87.01,23.1,16.61,15.18,10.23,127.6,882.86
3.3098,0.0,3.19,4.07,0.0,8.36,10.45,18.81,41.36,124.3,344.08,254.98,104.94,31.46,17.71,16.5,14.63,86.24,908.6
3.3198,0.0,3.19,4.07,0.0,4.18,7.81,11.55,22.0,118.69,342.32,259.93,117.15,44.66,16.61,16.5,14.63,52.8,930.49
3.3298,0.0,0.0,0.0,0.0,2.75,5.17,10.12,6.82,114.4,342.32,259.93,124.96,51.26,18.92,15.18,16.06,24.86,943.03
3.3398,0.0,0.0,4.07,2.31,2.75,3.85,7.15,2.75,108.79,338.8,256.63,131.34,59.51,18.92,15.18,17.6,22.88,946.77
3.3498,0.0,0.0,2.75,2.31,2.75,2.53,4.29,0.0,103.51,338.8,246.73,139.15,64.13,16.61,17.93,16.06,14.63,942.92
3.3598,0.0,0.0,0.0,2.31,2.75,3.85,5.72,0.0,98.12,335.28,238.48,145.53,67.21,20.13,17.93,17.6,14.63,940.28
3.3698,0.0,0.0,0.0,2.31,2.75,2.53,4.29,0.0,91.41,328.57,228.58,148.72,71.83,20.13,19.25,19.03,11.88,927.52
3.3798,0.0,0.0,4.07,0.0,0.0,2.53,2.86,0.0,84.7,320.1,218.68,148.72,73.37,20.13,24.75,22.0,9.46,912.45
3.3898,0.0,3.19,0.0,0.0,2.75,0.0,2.86,0.0,77.99,308.33,208.89,153.45,76.45,20.13,26.18,22.0,8.8,893.42
3.3998,0.0,0.0,2.75,0.0,0.0,3.85,4.29,0.0,71.28,296.56,197.45,153.45,78.1,22.44,26.18,20.46,10.89,865.92
3.4098,0.0,0.0,4.07,0.0,0.0,2.53,4.29,0.0,63.25,284.79,186.01,158.18,79.64,21.34,28.93,22.0,10.89,844.14
3.4198,0.0,0.0,4.07,0.0,0.0,2.53,2.86,0.0,55.44,267.52,171.38,159.72,79.64,23.65,33.11,23.43,9.46,813.89
3.4298,0.0,0.0,0.0,2.31,0.0,2.53,0.0,0.0,49.28,251.68,158.95,162.91,84.26,26.07,34.43,23.43,4.84,791.01
3.4398,0.0,0.0,0.0,0.0,0.0,2.53,2.86,0.0,44.33,235.73,145.2,167.75,87.34,24.86,39.93,23.43,5.39,768.57
3.4498,0.0,0.0,2.75,0.0,0.0,2.53,2.86,0.0,39.38,218.35,132.88,171.27,88.88,27.28,44.11,24.86,8.14,747.01
3.4598,0.0,0.0,0.0,0.0,0.0,2.53,0.0,0.0,36.96,203.17,120.67,174.68,90.42,32.01,48.29,24.86,2.53,731.06
3.4698,0.0,0.0,2.75,0.0,0.0,0.0,0.0,0.0,34.43,186.23,111.43,178.09,95.04,32.01,56.54,27.83,2.75,721.6
3.4798,0.0,0.0,4.07,0.0,0.0,0.0,0.0,0.0,33.22,172.81,102.19,179.85,98.23,37.95,62.37,29.26,4.07,715.88
3.4898,0.0,0.0,2.75,0.0,0.0,0.0,0.0,0.0,30.8,156.2,97.46,179.85,99.77,41.47,77.33,30.8,2.75,713.68
3.4998,0.0,0.0,2.75,0.0,0.0,0.0,0.0,0.0,29.59,143.0,92.84,179.85,102.85,44.99,87.78,29.26,2.75,710.16
3.5098,0.0,0.0,2.75,0.0,0.0,0.0,0.0,0.0,28.27,128.26,89.76,178.09,107.47,50.93,104.17,32.23,2.75,719.18
3.5198,0.0,0.0,2.75,0.0,0.0,0.0,0.0,0.0,27.06,113.41,85.03,172.92,110.55,57.2,120.89,36.63,2.75,723.69
3.5298,0.0,0.0,2.75,0.0,0.0,0.0,0.0,0.0,25.85,99.44,83.49,164.45,116.82,63.25,137.72,35.2,2.75,726.22
3.5398,0.0,0.0,2.75,0.0,0.0,0.0,0.0,0.0,24.64,88.66,81.95,159.72,120.12,67.76,154.55,38.06,2.75,735.46
3.5498,0.0,0.0,2.75,0.0,0.0,0.0,0.0,0.0,23.43,77.88,78.87,153.45,123.31,72.27,173.36,41.03,2.75,743.6
3.5598,0.0,0.0,2.75,0.0,0.0,0.0,0.0,0.0,22.11,70.18,75.79,147.07,131.45,76.78,192.83,44.0,2.75,760.21
3.5698,0.0,0.0,2.75,2.31,0.0,0.0,0.0,0.0,20.9,65.56,69.52,145.53,139.59,81.4,207.46,41.03,5.06,770.99
3.5797,0.0,0.0,2.75,2.31,0.0,0.0,0.0,0.0,19.69,56.1,61.82,145.53,147.62,84.37,225.28,46.86,5.06,787.27
3.5897,0.0,0.0,0.0,0.0,0.0,0.0,0.0,0.0,18.48,47.85,50.05,142.34,154.11,90.42,240.68,46.86,0.0,790.79
3.5997,0.0,0.0,2.75,0.0,0.0,0.0,0.0,0.0,17.16,39.6,38.61,139.15,158.95,90.42,261.25,51.26,2.75,796.4
3.6097,0.0,0.0,2.75,2.31,0.0,0.0,0.0,0.0,15.95,28.05,24.31,137.61,165.44,94.93,276.76,57.2,5.06,800.25
3.6197,0.0,0.0,0.0,0.0,0.0,0.0,0.0,0.0,14.74,21.45,15.73,131.34,172.15,99.44,295.46,61.82,0.0,812.13
3.6297,0.0,0.0,2.75,2.31,0.0,0.0,0.0,0.0,12.32,18.15,8.58,124.96,177.54,100.98,319.33,71.06,5.06,832.92
3.6397,0.0,0.0,0.0,0.0,0.0,0.0,0.0,0.0,8.58,13.2,7.15,115.5,182.93,102.52,341.44,80.19,0.0,851.51
3.6497,0.0,0.0,2.75,2.31,0.0,0.0,0.0,0.0,6.16,11.55,7.15,107.91,184.8,103.95,361.9,89.43,5.06,872.85
3.6597,0.0,0.0,2.75,2.31,0.0,0.0,0.0,0.0,3.63,9.9,5.72,95.92,184.8,107.03,380.71,98.56,5.06,886.27
3.6697,0.0,0.0,2.75,2.31,0.0,0.0,0.0,0.0,2.42,6.6,2.86,87.01,182.93,105.49,401.61,107.8,5.06,896.72
3.6797,0.0,0.0,0.0,3.52,0.0,0.0,0.0,0.0,2.42,4.95,2.86,73.59,181.17,107.03,423.06,115.61,3.52,910.69
3.6897,0.0,0.0,0.0,2.31,0.0,0.0,0.0,0.0,2.42,8.25,4.29,60.17,175.78,105.49,439.23,123.53,2.31,919.16
3.6997,3.41,0.0,0.0,2.31,0.0,0.0,0.0,0.0,0.0,4.95,4.29,49.39,170.39,102.52,459.14,131.56,5.72,922.24
3.7097,6.82,0.0,0.0,4.73,2.75,0.0,0.0,0.0,2.42,6.6,2.86,34.98,165.44,99.44,473.66,139.48,14.3,924.88
3.7197,15.4,0.0,0.0,5.83,4.18,0.0,0.0,0.0,0.0,4.95,0.0,28.6,157.41,96.47,480.92,142.78,25.41,911.13
3.7297,39.6,0.0,0.0,4.73,2.75,2.53,0.0,0.0,0.0,3.3,0.0,17.49,149.27,93.39,486.31,145.97,49.61,895.73
3.7397,72.27,0.0,0.0,3.52,4.18,2.53,0.0,0.0,0.0,6.6,2.86,14.3,134.64,84.37,489.94,145.97,82.5,878.68
3.7497,98.12,0.0,0.0,7.04,4.18,2.53,0.0,0.0,0.0,3.3,2.86,12.65,118.47,76.78,484.55,144.32,111.87,842.93
3.7597,138.16,17.82,24.86,7.04,5.5,3.85,0.0,0.0,0.0,3.3,0.0,11.11,101.31,64.79,466.4,141.13,197.23,788.04
3.7697,153.89,104.17,104.5,8.25,4.18,5.17,4.29,0.0,0.0,4.95,2.86,11.11,79.64,52.14,440.99,134.75,384.45,726.44
3.7797,141.57,161.04,158.07,10.56,6.93,5.17,4.29,2.75,0.0,0.0,2.86,14.3,61.05,44.99,392.7,129.91,490.38,645.81
3.7897,131.12,187.11,198.77,37.84,8.36,6.49,4.29,4.07,2.42,3.3,0.0,15.84,51.26,36.74,293.81,129.91,578.05,533.28
3.7997,124.19,194.15,224.4,56.76,19.47,14.41,10.12,11.0,0.0,0.0,0.0,15.84,44.66,29.59,165.33,131.56,654.5,386.98
3.8097,122.43,192.39,242.11,67.98,26.4,28.82,28.93,17.93,0.0,3.3,0.0,14.3,34.76,24.86,84.81,117.15,726.99,279.18
3.8197,122.43,197.67,254.65,72.27,33.44,40.59,49.17,20.68,0.0,0.0,0.0,12.65,29.81,21.34,42.68,87.89,790.9,194.37
3.8297,125.84,201.19,267.08,73.7,37.62,48.51,65.34,23.43,0.0,4.95,2.86,6.27,24.75,16.61,33.11,60.28,842.71,148.83
3.8397,129.36,204.71,272.47,75.13,40.37,51.15,81.73,24.75,0.0,3.3,0.0,6.27,19.8,11.77,26.18,48.4,879.67,115.72
3.8497,132.88,208.23,277.75,76.56,41.8,55.11,90.64,24.75,0.0,4.95,0.0,3.08,13.2,8.25,15.18,32.23,907.72,76.89
3.8597,136.4,211.75,281.38,77.99,43.12,59.29,98.12,26.18,0.0,4.95,0.0,4.73,9.9,7.04,13.75,17.6,934.23,57.97
3.8697,138.16,215.27,281.38,79.42,45.98,60.72,104.06,27.5,0.0,0.0,0.0,6.27,8.25,4.73,11.0,7.26,952.49,37.51
3.8797,138.16,218.79,281.38,80.85,47.3,63.58,107.03,27.5,0.0,0.0,0.0,4.73,6.6,3.52,9.57,5.83,964.59,30.25
3.8897,138.16,218.79,275.99,83.71,47.3,63.58,111.54,27.5,0.0,0.0,0.0,4.73,4.95,3.52,8.25,4.4,966.57,25.85
3.8997,134.64,217.03,272.47,83.71,47.3,66.33,113.08,28.93,0.0,0.0,0.0,4.73,0.0,3.52,8.25,5.83,963.49,22.33
3.9097,129.36,215.27,265.32,86.57,47.3,66.33,113.08,28.93,0.0,0.0,0.0,4.73,4.95,3.52,8.25,4.4,952.16,25.85
3.9197,124.19,211.75,258.17,89.43,44.55,67.76,110.0,28.93,0.0,0.0,0.0,6.27,3.3,2.31,6.82,4.4,934.78,23.1
3.9297,117.15,206.47,247.5,90.86,45.98,69.19,108.57,27.5,0.0,0.0,0.0,3.08,3.3,2.31,4.07,4.4,913.22,17.16
3.9397,108.46,199.43,235.07,93.72,44.55,69.19,107.03,27.5,0.0,0.0,0.0,4.73,4.95,2.31,5.5,2.86,884.95,20.35
3.9497,98.12,195.91,220.77,96.58,44.55,69.19,102.63,28.93,0.0,0.0,0.0,4.73,3.3,2.31,4.07,2.86,856.68,17.27
3.9597,91.19,188.87,209.77,99.44,43.12,72.05,102.63,27.5,0.0,0.0,0.0,3.08,3.3,0.0,5.5,0.0,834.57,11.88
3.9697,82.61,181.83,195.14,102.3,41.8,73.48,99.55,27.5,0.0,0.0,0.0,4.73,3.3,2.31,2.75,2.86,804.21,15.95
3.9797,75.68,176.55,182.38,106.59,43.12,73.48,98.12,28.93,0.0,3.3,0.0,0.0,3.3,0.0,5.5,2.86,784.85,14.96
3.9897,70.51,166.1,169.62,109.45,44.55,73.48,98.12,27.5,0.0,0.0,0.0,3.08,3.3,0.0,4.07,0.0,759.33,10.45
3.9997,61.93,157.63,161.37,115.5,44.55,76.23,99.55,27.5,0.0,3.3,0.0,0.0,0.0,2.31,4.07,2.86,744.26,12.54
4.0097,58.52,152.68,153.12,115.5,43.12,76.23,104.06,28.93,0.0,0.0,0.0,3.08,0.0,0.0,4.07,2.86,732.16,10.01
4.0197,55.11,144.21,144.98,121.66,45.98,80.52,108.57,30.36,0.0,0.0,0.0,0.0,3.3,0.0,0.0,0.0,731.39,3.3
4.0297,53.35,135.85,140.03,124.74,47.3,83.38,114.62,28.93,0.0,0.0,0.0,0.0,0.0,0.0,0.0,0.0,728.2,0.0
4.0397,49.94,129.14,131.89,124.74,51.48,86.13,122.65,30.36,0.0,0.0,0.0,3.08,0.0,0.0,4.07,2.86,726.33,10.01
4.0497,46.42,120.78,130.24,129.36,54.34,88.99,129.14,33.11,0.0,0.0,0.0,3.08,0.0,2.31,0.0,2.86,732.38,8.25
4.0597,46.42,115.72,126.94,132.55,54.34,91.85,138.71,34.43,0.0,0.0,0.0,0.0,3.3,0.0,2.75,0.0,740.96,6.05
4.0697,44.77,110.77,120.34,132.55,58.63,94.6,146.85,38.61,0.0,0.0,0.0,3.08,3.3,0.0,0.0,2.86,747.12,9.24
4.0797,43.01,102.52,117.04,138.71,63.03,98.89,154.88,39.93,0.0,0.0,0.0,0.0,0.0,0.0,0.0,0.0,758.01,0.0
4.0897,43.01,96.03,112.2,141.79,66.0,101.75,164.45,45.54,0.0,0.0,0.0,3.08,0.0,0.0,2.75,2.86,770.77,8.69
4.0997,39.6,91.08,104.5,143.33,70.4,104.5,174.24,49.61,0.0,0.0,0.0,0.0,0.0,0.0,0.0,2.86,777.26,2.86
4.1097,37.84,82.94,99.77,147.95,71.94,107.36,184.8,55.11,0.0,0.0,0.0,3.08,0.0,0.0,2.75,2.86,787.71,8.69
4.1197,34.43,73.04,90.42,151.14,77.77,110.22,198.77,59.4,0.0,0.0,0.0,3.08,0.0,0.0,2.75,2.86,795.19,8.69
4.1297,32.67,64.9,82.72,154.22,82.17,114.62,211.09,68.31,0.0,0.0,0.0,3.08,0.0,0.0,2.75,0.0,810.7,5.83
4.1397,30.91,53.46,73.37,155.76,86.57,119.24,226.71,75.79,0.0,0.0,0.0,0.0,0.0,0.0,2.75,0.0,821.81,2.75
4.1497,27.5,45.32,62.48,158.84,92.51,122.32,243.76,87.78,0.0,0.0,0.0,0.0,0.0,0.0,0.0,2.86,840.51,2.86
4.1597,25.74,35.64,49.72,161.92,96.91,126.94,259.05,99.66,0.0,0.0,0.0,4.73,0.0,0.0,2.75,2.86,855.58,10.34
4.1697,25.74,27.5,37.29,160.38,99.88,131.45,281.16,113.19,0.0,0.0,0.0,0.0,0.0,0.0,0.0,2.86,876.59,2.86
4.1797,22.33,21.01,24.86,158.84,105.71,136.07,301.07,127.05,0.0,0.0,0.0,0.0,0.0,0.0,0.0,2.86,896.94,2.86
4.1897,20.57,17.82,16.5,154.22,110.22,137.61,321.09,142.56,0.0,0.0,0.0,3.08,0.0,0.0,0.0,0.0,920.59,3.08
4.1997,13.75,14.52,13.75,149.49,111.87,142.23,338.03,154.88,0.0,0.0,0.0,0.0,0.0,0.0,0.0,0.0,938.52,0.0
4.2097,10.23,9.68,11.0,141.79,111.87,142.23,357.94,168.74,0.0,0.0,0.0,3.08,0.0,0.0,0.0,0.0,953.48,3.08
4.2197,5.06,8.03,8.25,130.9,110.22,146.85,377.96,184.14,0.0,0.0,0.0,0.0,0.0,0.0,0.0,0.0,971.41,0.0
4.2297,0.0,6.38,8.25,117.04,107.25,146.85,394.24,196.35,0.0,0.0,0.0,0.0,0.0,0.0,0.0,0.0,976.36,0.0
4.2397,0.0,6.38,6.82,98.01,101.31,148.39,405.13,206.69,0.0,0.0,0.0,0.0,0.0,0.0,0.0,0.0,972.73,0.0
4.2497,0.0,3.19,6.82,80.85,95.48,149.82,417.78,215.38,0.0,0.0,0.0,3.08,0.0,0.0,0.0,0.0,969.32,3.08
4.2597,0.0,4.84,5.5,66.55,88.11,146.85,428.67,225.72,2.42,0.0,0.0,0.0,0.0,0.0,0.0,0.0,966.24,2.42
4.2697,0.0,4.84,6.82,50.82,74.8,143.77,437.69,229.13,6.16,0.0,0.0,0.0,0.0,0.0,0.0,0.0,947.87,6.16
4.2797,0.0,4.84,5.5,38.94,64.57,140.69,443.19,230.89,6.16,0.0,0.0,3.08,0.0,0.0,0.0,0.0,928.62,9.24
4.2897,0.0,4.84,4.07,24.75,51.48,132.99,446.71,227.48,14.74,4.95,0.0,0.0,3.3,2.31,0.0,0.0,892.32,25.3
4.2997,0.0,6.38,6.82,14.19,38.94,120.78,439.56,225.72,33.22,4.95,0.0,4.73,0.0,3.52,2.75,0.0,852.39,49.17
4.3097,0.0,4.84,4.07,10.56,29.26,103.07,423.17,218.79,53.02,3.3,2.86,6.27,6.6,4.73,0.0,0.0,793.76,76.78
4.3197,0.0,4.84,5.5,7.04,27.83,80.52,392.37,206.69,77.99,4.95,2.86,7.92,4.95,5.83,4.07,0.0,724.79,108.57
4.3297,0.0,3.19,5.5,7.04,27.83,56.43,327.69,199.76,124.3,76.34,4.29,6.27,8.25,7.04,4.07,0.0,627.44,230.56
4.3397,0.0,4.84,5.5,4.73,26.4,37.95,219.89,192.83,162.47,203.17,61.82,9.46,9.9,8.25,5.5,0.0,492.14,460.57
4.3497,0.0,4.84,4.07,4.73,22.22,26.18,113.08,185.9,156.86,278.08,146.74,11.11,11.55,7.04,5.5,0.0,361.02,616.88
4.3597,0.0,4.84,4.07,3.52,19.47,23.54,55.0,151.8,146.96,331.87,217.03,22.22,14.85,9.46,6.82,4.4,262.24,753.61
4.3697,0.0,4.84,5.5,3.52,13.86,20.9,40.48,95.15,135.63,349.25,261.58,73.59,18.15,14.19,12.32,10.23,184.25,874.94
4.3797,0.0,4.84,4.07,0.0,11.11,15.73,28.93,68.31,129.91,347.49,288.2,97.46,29.81,16.61,12.32,10.23,132.99,932.03
4.3897,0.0,3.19,2.75,0.0,8.36,10.45,18.81,41.36,124.3,344.08,296.78,109.34,43.01,16.61,15.18,13.2,84.92,962.5
4.3997,0.0,4.84,4.07,0.0,4.18,7.81,12.98,17.93,118.69,335.28,298.54,115.5,57.97,17.71,13.75,16.06,51.81,973.5
4.4097,0.0,3.19,4.07,2.31,4.18,5.17,7.15,5.5,111.54,331.87,291.61,120.23,64.13,16.61,20.68,19.03,31.57,975.7
4.4197,0.0,3.19,2.75,0.0,4.18,5.17,7.15,0.0,106.15,328.57,284.79,123.42,67.21,18.92,27.5,22.0,22.44,978.56
4.4297,0.0,3.19,2.75,0.0,2.75,3.85,7.15,0.0,100.76,326.81,274.78,129.69,73.37,22.44,35.86,22.0,19.69,985.71
4.4397,0.0,3.19,2.75,2.31,0.0,2.53,7.15,2.75,94.05,320.1,264.88,137.61,74.91,24.86,41.36,23.43,20.68,981.2
4.4497,0.0,0.0,4.07,2.31,0.0,2.53,7.15,0.0,88.77,315.04,254.98,140.8,79.64,26.07,45.54,23.43,16.06,974.27
4.4597,0.0,0.0,2.75,2.31,0.0,2.53,5.72,0.0,82.06,306.68,245.08,140.8,79.64,29.59,46.86,24.86,13.31,955.57
4.4697,0.0,3.19,4.07,0.0,0.0,0.0,4.29,0.0,75.35,299.97,235.18,143.99,79.64,29.59,51.04,26.4,11.55,941.16
4.4797,0.0,3.19,2.75,0.0,0.0,2.53,4.29,0.0,68.64,289.85,220.33,147.07,81.18,29.59,51.04,26.4,12.76,914.1
4.4897,0.0,3.19,2.75,2.31,0.0,0.0,2.86,0.0,63.25,283.14,212.19,148.72,81.18,32.01,51.04,24.86,11.11,896.39
4.4997,0.0,3.19,4.07,0.0,0.0,3.85,4.29,0.0,56.65,271.04,200.75,150.26,81.18,30.8,56.54,26.4,15.4,873.62
4.5097,0.0,3.19,0.0,0.0,0.0,2.53,2.86,0.0,51.7,260.48,187.66,154.99,81.18,33.22,56.54,26.4,8.58,852.17
4.5197,0.0,3.19,2.75,0.0,0.0,0.0,2.86,0.0,46.86,249.81,176.33,158.18,84.26,34.32,59.4,26.4,8.8,835.56
4.5297,0.0,0.0,2.75,0.0,0.0,0.0,0.0,0.0,41.91,239.25,163.57,161.26,84.26,35.53,59.4,27.83,2.75,813.01
4.5397,0.0,0.0,2.75,2.31,0.0,0.0,0.0,0.0,38.17,225.17,151.25,166.1,88.88,35.53,65.34,27.83,5.06,798.27
4.5497,0.0,3.19,2.75,0.0,0.0,0.0,0.0,0.0,35.75,214.94,135.96,171.27,91.96,37.95,68.31,29.26,5.94,785.4
4.5597,0.0,0.0,4.07,0.0,0.0,0.0,0.0,0.0,33.22,199.76,126.83,176.44,93.5,41.47,75.79,29.26,4.07,776.27
4.5697,0.0,0.0,2.75,0.0,0.0,0.0,0.0,0.0,30.8,187.99,119.13,178.09,95.04,43.89,80.3,30.8,2.75,766.04
4.5797,0.0,0.0,2.75,0.0,0.0,0.0,0.0,0.0,29.59,174.46,111.43,183.37,101.31,47.41,89.21,32.23,2.75,769.01
4.5897,0.0,3.19,2.75,0.0,0.0,0.0,0.0,0.0,27.06,159.5,102.19,190.19,104.39,50.93,96.69,30.8,5.94,761.75
4.5997,0.0,0.0,2.75,0.0,0.0,0.0,0.0,0.0,25.85,146.3,94.38,191.95,104.39,53.35,105.71,33.66,2.75,755.59
4.6097,0.0,0.0,2.75,0.0,0.0,0.0,0.0,0.0,23.43,133.21,85.03,191.95,110.55,57.2,114.73,33.66,2.75,749.76
4.6197,0.0,3.19,2.75,0.0,0.0,0.0,0.0,0.0,22.11,118.36,77.33,190.19,113.63,63.25,125.51,35.2,5.94,745.58
4.6297,0.0,0.0,2.75,0.0,0.0,0.0,0.0,0.0,20.9,104.06,71.06,186.78,118.47,67.76,137.72,36.63,2.75,743.38
4.6397,0.0,0.0,0.0,2.31,0.0,0.0,0.0,0.0,19.69,88.66,63.36,183.37,124.96,73.81,153.01,38.06,2.31,744.92
4.6497,0.0,0.0,2.75,2.31,0.0,0.0,0.0,0.0,18.48,76.34,54.34,178.09,129.8,76.78,168.52,39.6,5.06,741.95
4.6597,0.0,0.0,2.75,2.31,0.0,0.0,0.0,0.0,17.16,64.02,47.19,169.51,133.1,84.37,187.99,41.03,5.06,744.37
4.6697,0.0,0.0,2.75,0.0,0.0,0.0,0.0,0.0,17.16,52.8,41.47,164.45,141.13,87.34,205.81,39.6,2.75,749.76
4.6797,0.0,0.0,2.75,0.0,0.0,0.0,0.0,0.0,15.95,41.25,31.46,161.26,147.62,90.42,226.93,45.43,2.75,760.32
4.6897,0.0,0.0,2.75,2.31,0.0,0.0,0.0,0.0,15.95,34.65,25.74,158.18,152.46,96.47,245.74,48.4,5.06,777.59
4.6997,0.0,0.0,0.0,3.52,0.0,0.0,0.0,0.0,15.95,26.4,17.16,156.53,160.6,100.98,263.01,51.26,3.52,791.89
4.7097,0.0,0.0,0.0,3.52,0.0,0.0,0.0,0.0,13.53,18.15,10.01,151.8,167.09,103.95,281.82,58.74,3.52,805.09
4.7197,0.0,0.0,2.75,2.31,0.0,0.0,0.0,0.0,8.58,16.5,8.58,145.53,168.74,108.46,307.34,67.98,5.06,831.71
4.7297,0.0,3.19,2.75,2.31,0.0,0.0,0.0,0.0,6.16,13.2,7.15,137.61,172.15,111.54,327.8,78.65,8.25,854.26
4.7397,0.0,0.0,2.75,2.31,0.0,0.0,0.0,0.0,3.63,9.9,4.29,126.61,175.78,116.49,350.02,87.89,5.06,874.61
4.7497,0.0,0.0,2.75,2.31,0.0,0.0,0.0,0.0,3.63,9.9,5.72,117.15,175.78,120.01,367.07,103.18,5.06,902.44
4.7597,0.0,0.0,2.75,2.31,0.0,0.0,0.0,0.0,2.42,9.9,4.29,104.94,173.91,120.01,384.12,112.42,5.06,912.01
4.7697,0.0,0.0,2.75,3.52,0.0,0.0,0.0,0.0,0.0,8.25,4.29,92.95,168.74,123.42,401.61,120.34,6.27,919.6
4.7797,0.0,0.0,2.75,2.31,0.0,0.0,0.0,0.0,0.0,6.6,4.29,78.1,167.09,120.01,423.06,129.91,5.06,929.06
4.7897,0.0,0.0,0.0,2.31,0.0,0.0,0.0,0.0,0.0,4.95,2.86,63.14,163.9,120.01,439.23,137.94,2.31,932.03
4.7997,3.41,0.0,0.0,3.52,0.0,0.0,0.0,0.0,0.0,6.6,2.86,47.74,158.95,114.73,459.14,142.78,6.93,932.8
4.8097,5.06,0.0,0.0,2.31,0.0,0.0,0.0,0.0,0.0,4.95,2.86,34.98,149.27,110.0,473.66,150.7,7.37,926.42
4.8197,13.75,0.0,0.0,3.52,2.75,0.0,0.0,0.0,0.0,4.95,2.86,22.22,144.43,103.95,477.29,152.35,20.02,908.05
4.8297,36.08,0.0,2.75,3.52,4.18,0.0,0.0,0.0,0.0,4.95,0.0,12.65,133.1,93.39,477.29,153.89,46.53,875.27
4.8397,68.86,0.0,0.0,5.83,4.18,2.53,0.0,0.0,0.0,3.3,2.86,14.3,115.28,82.83,464.53,149.16,81.4,832.26
4.8497,99.88,0.0,0.0,5.83,5.5,3.85,0.0,0.0,0.0,3.3,0.0,14.3,96.69,67.76,444.62,145.97,115.06,772.64
4.8597,136.4,6.38,2.75,7.04,5.5,3.85,2.86,0.0,0.0,3.3,0.0,15.84,73.37,57.2,408.76,139.48,164.78,697.95
4.8697,178.53,96.03,93.61,8.25,5.5,5.17,4.29,2.75,0.0,3.3,2.86,17.49,56.21,48.62,341.44,137.94,394.13,607.86
4.8797,171.38,176.55,161.37,7.04,5.5,7.81,4.29,4.07,0.0,3.3,0.0,15.84,51.26,39.05,218.79,145.97,538.01,474.21
4.8897,160.82,225.72,220.77,30.69,8.36,7.81,4.29,4.07,0.0,0.0,0.0,15.84,39.71,29.59,119.35,145.97,662.53,350.46
4.8997,153.89,241.23,256.41,60.83,8.36,9.13,8.69,8.25,0.0,4.95,2.86,9.46,33.11,24.86,56.54,117.15,746.79,248.93
4.9097,152.13,236.06,281.38,72.27,23.65,23.54,15.84,16.5,0.0,0.0,0.0,9.46,28.05,20.13,37.18,78.65,821.37,173.47
4.9197,150.37,232.54,296.34,76.56,32.01,34.1,36.19,20.68,0.0,4.95,0.0,9.46,21.45,12.98,28.93,60.28,878.79,138.05
4.9297,150.37,232.54,303.82,79.42,36.19,44.55,59.4,23.43,0.0,3.3,0.0,6.27,16.5,10.67,23.43,48.4,929.72,108.57
4.9397,152.13,230.89,313.17,80.85,41.8,51.15,77.22,24.75,0.0,3.3,0.0,6.27,11.55,9.46,13.75,27.83,971.96,72.16
4.9497,153.89,232.54,315.04,80.85,44.55,53.79,89.21,26.18,0.0,4.95,0.0,4.73,8.25,4.73,12.32,8.8,996.05,43.78
4.9597,153.89,232.54,315.04,82.28,47.3,56.43,98.12,27.5,0.0,0.0,0.0,6.27,6.6,4.73,11.0,4.4,1013.1,33.0
4.9697,153.89,234.3,311.3,80.85,47.3,56.43,101.09,28.93,0.0,3.3,0.0,4.73,4.95,4.73,8.25,2.86,1014.09,28.82
4.9797,150.37,230.89,307.56,77.99,48.73,59.29,104.06,28.93,0.0,3.3,0.0,6.27,4.95,3.52,8.25,4.4,1007.82,30.69
4.9897,146.85,227.37,300.08,79.42,48.73,57.86,105.6,27.5,0.0,3.3,0.0,3.08,4.95,3.52,8.25,4.4,993.41,27.5
4.9997,141.57,222.2,290.73,80.85,47.3,59.29,102.63,27.5,0.0,0.0,0.0,4.73,0.0,2.31,6.82,2.86,972.07,16.72
5.0096,132.88,217.03,277.75,79.42,45.98,59.29,101.09,28.93,0.0,0.0,0.0,4.73,3.3,3.52,6.82,4.4,942.37,22.77
5.0196,124.19,209.99,265.32,79.42,44.55,59.29,99.55,26.18,0.0,3.3,0.0,3.08,3.3,2.31,2.75,2.86,908.49,17.6
5.0296,115.39,202.95,252.89,83.71,44.55,60.72,99.55,27.5,0.0,3.3,0.0,4.73,0.0,2.31,5.5,2.86,887.26,18.7
5.0396,105.05,195.91,238.59,85.14,45.98,62.15,96.58,27.5,0.0,0.0,0.0,4.73,0.0,2.31,5.5,2.86,856.9,15.4
5.0496,96.36,188.87,224.4,88.0,44.55,63.58,98.12,27.5,0.0,0.0,0.0,3.08,0.0,2.31,2.75,0.0,831.38,8.14
5.0596,87.78,181.83,211.64,90.86,45.98,63.58,96.58,27.5,0.0,0.0,0.0,4.73,0.0,0.0,4.07,2.86,805.75,11.66
5.0696,80.85,173.03,202.51,92.29,45.98,64.9,96.58,26.18,0.0,0.0,0.0,3.08,0.0,2.31,2.75,2.86,782.32,11.0
5.0796,74.03,167.75,189.64,98.01,45.98,64.9,98.12,27.5,0.0,0.0,0.0,3.08,0.0,0.0,4.07,0.0,765.93,7.15
5.0896,70.51,162.69,180.51,100.87,45.98,67.76,99.55,27.5,0.0,0.0,0.0,3.08,0.0,0.0,2.75,0.0,755.37,5.83
5.0996,65.34,157.63,173.25,105.16,45.98,70.62,102.63,28.93,0.0,0.0,0.0,0.0,0.0,0.0,4.07,0.0,749.54,4.07
5.1096,60.17,150.92,166.32,108.02,45.98,73.48,105.6,30.36,0.0,3.3,0.0,0.0,0.0,0.0,4.07,2.86,740.85,10.23
5.1196,56.76,144.21,156.42,110.88,51.48,77.66,110.0,30.36,0.0,3.3,0.0,0.0,0.0,0.0,0.0,2.86,737.77,6.16
5.1296,55.11,135.85,151.47,115.5,52.91,79.09,116.27,33.11,0.0,3.3,0.0,3.08,0.0,0.0,2.75,0.0,739.31,9.13
5.1396,51.59,127.49,148.28,115.5,52.91,83.38,125.84,35.86,0.0,0.0,0.0,3.08,0.0,0.0,0.0,2.86,740.85,5.94
5.1496,49.94,120.78,140.03,118.58,55.77,87.56,135.52,38.61,0.0,0.0,0.0,0.0,0.0,0.0,2.75,0.0,746.79,2.75
5.1596,48.18,112.42,138.38,118.58,61.6,88.99,143.55,46.86,0.0,0.0,0.0,0.0,0.0,0.0,2.75,2.86,758.56,5.61
5.1696,46.42,104.17,131.89,120.12,64.57,91.85,156.42,52.36,0.0,0.0,0.0,3.08,0.0,0.0,0.0,0.0,767.8,3.08
5.1796,44.77,91.08,128.59,120.12,70.4,94.6,172.59,62.37,0.0,0.0,0.0,3.08,0.0,0.0,0.0,2.86,784.52,5.94
5.1896,41.25,84.48,121.99,121.66,76.34,100.32,184.8,69.85,0.0,0.0,0.0,3.08,0.0,0.0,2.75,0.0,800.69,5.83
5.1996,37.84,74.69,113.85,120.12,80.74,101.75,198.77,80.3,0.0,0.0,0.0,3.08,0.0,0.0,0.0,0.0,808.06,3.08
5.2096,36.08,63.25,106.04,118.58,86.57,105.93,216.37,87.78,0.0,3.3,0.0,3.08,0.0,0.0,0.0,2.86,820.6,9.24
5.2196,34.43,53.46,96.69,121.66,92.51,108.79,233.53,101.2,0.0,0.0,0.0,3.08,0.0,0.0,0.0,2.86,842.27,5.94
5.2296,32.67,43.67,84.26,124.74,98.34,113.08,248.93,113.19,0.0,0.0,0.0,0.0,0.0,0.0,0.0,0.0,858.88,0.0
5.2396,29.26,37.18,71.83,126.28,105.71,116.16,267.63,123.97,0.0,3.3,0.0,3.08,0.0,0.0,0.0,0.0,878.02,6.38
5.2496,27.5,30.69,55.22,129.36,111.87,122.32,287.76,136.29,0.0,0.0,0.0,3.08,0.0,0.0,0.0,0.0,901.01,3.08
5.2596,25.74,22.66,42.79,132.55,117.04,126.94,307.78,148.72,0.0,3.3,0.0,3.08,0.0,0.0,0.0,0.0,924.22,6.38
5.2696,24.09,17.82,24.86,127.82,123.86,130.02,329.34,162.58,0.0,0.0,0.0,0.0,0.0,0.0,0.0,2.86,940.39,2.86
5.2796,20.57,12.87,19.25,121.66,127.27,131.45,352.55,173.8,0.0,0.0,0.0,3.08,0.0,0.0,0.0,0.0,959.42,3.08
5.2896,15.4,11.33,13.75,113.96,128.92,134.53,372.46,187.66,0.0,0.0,0.0,3.08,0.0,0.0,0.0,0.0,978.01,3.08
5.2996,10.23,8.03,12.43,105.16,127.27,136.07,390.61,199.76,0.0,0.0,0.0,0.0,0.0,0.0,0.0,0.0,989.56,0.0
5.3096,3.41,8.03,8.25,93.72,123.86,137.61,410.52,213.62,0.0,0.0,0.0,0.0,0.0,0.0,0.0,0.0,999.02,0.0
5.3196,0.0,6.38,8.25,77.99,118.69,139.15,425.04,224.07,0.0,0.0,0.0,3.08,0.0,0.0,0.0,0.0,999.57,3.08
5.3296,0.0,4.84,6.82,65.12,111.87,137.61,444.95,236.06,0.0,0.0,0.0,3.08,0.0,0.0,0.0,0.0,1007.27,3.08
5.3396,0.0,4.84,6.82,50.82,101.31,136.07,459.36,244.64,3.63,0.0,0.0,3.08,0.0,0.0,0.0,0.0,1003.86,6.71
5.3496,0.0,4.84,6.82,38.94,92.51,132.99,472.01,248.05,6.16,0.0,0.0,3.08,0.0,0.0,0.0,0.0,996.16,9.24
5.3596,0.0,4.84,5.5,28.38,79.31,125.4,477.4,253.22,9.79,0.0,0.0,0.0,0.0,2.31,0.0,0.0,974.05,12.1
5.3696,0.0,6.38,5.5,18.92,64.57,120.78,481.03,249.81,24.64,0.0,0.0,4.73,3.3,2.31,0.0,0.0,946.99,34.98
5.3796,0.0,4.84,6.82,10.56,50.16,107.36,473.88,246.29,39.38,0.0,0.0,6.27,3.3,3.52,0.0,0.0,899.91,52.47
5.3896,0.0,4.84,6.82,9.46,34.76,94.6,461.23,239.47,55.44,3.3,0.0,6.27,4.95,4.73,0.0,0.0,851.18,74.69
5.3996,0.0,4.84,6.82,8.25,27.83,77.66,432.3,225.72,77.99,4.95,0.0,7.92,4.95,5.83,0.0,0.0,783.42,101.64
5.4096,0.0,3.19,6.82,5.83,29.26,57.86,381.59,215.38,121.44,88.66,8.58,9.46,4.95,5.83,4.07,2.86,699.93,245.85
5.4196,0.0,4.84,5.5,5.83,26.4,41.91,291.06,204.93,132.77,194.7,77.33,9.46,8.25,7.04,4.07,2.86,580.47,436.48
5.4296,0.0,4.84,4.07,3.52,25.08,30.14,170.94,196.35,122.87,271.04,146.74,12.65,11.55,5.83,5.5,0.0,434.94,576.18
5.4396,0.0,4.84,5.5,2.31,22.22,26.18,86.13,178.97,112.97,311.74,200.75,55.77,11.55,8.25,9.57,7.26,326.15,717.86
5.4496,0.0,4.84,4.07,2.31,18.04,22.22,47.74,131.67,110.22,325.16,235.18,88.55,24.75,14.19,13.75,10.23,230.89,822.03
5.4596,0.0,4.84,4.07,2.31,15.29,18.26,37.62,86.24,107.47,326.81,251.68,100.43,38.06,16.61,15.18,13.2,168.63,869.44
5.4696,0.0,4.84,2.75,0.0,9.68,13.09,27.5,60.94,104.83,323.51,259.93,110.88,51.26,15.4,12.32,13.2,118.8,891.33
5.4796,0.0,4.84,4.07,0.0,5.5,10.45,17.38,33.11,100.76,320.1,261.58,117.15,61.05,16.61,16.5,16.06,75.35,909.81
5.4896,0.0,4.84,2.75,0.0,4.18,6.49,12.98,16.5,99.44,321.75,259.93,118.69,68.75,17.71,24.75,19.03,47.74,930.05
5.4996,0.0,3.19,0.0,0.0,2.75,3.85,10.12,4.07,98.12,318.45,258.28,121.88,73.37,20.13,31.68,20.46,23.98,942.37
5.5096,0.0,3.19,0.0,0.0,2.75,2.53,8.69,2.75,96.8,318.45,259.93,123.42,74.91,22.44,35.86,20.46,19.91,952.27
5.5196,0.0,3.19,2.75,0.0,0.0,0.0,5.72,0.0,95.48,315.04,254.98,123.42,76.45,23.65,41.36,22.0,11.66,952.38
5.5296,0.0,3.19,2.75,0.0,2.75,2.53,5.72,0.0,94.05,313.39,253.33,124.96,74.91,24.86,45.54,23.43,16.94,954.47
5.5396,0.0,3.19,4.07,0.0,0.0,0.0,4.29,0.0,88.77,306.68,246.73,124.96,78.1,26.07,49.61,23.43,11.55,944.35
5.5496,0.0,3.19,4.07,0.0,0.0,3.85,5.72,0.0,83.38,299.97,238.48,120.23,79.64,28.38,52.36,22.0,16.83,924.44
5.5596,0.0,0.0,2.75,0.0,0.0,2.53,4.29,0.0,77.99,286.44,228.58,121.88,82.72,27.28,60.94,24.86,9.57,910.69
5.5696,0.0,3.19,0.0,0.0,0.0,0.0,0.0,0.0,72.6,276.43,218.68,120.23,79.64,29.59,63.91,23.43,3.19,884.51
5.5796,0.0,3.19,0.0,0.0,0.0,0.0,2.86,0.0,66.0,260.48,210.54,117.15,84.26,33.22,69.85,24.86,6.05,866.36
5.5896,0.0,0.0,0.0,0.0,0.0,0.0,0.0,0.0,59.29,246.29,200.75,118.69,84.26,33.22,81.84,26.4,0.0,850.74
5.5996,0.0,0.0,0.0,0.0,0.0,0.0,4.29,0.0,53.02,230.45,190.96,118.69,85.8,37.95,87.78,29.26,4.29,833.91
5.6096,0.0,3.19,4.07,0.0,0.0,0.0,2.86,0.0,48.07,214.94,179.52,117.15,90.42,41.47,96.69,29.26,10.12,817.52
5.6196,0.0,0.0,0.0,0.0,0.0,0.0,2.86,0.0,44.33,201.41,171.38,113.96,93.5,44.99,111.65,29.26,2.86,810.48
5.6296,0.0,0.0,4.07,0.0,0.0,0.0,0.0,0.0,41.91,186.23,166.65,112.42,95.04,48.62,122.43,29.26,4.07,802.56
5.6396,0.0,0.0,4.07,0.0,0.0,0.0,0.0,0.0,39.38,172.81,162.03,109.34,99.77,50.93,134.64,32.23,4.07,801.13
5.6496,0.0,0.0,2.75,0.0,0.0,0.0,0.0,0.0,35.75,159.5,160.49,103.4,104.39,55.77,143.88,35.2,2.75,798.38
5.6596,0.0,0.0,2.75,0.0,0.0,0.0,0.0,0.0,35.75,149.6,152.79,101.97,109.01,58.74,160.71,36.63,2.75,805.2
5.6696,0.0,3.19,2.75,0.0,0.0,0.0,0.0,0.0,33.22,138.16,151.25,99.0,112.09,61.71,173.36,38.06,5.94,806.85
5.6796,0.0,0.0,2.75,0.0,0.0,0.0,0.0,0.0,30.8,123.31,145.2,100.43,116.82,66.22,189.64,39.6,2.75,812.02
5.6896,0.0,0.0,0.0,0.0,0.0,0.0,0.0,0.0,29.59,115.06,139.04,99.0,123.31,69.3,204.16,41.03,0.0,820.49
5.6996,0.0,0.0,2.75,0.0,0.0,0.0,0.0,0.0,28.27,102.52,131.45,97.46,128.15,70.84,217.14,44.0,2.75,819.83
5.7096,0.0,0.0,2.75,0.0,0.0,0.0,0.0,0.0,25.85,91.74,119.13,95.92,134.64,75.35,228.58,46.86,2.75,818.07
5.7196,0.0,0.0,0.0,0.0,0.0,0.0,0.0,0.0,24.64,77.88,108.35,97.46,141.13,78.32,242.33,49.83,0.0,819.94
5.7296,0.0,3.19,2.75,0.0,0.0,0.0,0.0,0.0,22.11,67.1,94.38,95.92,145.97,81.4,252.67,52.8,5.94,812.35
5.7396,0.0,3.19,0.0,2.31,0.0,0.0,0.0,0.0,20.9,54.45,80.41,94.49,150.92,85.91,264.66,55.77,5.5,807.51
5.7496,0.0,3.19,0.0,2.31,0.0,0.0,0.0,0.0,18.48,41.25,64.9,95.92,157.41,87.34,281.82,63.36,5.5,810.48
5.7596,0.0,0.0,2.75,0.0,0.0,0.0,0.0,0.0,17.16,33.0,48.62,92.95,160.6,88.88,293.81,67.98,2.75,803.0
5.7696,0.0,0.0,2.75,2.31,0.0,0.0,0.0,0.0,15.95,23.1,32.89,91.52,167.09,91.96,307.34,72.6,5.06,802.45
5.7796,0.0,0.0,2.75,0.0,0.0,0.0,0.0,0.0,14.74,19.8,18.59,87.01,170.39,93.39,320.98,75.57,2.75,800.47
5.7896,0.0,0.0,2.75,0.0,0.0,0.0,0.0,0.0,12.32,16.5,12.87,84.04,177.54,93.39,338.03,86.35,2.75,821.04
5.7996,0.0,0.0,2.75,2.31,0.0,0.0,0.0,0.0,7.37,13.2,10.01,78.1,182.93,94.93,358.49,92.51,5.06,837.54
5.8096,0.0,0.0,2.75,0.0,0.0,0.0,0.0,0.0,6.16,13.2,8.58,69.08,186.56,97.9,375.54,100.1,2.75,857.12
5.8196,0.0,3.19,2.75,2.31,0.0,0.0,0.0,0.0,3.63,8.25,7.15,64.68,184.8,96.47,399.85,112.42,8.25,877.25
5.8296,0.0,0.0,4.07,2.31,0.0,0.0,0.0,0.0,3.63,9.9,7.15,54.12,186.56,97.9,414.15,120.34,6.38,893.75
5.8396,0.0,0.0,2.75,2.31,0.0,0.0,0.0,0.0,2.42,8.25,5.72,47.74,184.8,99.44,430.21,126.72,5.06,905.3
5.8496,0.0,0.0,2.75,2.31,0.0,0.0,0.0,0.0,2.42,6.6,4.29,39.82,181.17,96.47,448.25,137.94,5.06,916.96
5.8596,0.0,0.0,2.75,0.0,0.0,0.0,0.0,0.0,2.42,8.25,4.29,33.44,172.15,94.93,468.16,142.78,2.75,926.42
5.8696,0.0,0.0,0.0,2.31,0.0,0.0,0.0,0.0,2.42,6.6,4.29,20.68,167.09,93.39,480.92,150.7,2.31,926.09
5.8796,5.06,0.0,0.0,0.0,0.0,0.0,0.0,0.0,2.42,6.6,0.0,17.49,160.6,91.96,495.44,155.54,5.06,930.05
5.8896,6.82,3.19,0.0,0.0,0.0,0.0,0.0,0.0,0.0,6.6,4.29,11.11,150.92,85.91,509.74,158.73,10.01,927.3
5.8996,18.92,0.0,2.75,2.31,0.0,0.0,0.0,0.0,0.0,4.95,2.86,9.46,141.13,76.78,517.0,160.27,23.98,912.45
5.9096,44.77,0.0,0.0,2.31,0.0,0.0,0.0,0.0,0.0,6.6,2.86,9.46,124.96,69.3,518.76,160.27,47.08,892.21
5.9196,74.03,0.0,0.0,4.73,2.75,2.53,0.0,0.0,2.42,4.95,2.86,6.27,110.55,58.74,509.74,152.35,84.04,847.88
5.9296,101.53,0.0,0.0,5.83,4.18,3.85,0.0,0.0,2.42,4.95,4.29,7.92,91.96,49.83,486.31,145.97,115.39,793.65
5.9396,132.88,8.03,15.18,7.04,5.5,3.85,0.0,0.0,0.0,3.3,4.29,12.65,71.83,42.68,455.51,139.48,172.48,729.74
5.9496,150.37,86.13,101.31,5.83,4.18,3.85,2.86,2.75,0.0,4.95,2.86,11.11,57.97,37.95,394.46,131.56,357.28,640.86
5.9596,134.64,152.68,161.37,9.46,6.93,6.49,4.29,2.75,2.42,4.95,2.86,14.3,54.56,30.8,283.58,133.1,478.61,526.57
5.9696,125.84,190.63,204.27,49.61,9.68,9.13,7.15,6.82,0.0,3.3,2.86,14.3,43.01,28.38,157.63,126.72,603.13,376.2
5.9796,124.19,201.19,238.59,67.98,26.4,24.86,18.81,16.5,0.0,3.3,2.86,11.11,38.06,26.07,84.81,110.88,718.52,277.09
5.9896,124.19,201.19,256.41,72.27,33.44,37.95,41.91,20.68,0.0,4.95,2.86,7.92,29.81,21.34,45.54,83.27,788.04,195.69
5.9996,124.19,199.43,268.84,73.7,38.94,47.19,63.8,23.43,2.42,4.95,2.86,6.27,23.1,15.4,31.68,60.28,839.52,146.96
6.0096,127.6,201.19,279.51,73.7,41.8,55.11,84.7,26.18,0.0,3.3,2.86,7.92,19.8,11.77,26.18,48.4,889.79,120.23
6.0196,132.88,202.95,285.12,75.13,45.98,60.72,99.55,30.36,0.0,4.95,2.86,3.08,14.85,10.67,20.68,33.66,932.69,90.75
6.0296,136.4,206.47,292.6,75.13,48.73,63.58,110.0,33.11,0.0,3.3,0.0,6.27,8.25,7.04,15.18,19.03,966.02,59.07
6.0396,139.92,208.23,294.47,73.7,50.16,64.9,114.62,35.86,0.0,4.95,0.0,6.27,4.95,5.83,12.32,8.8,981.86,43.12
6.0496,141.57,208.23,298.21,72.27,51.48,64.9,121.11,37.18,0.0,3.3,0.0,3.08,6.6,3.52,11.0,7.26,994.95,34.76
6.0596,143.33,208.23,296.34,70.84,51.48,64.9,122.65,37.18,0.0,3.3,0.0,4.73,6.6,3.52,9.57,5.83,994.95,33.55
6.0696,143.33,206.47,298.21,69.41,50.16,66.33,119.46,35.86,0.0,3.3,0.0,4.73,3.3,3.52,8.25,5.83,989.23,28.93
6.0796,143.33,204.71,290.73,67.98,51.48,62.15,119.46,35.86,0.0,0.0,0.0,4.73,4.95,2.31,8.25,5.83,975.7,26.07
6.0896,139.92,199.43,285.12,66.55,51.48,63.58,119.46,33.11,0.0,3.3,0.0,3.08,4.95,3.52,8.25,2.86,958.65,25.96
6.0996,136.4,195.91,275.99,65.12,48.73,63.58,116.27,33.11,0.0,0.0,0.0,4.73,3.3,3.52,5.5,4.4,935.11,21.45
6.1096,129.36,190.63,270.6,65.12,48.73,60.72,113.08,33.11,0.0,3.3,0.0,3.08,3.3,2.31,5.5,4.4,911.35,21.89
6.1196,122.43,181.83,259.93,65.12,48.73,62.15,113.08,31.68,0.0,0.0,0.0,3.08,0.0,3.52,6.82,4.4,884.95,17.82
6.1296,117.15,178.31,251.02,63.69,47.3,62.15,111.54,31.68,0.0,3.3,0.0,0.0,0.0,2.31,5.5,4.4,862.84,15.51
6.1396,110.22,173.03,242.11,65.12,48.73,62.15,113.08,31.68,0.0,0.0,0.0,3.08,0.0,2.31,5.5,2.86,846.12,13.75
6.1496,105.05,164.34,235.07,65.12,47.3,63.58,113.08,30.36,0.0,0.0,0.0,3.08,0.0,2.31,4.07,2.86,823.9,12.32
6.1596,99.88,161.04,227.92,66.55,48.73,62.15,114.62,30.36,0.0,3.3,0.0,0.0,3.3,0.0,5.5,0.0,811.25,12.1
6.1696,94.71,155.98,220.77,67.98,47.3,63.58,116.27,28.93,0.0,0.0,0.0,3.08,3.3,0.0,4.07,2.86,795.52,13.31
6.1796,91.19,150.92,215.27,67.98,48.73,64.9,116.27,30.36,0.0,0.0,0.0,3.08,3.3,0.0,4.07,2.86,785.62,13.31
6.1896,87.78,147.62,211.64,69.41,51.48,66.33,119.46,31.68,0.0,0.0,0.0,3.08,0.0,0.0,4.07,0.0,785.4,7.15
6.1996,84.37,142.56,206.14,72.27,52.91,69.19,124.3,33.11,0.0,0.0,0.0,0.0,0.0,0.0,4.07,2.86,784.85,6.93
6.2096,79.2,139.26,200.64,75.13,52.91,72.05,129.14,35.86,0.0,0.0,0.0,0.0,0.0,2.31,2.75,2.86,784.19,7.92
6.2196,75.68,134.2,197.01,76.56,55.77,72.05,132.33,37.18,0.0,0.0,0.0,3.08,0.0,0.0,4.07,4.4,780.78,11.55
6.2296,74.03,125.84,189.64,77.99,58.63,76.23,138.71,38.61,0.0,0.0,0.0,3.08,0.0,0.0,2.75,2.86,779.68,8.69
6.2396,68.86,122.43,187.88,79.42,61.6,76.23,148.39,45.54,0.0,0.0,0.0,0.0,0.0,0.0,0.0,0.0,790.35,0.0
6.2496,65.34,117.37,180.51,80.85,66.0,80.52,159.72,48.29,0.0,0.0,0.0,0.0,0.0,0.0,0.0,0.0,798.6,0.0
6.2596,61.93,110.77,176.88,83.71,68.97,83.38,170.94,53.79,0.0,0.0,0.0,3.08,0.0,0.0,2.75,2.86,810.37,8.69
6.2696,56.76,102.52,166.32,88.0,73.37,87.56,183.04,59.4,0.0,0.0,0.0,3.08,0.0,0.0,2.75,2.86,816.97,8.69
6.2796,51.59,92.73,156.42,89.43,79.31,91.85,197.12,65.34,0.0,0.0,0.0,3.08,0.0,0.0,2.75,0.0,823.79,5.83
6.2896,49.94,84.48,148.28,92.29,83.71,94.6,209.33,71.28,0.0,0.0,0.0,0.0,0.0,0.0,2.75,0.0,833.91,2.75
6.2996,46.42,73.04,135.08,93.72,86.57,97.46,225.06,80.3,0.0,0.0,0.0,0.0,0.0,0.0,0.0,0.0,837.65,0.0
6.3096,41.25,63.25,121.99,96.58,93.94,103.07,236.94,87.78,0.0,3.3,0.0,3.08,0.0,0.0,0.0,0.0,844.8,6.38
6.3196,39.6,55.11,109.12,100.87,101.31,105.93,253.99,95.15,0.0,3.3,0.0,0.0,0.0,0.0,2.75,2.86,861.08,8.91
6.3296,36.08,45.32,93.61,106.59,105.71,111.65,271.04,105.6,0.0,0.0,0.0,0.0,0.0,0.0,0.0,2.86,875.6,2.86
6.3396,32.67,35.64,73.37,109.45,115.28,119.24,289.41,119.35,0.0,0.0,0.0,0.0,0.0,2.31,0.0,2.86,894.41,5.17
6.3496,29.26,27.5,57.97,112.42,122.1,120.78,309.43,133.21,0.0,0.0,0.0,0.0,0.0,0.0,2.75,2.86,912.67,5.61
6.3596,27.5,19.36,38.61,110.88,128.92,128.48,332.64,147.18,0.0,0.0,0.0,3.08,0.0,0.0,2.75,2.86,933.57,8.69
6.3696,24.09,14.52,23.43,106.59,132.33,130.02,350.68,156.42,0.0,0.0,0.0,0.0,0.0,2.31,0.0,0.0,938.08,2.31
6.3796,20.57,11.33,16.5,99.44,134.09,131.45,372.46,170.39,0.0,0.0,0.0,0.0,0.0,0.0,2.75,0.0,956.23,2.75
6.3896,15.4,8.03,12.43,93.72,132.33,134.53,392.37,180.73,0.0,0.0,0.0,3.08,0.0,0.0,0.0,2.86,969.54,5.94
6.3996,8.58,9.68,12.43,83.71,130.68,136.07,403.26,192.83,0.0,0.0,0.0,3.08,0.0,0.0,2.75,0.0,977.24,5.83
6.4096,0.0,6.38,9.57,75.13,125.51,137.61,419.54,203.28,0.0,0.0,0.0,0.0,0.0,0.0,0.0,0.0,977.02,0.0
6.4196,0.0,6.38,8.25,63.69,118.69,139.15,432.3,215.38,0.0,0.0,0.0,0.0,0.0,0.0,0.0,0.0,983.84,0.0
6.4295,0.0,6.38,8.25,54.34,108.68,139.15,441.32,224.07,0.0,0.0,0.0,0.0,0.0,0.0,0.0,0.0,982.19,0.0
6.4395,0.0,4.84,8.25,46.09,99.88,136.07,453.97,232.65,3.63,0.0,0.0,0.0,0.0,0.0,0.0,0.0,981.75,3.63
6.4495,0.0,4.84,8.25,35.42,89.54,136.07,462.99,236.06,4.84,0.0,0.0,3.08,0.0,0.0,2.75,0.0,973.17,10.67
6.4595,0.0,4.84,6.82,23.65,74.8,131.45,470.25,242.88,7.37,0.0,0.0,0.0,0.0,0.0,0.0,0.0,954.69,7.37
6.4695,0.0,4.84,6.82,16.5,63.03,123.86,472.01,241.23,15.95,3.3,0.0,0.0,0.0,2.31,0.0,0.0,928.29,21.56
6.4795,0.0,4.84,6.82,8.25,48.73,111.65,472.01,241.23,30.8,4.95,0.0,4.73,3.3,2.31,2.75,0.0,893.53,48.84
6.4895,0.0,4.84,6.82,8.25,33.44,96.03,466.62,236.06,46.86,0.0,0.0,6.27,4.95,4.73,0.0,2.86,852.06,65.67
6.4995,0.0,4.84,5.5,5.83,29.26,80.52,446.71,227.48,67.32,6.6,0.0,4.73,6.6,4.73,0.0,0.0,800.14,89.98
6.5095,0.0,4.84,5.5,4.73,27.83,60.72,414.15,215.38,92.73,84.04,5.72,7.92,8.25,7.04,0.0,0.0,733.15,205.7
6.5195,0.0,4.84,6.82,4.73,27.83,44.55,345.29,203.28,110.22,187.99,52.91,7.92,8.25,5.83,2.75,2.86,637.34,378.73
6.5295,0.0,4.84,5.5,3.52,26.4,31.46,245.52,198.0,104.83,253.44,120.67,11.11,8.25,7.04,4.07,0.0,515.24,509.41
6.5395,0.0,4.84,4.07,3.52,25.08,26.18,137.17,184.14,96.8,293.15,171.38,41.36,14.85,8.25,6.82,2.86,385.0,635.47
6.5495,0.0,4.84,5.5,2.31,22.22,23.54,71.28,161.04,94.05,306.68,210.54,78.1,21.45,14.19,12.32,7.26,290.73,744.59
6.5595,0.0,4.84,5.5,0.0,18.04,19.58,46.31,110.11,91.41,308.33,233.53,92.95,38.06,15.4,13.75,11.66,204.38,805.09
6.5695,0.0,3.19,4.07,0.0,13.86,15.73,33.22,75.79,91.41,309.98,246.73,97.46,51.26,16.61,15.18,14.63,145.86,843.26
6.5795,0.0,3.19,2.75,0.0,9.68,13.09,24.53,48.29,90.09,308.33,253.33,104.94,64.13,16.61,16.5,14.63,101.53,868.56
6.5895,0.0,3.19,4.07,0.0,5.5,7.81,14.41,22.0,88.77,306.68,253.33,112.42,68.75,18.92,27.5,17.6,56.98,893.97
6.5995,0.0,3.19,4.07,0.0,2.75,5.17,12.98,11.0,88.77,308.33,256.63,112.42,71.83,18.92,34.43,20.46,39.16,911.79
6.6095,0.0,3.19,4.07,0.0,4.18,2.53,10.12,4.07,88.77,309.98,258.28,115.5,74.91,21.34,39.93,20.46,28.16,929.17
6.6195,0.0,0.0,2.75,0.0,2.75,3.85,8.69,0.0,90.09,309.98,256.63,115.5,76.45,22.44,45.54,23.43,18.04,940.06
6.6295,0.0,3.19,0.0,0.0,0.0,3.85,7.15,0.0,90.09,313.39,256.63,113.96,74.91,27.28,48.29,24.86,14.19,949.41
6.6395,0.0,3.19,4.07,0.0,2.75,2.53,5.72,0.0,87.34,309.98,251.68,118.69,76.45,28.38,55.11,23.43,18.26,951.06
6.6495,0.0,3.19,4.07,0.0,2.75,0.0,4.29,0.0,83.38,305.03,246.73,118.69,78.1,30.8,59.4,24.86,14.3,946.99
6.6595,0.0,3.19,4.07,0.0,0.0,2.53,5.72,0.0,77.99,294.91,240.13,118.69,79.64,34.32,68.31,24.86,15.51,938.85
6.6695,0.0,3.19,4.07,0.0,0.0,2.53,4.29,0.0,72.6,284.79,236.83,118.69,79.64,33.22,75.79,26.4,14.08,927.96
6.6795,0.0,0.0,4.07,0.0,0.0,0.0,2.86,0.0,67.32,274.56,230.23,118.69,82.72,37.95,80.3,27.83,6.93,919.6
6.6895,0.0,3.19,2.75,0.0,0.0,0.0,4.29,0.0,61.93,262.24,223.63,117.15,82.72,39.05,89.21,29.26,10.23,905.19
6.6995,0.0,0.0,4.07,0.0,0.0,0.0,2.86,0.0,57.97,249.81,217.03,117.15,84.26,40.26,96.69,29.26,6.93,892.43
6.7095,0.0,0.0,2.75,0.0,0.0,0.0,0.0,0.0,53.02,241.01,207.24,117.15,87.34,44.99,99.66,30.8,2.75,881.21
6.7195,0.0,3.19,2.75,0.0,0.0,2.53,2.86,0.0,48.07,230.45,195.8,120.23,88.88,47.41,107.14,30.8,11.33,868.78
6.7295,0.0,0.0,2.75,0.0,0.0,0.0,2.86,0.0,44.33,220.0,184.47,120.23,91.96,48.62,114.73,32.23,5.61,856.57
6.7395,0.0,0.0,4.07,0.0,0.0,2.53,2.86,0.0,40.7,208.23,169.73,126.61,93.5,52.14,119.35,30.8,9.46,841.06
6.7495,0.0,0.0,2.75,0.0,0.0,0.0,0.0,0.0,38.17,199.76,157.41,128.15,96.69,54.56,123.97,33.66,2.75,832.37
6.7595,0.0,3.19,0.0,0.0,0.0,0.0,0.0,0.0,34.43,186.23,145.2,131.34,101.31,57.2,130.02,35.2,3.19,820.93
6.7695,0.0,3.19,0.0,0.0,0.0,0.0,0.0,0.0,32.01,174.46,134.42,132.88,104.39,60.28,133.1,35.2,3.19,806.74
6.7795,0.0,3.19,2.75,0.0,0.0,0.0,0.0,0.0,30.8,164.45,125.29,136.07,107.47,63.25,142.34,35.2,5.94,804.87
6.7895,0.0,3.19,0.0,0.0,0.0,0.0,0.0,0.0,29.59,154.55,116.05,136.07,109.01,66.22,148.39,36.63,3.19,796.51
6.7995,0.0,0.0,2.75,0.0,0.0,0.0,0.0,0.0,27.06,143.0,105.27,139.15,112.09,70.84,157.63,38.06,2.75,793.1
6.8095,0.0,0.0,2.75,0.0,0.0,0.0,0.0,0.0,25.85,128.26,97.46,140.8,115.28,73.81,165.33,39.6,2.75,786.39
6.8195,0.0,0.0,2.75,0.0,0.0,0.0,0.0,0.0,23.43,113.41,85.03,142.34,123.31,76.78,175.01,41.03,2.75,780.34
6.8295,0.0,3.19,0.0,0.0,0.0,0.0,0.0,0.0,22.11,102.52,74.25,140.8,128.15,81.4,184.69,39.6,3.19,773.52
6.8395,0.0,0.0,2.75,0.0,0.0,0.0,0.0,0.0,20.9,88.66,66.44,140.8,134.64,84.37,196.02,41.03,2.75,772.86
6.8495,0.0,0.0,2.75,0.0,0.0,0.0,0.0,0.0,18.48,71.72,55.77,139.15,137.94,85.91,210.65,45.43,2.75,765.05
6.8595,0.0,3.19,0.0,0.0,0.0,0.0,0.0,0.0,17.16,59.4,44.33,139.15,144.43,88.88,225.28,48.4,3.19,767.03
6.8695,0.0,0.0,0.0,0.0,0.0,0.0,0.0,0.0,17.16,47.85,35.75,134.42,150.92,91.96,237.16,49.83,0.0,765.05
6.8795,0.0,3.19,0.0,0.0,0.0,0.0,0.0,0.0,15.95,34.65,25.74,131.34,157.41,93.39,249.26,51.26,3.19,759.0
6.8895,0.0,3.19,0.0,0.0,0.0,0.0,0.0,0.0,14.74,24.75,17.16,126.61,162.25,94.93,268.18,58.74,3.19,767.36
6.8995,0.0,3.19,4.07,0.0,0.0,0.0,0.0,0.0,13.53,18.15,10.01,120.23,165.44,96.47,286.99,64.9,7.26,775.72
6.9095,0.0,0.0,2.75,0.0,0.0,0.0,0.0,0.0,9.79,16.5,10.01,110.88,172.15,96.47,307.34,71.06,2.75,794.2
6.9195,0.0,0.0,2.75,0.0,0.0,0.0,0.0,0.0,7.37,14.85,8.58,101.97,173.91,99.44,327.8,81.73,2.75,815.65
6.9295,0.0,0.0,2.75,0.0,0.0,0.0,0.0,0.0,4.84,9.9,5.72,91.52,179.3,100.98,346.61,90.97,2.75,829.84
6.9395,0.0,0.0,4.07,0.0,0.0,0.0,0.0,0.0,3.63,9.9,7.15,81.07,181.17,100.98,363.66,98.56,4.07,846.12
6.9495,0.0,3.19,2.75,0.0,0.0,0.0,0.0,0.0,3.63,9.9,5.72,72.16,182.93,102.52,384.12,109.34,5.94,870.32
6.9595,0.0,0.0,4.07,0.0,0.0,0.0,0.0,0.0,2.42,6.6,4.29,66.11,184.8,103.95,396.22,115.61,4.07,880.0
6.9695,0.0,0.0,2.75,2.31,0.0,0.0,0.0,0.0,0.0,6.6,4.29,60.17,181.17,102.52,417.78,126.72,5.06,899.25
6.9795,0.0,0.0,2.75,0.0,0.0,0.0,0.0,0.0,2.42,8.25,4.29,46.2,181.17,102.52,435.6,133.1,2.75,913.55
6.9895,0.0,0.0,4.07,0.0,0.0,0.0,0.0,0.0,0.0,4.95,4.29,38.17,173.91,102.52,448.25,141.13,4.07,913.22
6.9995,0.0,0.0,0.0,0.0,0.0,0.0,0.0,0.0,0.0,6.6,2.86,27.06,170.39,99.44,462.77,147.51,0.0,916.63
7.0095,5.06,0.0,0.0,0.0,0.0,0.0,0.0,0.0,0.0,4.95,4.29,20.68,160.6,93.39,477.29,152.35,5.06,913.55
7.0195,5.06,0.0,2.75,2.31,0.0,0.0,0.0,0.0,0.0,3.3,2.86,14.3,155.76,90.42,480.92,152.35,10.12,899.91
7.0295,15.4,0.0,0.0,0.0,0.0,0.0,0.0,0.0,0.0,6.6,0.0,11.11,144.43,81.4,488.18,155.54,15.4,887.26
7.0395,36.08,0.0,2.75,3.52,0.0,0.0,0.0,0.0,0.0,3.3,2.86,11.11,131.45,75.35,486.31,155.54,42.35,865.92
7.0495,63.69,0.0,0.0,3.52,2.75,2.53,0.0,0.0,0.0,3.3,2.86,7.92,113.63,67.76,475.42,150.7,72.49,821.59
7.0595,87.78,0.0,0.0,4.73,4.18,3.85,0.0,0.0,0.0,3.3,0.0,9.46,95.04,55.77,455.51,147.51,100.54,766.59
7.0695,120.67,22.66,35.86,5.83,6.93,3.85,0.0,0.0,0.0,4.95,2.86,9.46,78.1,47.41,426.69,141.13,195.8,710.6
7.0795,132.88,110.77,110.66,5.83,5.5,6.49,2.86,2.75,0.0,4.95,0.0,14.3,61.05,41.47,380.71,136.29,377.74,638.77
7.0895,131.12,162.69,167.97,25.96,8.36,5.17,4.29,4.07,0.0,4.95,2.86,14.3,56.21,34.32,281.82,137.94,509.63,532.4
7.0995,132.88,187.11,215.27,47.3,6.93,9.13,7.15,6.82,0.0,3.3,2.86,14.3,47.96,30.8,159.17,137.94,612.59,396.33
7.1095,136.4,190.63,242.11,57.97,20.9,23.54,18.81,15.18,0.0,0.0,0.0,14.3,41.36,26.07,89.21,123.53,705.54,294.47
7.1195,138.16,192.39,258.17,60.83,27.83,35.42,36.19,17.93,0.0,3.3,2.86,11.11,33.11,23.65,48.29,92.51,766.92,214.83
7.1295,139.92,194.15,268.84,62.26,32.01,44.55,55.0,20.68,0.0,4.95,0.0,7.92,24.75,17.71,35.86,61.82,817.41,153.01
7.1395,143.33,195.91,281.38,63.69,37.62,52.47,69.74,23.43,0.0,4.95,0.0,6.27,19.8,11.77,26.18,51.26,867.57,120.23
7.1495,148.61,201.19,290.73,65.12,38.94,57.86,84.7,26.18,0.0,0.0,0.0,6.27,16.5,9.46,20.68,36.63,913.33,89.54
7.1595,153.89,206.47,294.47,63.69,41.8,60.72,95.15,27.5,0.0,0.0,0.0,3.08,11.55,5.83,15.18,22.0,943.69,57.64
7.1695,157.3,208.23,301.95,65.12,44.55,60.72,101.09,28.93,0.0,0.0,0.0,4.73,8.25,4.73,12.32,8.8,967.89,38.83
7.1795,160.82,209.99,303.82,63.69,44.55,62.15,105.6,28.93,0.0,3.3,0.0,3.08,3.3,4.73,11.0,5.83,979.55,31.24
7.1895,162.58,211.75,301.95,63.69,45.98,62.15,108.57,28.93,0.0,3.3,0.0,3.08,6.6,2.31,6.82,4.4,985.6,26.51
7.1995,160.82,209.99,298.21,63.69,45.98,62.15,108.57,28.93,0.0,0.0,0.0,3.08,4.95,3.52,5.5,5.83,978.34,22.88
7.2095,159.06,204.71,292.6,63.69,45.98,63.58,108.57,27.5,0.0,3.3,0.0,3.08,4.95,2.31,6.82,5.83,965.69,26.29
7.2195,155.54,202.95,285.12,60.83,45.98,62.15,107.03,27.5,0.0,0.0,0.0,3.08,0.0,2.31,5.5,4.4,947.1,15.29
7.2295,148.61,195.91,275.99,62.26,45.98,63.58,104.06,26.18,0.0,0.0,0.0,3.08,3.3,2.31,6.82,0.0,922.57,15.51
7.2395,139.92,194.15,267.08,63.69,44.55,63.58,107.03,27.5,0.0,3.3,0.0,3.08,3.3,0.0,6.82,4.4,907.5,20.9
7.2495,132.88,187.11,256.41,65.12,44.55,63.58,105.6,26.18,0.0,0.0,0.0,3.08,0.0,2.31,5.5,2.86,881.43,13.75
7.2595,124.19,181.83,243.98,66.55,43.12,64.9,107.03,24.75,0.0,0.0,0.0,3.08,3.3,0.0,4.07,2.86,856.35,13.31
7.2695,113.63,174.79,233.31,67.98,45.98,66.33,107.03,27.5,0.0,0.0,0.0,3.08,0.0,0.0,5.5,0.0,836.55,8.58
7.2795,105.05,167.75,220.77,70.84,43.12,66.33,108.57,27.5,0.0,0.0,0.0,3.08,0.0,2.31,5.5,2.86,809.93,13.75
7.2895,96.36,162.69,211.64,73.7,45.98,72.05,111.54,28.93,0.0,3.3,0.0,0.0,3.3,0.0,4.07,2.86,802.89,13.53
7.2995,89.54,157.63,200.64,76.56,45.98,73.48,113.08,30.36,0.0,0.0,0.0,3.08,3.3,0.0,5.5,2.86,787.27,14.74
7.3095,82.61,150.92,187.88,80.85,48.73,74.8,119.46,31.68,0.0,0.0,0.0,0.0,0.0,0.0,4.07,2.86,776.93,6.93
7.3195,77.44,142.56,182.38,83.71,48.73,77.66,122.65,33.11,0.0,0.0,0.0,3.08,0.0,0.0,2.75,0.0,768.24,5.83
7.3295,70.51,137.5,171.38,86.57,51.48,80.52,129.14,34.43,0.0,0.0,0.0,0.0,3.3,0.0,4.07,0.0,761.53,7.37
7.3395,67.1,132.55,166.32,89.43,55.77,84.7,133.98,37.18,0.0,0.0,0.0,0.0,0.0,0.0,4.07,0.0,767.03,4.07
7.3495,61.93,125.84,158.07,93.72,58.63,87.56,143.55,38.61,0.0,0.0,0.0,0.0,0.0,0.0,4.07,2.86,767.91,6.93
7.3595,60.17,117.37,153.12,95.15,61.6,90.42,154.88,44.11,0.0,3.3,0.0,0.0,0.0,0.0,0.0,0.0,776.82,3.3
7.3695,56.76,110.77,144.98,96.58,64.57,93.17,164.45,48.29,0.0,0.0,0.0,0.0,0.0,0.0,0.0,0.0,779.57,0.0
7.3795,53.35,102.52,141.68,100.87,68.97,96.03,177.76,53.79,0.0,0.0,0.0,0.0,0.0,0.0,0.0,2.86,794.97,2.86
7.3895,49.94,94.38,131.89,103.73,74.8,100.32,190.08,57.97,0.0,3.3,0.0,3.08,0.0,0.0,2.75,0.0,803.11,9.13
7.3995,46.42,86.13,121.99,108.02,80.74,104.5,204.05,66.88,0.0,0.0,0.0,0.0,0.0,0.0,0.0,0.0,818.73,0.0
7.4095,43.01,76.34,109.12,110.88,85.14,108.79,221.65,74.36,0.0,0.0,0.0,0.0,0.0,0.0,0.0,2.86,829.29,2.86
7.4195,39.6,63.25,98.23,113.96,92.51,113.08,236.94,81.73,0.0,0.0,0.0,0.0,0.0,0.0,2.75,2.86,839.3,5.61
7.4295,36.08,51.81,82.72,118.58,95.48,117.7,253.99,92.18,0.0,0.0,0.0,0.0,0.0,0.0,0.0,0.0,848.54,0.0
7.4395,32.67,42.13,70.18,120.12,102.85,120.78,269.28,101.2,0.0,0.0,0.0,0.0,0.0,0.0,0.0,2.86,859.21,2.86
7.4495,29.26,32.34,53.79,121.66,108.68,125.4,287.76,110.11,0.0,0.0,0.0,0.0,0.0,0.0,2.75,2.86,869.0,5.61
7.4595,27.5,24.31,40.04,123.2,111.87,126.94,304.37,119.35,0.0,0.0,0.0,0.0,0.0,0.0,2.75,2.86,877.58,5.61
7.4695,25.74,17.82,24.86,121.66,118.69,131.45,321.09,130.13,0.0,0.0,0.0,3.08,0.0,0.0,2.75,2.86,891.44,8.69
7.4795,22.33,14.52,17.93,115.5,120.45,132.99,341.66,142.56,0.0,3.3,0.0,3.08,0.0,0.0,2.75,2.86,907.94,11.99
7.4895,15.4,11.33,13.75,106.59,123.86,131.45,361.57,154.88,2.42,0.0,0.0,0.0,0.0,0.0,2.75,2.86,918.83,8.03
7.4995,13.75,9.68,12.43,96.58,123.86,136.07,383.35,167.2,0.0,0.0,0.0,3.08,0.0,0.0,0.0,0.0,942.92,3.08
7.5095,6.82,8.03,11.0,88.0,123.86,137.61,405.13,182.49,2.42,0.0,0.0,3.08,0.0,0.0,0.0,0.0,962.94,5.5
7.5195,0.0,6.38,8.25,76.56,122.1,139.15,423.17,196.35,2.42,0.0,0.0,0.0,0.0,0.0,2.75,0.0,971.96,5.17
7.5295,0.0,4.84,8.25,63.69,115.28,139.15,437.69,210.21,3.63,0.0,0.0,0.0,0.0,0.0,0.0,0.0,979.11,3.63
7.5395,0.0,4.84,6.82,53.13,110.22,140.69,457.6,222.31,3.63,0.0,0.0,0.0,0.0,0.0,0.0,0.0,995.61,3.63
7.5495,0.0,6.38,8.25,43.67,101.31,139.15,473.88,232.65,6.16,0.0,0.0,3.08,0.0,0.0,0.0,0.0,1005.29,9.24
7.5595,0.0,4.84,5.5,33.11,92.51,136.07,482.9,237.71,7.37,3.3,0.0,3.08,0.0,2.31,0.0,0.0,992.64,16.06
7.5695,0.0,4.84,6.82,22.44,80.74,132.99,493.68,242.88,17.16,0.0,0.0,3.08,0.0,2.31,0.0,0.0,984.39,22.55
7.5795,0.0,4.84,5.5,14.19,66.0,125.4,499.18,242.88,30.8,0.0,0.0,4.73,3.3,2.31,2.75,0.0,957.99,43.89
7.5895,0.0,4.84,6.82,8.25,48.73,116.16,493.68,239.47,44.33,0.0,0.0,4.73,4.95,2.31,2.75,2.86,917.95,61.93
7.5995,0.0,4.84,5.5,7.04,36.19,103.07,486.42,232.65,60.61,0.0,0.0,6.27,6.6,2.31,2.75,2.86,875.71,81.4
7.6095,0.0,4.84,5.5,7.04,30.58,86.13,461.23,222.31,88.77,18.15,2.86,7.92,6.6,4.73,4.07,2.86,817.63,135.96
7.6195,0.0,3.19,5.5,4.73,30.58,67.76,412.39,211.86,117.26,138.16,57.2,6.27,8.25,4.73,5.5,2.86,736.01,340.23
7.6295,0.0,4.84,4.07,4.73,27.83,47.19,324.39,199.76,104.83,213.29,129.91,11.11,11.55,5.83,5.5,0.0,612.81,482.02
7.6395,0.0,4.84,4.07,3.52,27.83,35.42,198.77,191.07,92.73,258.72,184.47,58.74,13.2,10.67,6.82,7.26,465.52,632.61
7.6495,0.0,4.84,4.07,2.31,23.65,27.5,104.06,178.97,88.77,271.04,223.63,85.58,33.11,14.19,11.0,11.66,345.4,738.98
7.6595,0.0,3.19,5.5,0.0,18.04,23.54,55.0,131.67,88.77,271.04,240.13,99.0,47.96,12.98,15.18,13.2,236.94,788.26
7.6695,0.0,4.84,4.07,0.0,15.29,19.58,41.91,87.78,86.02,272.8,248.38,107.91,57.97,15.4,16.5,17.6,173.47,822.58
7.6795,0.0,4.84,4.07,0.0,9.68,14.41,28.93,65.34,86.02,276.43,253.33,110.88,67.21,16.61,24.75,19.03,127.27,854.26
7.6895,0.0,3.19,4.07,0.0,8.36,10.45,21.67,35.86,86.02,279.73,256.63,118.69,67.21,18.92,33.11,22.0,83.6,882.31
7.6995,0.0,4.84,2.75,0.0,4.18,7.81,12.98,17.93,87.34,281.38,259.93,117.15,73.37,22.44,35.86,22.0,50.49,899.47
7.7095,0.0,3.19,2.75,0.0,2.75,3.85,11.55,5.5,88.77,281.38,259.93,120.23,73.37,23.65,42.68,23.43,29.59,913.44
7.7195,0.0,0.0,2.75,0.0,2.75,3.85,10.12,2.75,90.09,284.79,254.98,123.42,78.1,24.86,45.54,23.43,22.22,925.21
7.7295,0.0,3.19,2.75,0.0,2.75,2.53,7.15,2.75,87.34,286.44,254.98,126.61,79.64,28.38,49.61,24.86,21.12,937.86
7.7395,0.0,3.19,0.0,0.0,2.75,3.85,7.15,0.0,83.38,283.14,248.38,132.88,82.72,30.8,55.11,26.4,16.94,942.81
7.7495,0.0,3.19,2.75,0.0,0.0,2.53,5.72,0.0,77.99,278.08,240.13,137.61,82.72,34.32,59.4,24.86,14.19,935.11
7.7595,0.0,3.19,0.0,0.0,2.75,3.85,4.29,0.0,72.6,272.8,226.93,140.8,85.8,35.53,66.88,24.86,14.08,926.2
7.7695,0.0,3.19,4.07,0.0,0.0,0.0,2.86,0.0,66.0,262.24,218.68,143.99,85.8,37.95,71.39,27.83,10.12,913.88
7.7795,0.0,3.19,0.0,0.0,0.0,0.0,5.72,0.0,59.29,253.44,203.94,145.53,87.34,40.26,72.82,27.83,8.91,890.45
7.7895,0.0,3.19,0.0,0.0,0.0,0.0,4.29,0.0,53.02,241.01,190.96,150.26,87.34,41.47,80.3,29.26,7.48,873.62
7.7995,0.0,3.19,0.0,0.0,0.0,0.0,4.29,0.0,45.54,225.17,176.33,151.8,93.5,44.99,86.24,30.8,7.48,854.37
7.8095,0.0,3.19,4.07,0.0,0.0,0.0,2.86,0.0,40.7,211.53,158.95,154.99,93.5,48.62,90.75,32.23,10.12,831.27
7.8195,0.0,3.19,4.07,0.0,0.0,0.0,2.86,0.0,35.75,193.05,145.2,158.18,96.69,52.14,99.66,32.23,10.12,812.9
7.8295,0.0,0.0,2.75,0.0,0.0,0.0,2.86,0.0,33.22,177.87,131.45,156.53,99.77,54.56,107.14,30.8,5.61,791.34
7.8395,0.0,3.19,2.75,0.0,0.0,0.0,0.0,0.0,30.8,161.15,122.21,156.53,102.85,57.2,116.27,33.66,5.94,780.67
7.8495,0.0,3.19,2.75,0.0,0.0,0.0,0.0,0.0,29.59,146.3,109.89,154.99,105.93,64.79,123.97,35.2,5.94,770.66
7.8594,0.0,0.0,2.75,0.0,0.0,0.0,0.0,0.0,28.27,134.86,103.73,151.8,109.01,66.22,133.1,36.63,2.75,763.62
7.8694,0.0,0.0,2.75,0.0,0.0,0.0,0.0,0.0,27.06,121.66,99.0,147.07,112.09,69.3,145.42,38.06,2.75,759.66
7.8794,0.0,0.0,0.0,0.0,0.0,0.0,0.0,0.0,25.85,110.22,92.84,142.34,116.82,73.81,157.63,36.63,0.0,756.14
7.8894,0.0,0.0,2.75,0.0,0.0,0.0,0.0,0.0,23.43,96.36,86.68,142.34,121.66,73.81,171.71,41.03,2.75,757.02
7.8994,0.0,0.0,2.75,0.0,0.0,0.0,0.0,0.0,22.11,85.58,83.49,139.15,124.96,79.86,184.69,39.6,2.75,759.44
7.9094,0.0,0.0,2.75,0.0,0.0,0.0,0.0,0.0,20.9,76.34,77.33,136.07,131.45,82.83,197.67,44.0,2.75,766.59
7.9194,0.0,0.0,2.75,0.0,0.0,0.0,0.0,0.0,19.69,65.56,71.06,132.88,136.29,85.91,210.65,45.43,2.75,767.47
7.9294,0.0,0.0,2.75,0.0,0.0,0.0,0.0,0.0,18.48,56.1,63.36,131.34,141.13,88.88,220.44,44.0,2.75,763.73
7.9394,0.0,0.0,2.75,0.0,0.0,0.0,0.0,0.0,18.48,47.85,54.34,129.69,144.43,91.96,235.51,49.83,2.75,772.09
7.9494,0.0,0.0,2.75,0.0,0.0,0.0,0.0,0.0,18.48,39.6,45.76,123.42,150.92,94.93,245.74,54.23,2.75,773.08
7.9594,0.0,3.19,2.75,0.0,0.0,0.0,0.0,0.0,15.95,29.7,35.75,126.61,155.76,96.47,261.25,58.74,5.94,780.23
7.9694,0.0,3.19,2.75,0.0,0.0,0.0,0.0,0.0,15.95,23.1,25.74,124.96,160.6,99.44,271.59,60.28,5.94,781.66
7.9794,0.0,3.19,0.0,0.0,0.0,0.0,0.0,0.0,15.95,19.8,17.16,120.23,162.25,100.98,285.23,67.98,3.19,789.58
7.9894,0.0,3.19,2.75,0.0,0.0,0.0,0.0,0.0,12.32,13.2,8.58,118.69,168.74,103.95,297.22,74.14,5.94,796.84
7.9994,0.0,3.19,2.75,0.0,0.0,0.0,0.0,0.0,9.79,14.85,10.01,109.34,172.15,105.49,314.16,80.19,5.94,815.98
8.0094,0.0,3.19,0.0,0.0,0.0,0.0,0.0,0.0,7.37,13.2,7.15,104.94,173.91,107.03,332.97,89.43,3.19,836.0
8.0194,0.0,3.19,2.75,0.0,0.0,0.0,0.0,0.0,4.84,11.55,7.15,97.46,177.54,110.0,346.61,97.02,5.94,852.17
8.0294,0.0,3.19,2.75,0.0,0.0,0.0,0.0,0.0,3.63,6.6,4.29,94.49,179.3,113.08,363.66,109.34,5.94,874.39
8.0394,0.0,0.0,2.75,2.31,0.0,0.0,0.0,0.0,2.42,6.6,4.29,87.01,177.54,114.73,384.12,117.15,5.06,893.86
8.0494,0.0,0.0,2.75,0.0,0.0,0.0,0.0,0.0,2.42,4.95,5.72,76.56,175.78,114.73,401.61,128.37,2.75,910.14
8.0594,0.0,0.0,0.0,0.0,0.0,0.0,0.0,0.0,2.42,4.95,2.86,64.68,175.78,116.49,415.91,137.94,0.0,921.03
8.0694,0.0,0.0,0.0,2.31,0.0,0.0,0.0,0.0,0.0,4.95,2.86,55.77,170.39,111.54,435.6,141.13,2.31,922.24
8.0794,5.06,0.0,0.0,0.0,0.0,0.0,0.0,0.0,0.0,3.3,0.0,43.01,167.09,110.0,453.64,150.7,5.06,927.74
8.0894,10.23,0.0,0.0,0.0,0.0,0.0,0.0,0.0,0.0,6.6,0.0,31.79,162.25,107.03,462.77,152.35,10.23,922.79
8.0994,22.33,0.0,0.0,3.52,0.0,0.0,0.0,0.0,0.0,3.3,4.29,23.87,152.46,102.52,477.29,157.08,25.85,920.81
8.1094,48.18,0.0,0.0,2.31,2.75,0.0,0.0,0.0,0.0,3.3,2.86,15.84,145.97,97.9,482.68,157.08,53.24,905.63
8.1194,75.68,0.0,0.0,3.52,4.18,2.53,0.0,0.0,0.0,3.3,0.0,12.65,136.29,90.42,482.68,158.73,85.91,884.07
8.1294,101.53,0.0,0.0,3.52,4.18,3.85,0.0,0.0,0.0,4.95,2.86,11.11,120.12,79.86,479.05,157.08,113.08,855.03
8.1394,125.84,4.84,33.11,5.83,5.5,2.53,0.0,0.0,0.0,4.95,0.0,11.11,102.85,66.22,462.77,152.35,177.65,800.25
8.1494,134.64,69.74,112.2,5.83,5.5,5.17,0.0,0.0,0.0,3.3,2.86,11.11,82.72,53.35,435.6,144.32,333.08,733.26
8.1594,120.67,130.79,161.37,8.25,5.5,5.17,4.29,2.75,0.0,3.3,2.86,14.3,62.59,46.2,387.53,137.94,438.79,654.72
8.1694,105.05,162.69,198.77,30.69,5.5,6.49,5.72,2.75,0.0,3.3,2.86,15.84,52.91,40.26,297.22,134.75,517.66,547.14
8.1794,94.71,174.79,224.4,50.82,13.86,9.13,10.12,6.82,0.0,3.3,2.86,14.3,44.66,30.8,173.36,139.48,584.65,408.76
8.1894,89.54,176.55,240.35,62.26,23.65,24.86,21.67,16.5,0.0,3.3,2.86,12.65,34.76,26.07,90.75,125.18,655.38,295.57
8.1994,87.78,178.31,254.65,67.98,30.58,37.95,41.91,19.25,0.0,0.0,0.0,11.11,29.81,21.34,44.11,90.97,718.41,197.34
8.2094,91.19,181.83,265.32,70.84,34.76,45.87,63.8,22.0,0.0,4.95,0.0,7.92,24.75,16.61,33.11,63.36,775.61,150.7
8.2194,94.71,183.59,275.99,69.41,38.94,53.79,78.76,24.75,0.0,3.3,0.0,7.92,18.15,11.77,26.18,51.26,819.94,118.58
8.2294,99.88,185.35,283.25,69.41,43.12,57.86,90.64,24.75,0.0,0.0,0.0,6.27,13.2,8.25,19.25,33.66,854.26,80.63
8.2394,103.29,188.87,288.86,69.41,44.55,59.29,102.63,27.5,0.0,3.3,0.0,3.08,9.9,7.04,12.32,17.6,884.4,53.24
8.2494,108.46,192.39,298.21,66.55,45.98,62.15,107.03,27.5,0.0,0.0,0.0,4.73,8.25,5.83,9.57,7.26,908.27,35.64
8.2594,111.87,192.39,305.69,66.55,48.73,62.15,114.62,30.36,0.0,3.3,0.0,0.0,4.95,4.73,9.57,5.83,932.36,28.38
8.2694,117.15,194.15,307.56,65.12,50.16,62.15,117.81,30.36,0.0,0.0,0.0,4.73,3.3,3.52,9.57,4.4,944.46,25.52
8.2794,118.91,194.15,309.43,62.26,48.73,63.58,119.46,30.36,0.0,0.0,0.0,4.73,6.6,2.31,8.25,5.83,946.88,27.72
8.2894,117.15,192.39,303.82,63.69,50.16,63.58,121.11,31.68,0.0,0.0,0.0,3.08,3.3,3.52,5.5,2.86,943.58,18.26
8.2994,115.39,188.87,300.08,63.69,50.16,64.9,119.46,31.68,0.0,0.0,0.0,3.08,3.3,3.52,8.25,2.86,934.23,21.01
8.3094,111.87,187.11,288.86,63.69,50.16,64.9,119.46,31.68,0.0,0.0,0.0,3.08,0.0,2.31,6.82,4.4,917.73,16.61
8.3194,105.05,180.07,279.51,65.12,50.16,66.33,117.81,31.68,0.0,0.0,0.0,3.08,3.3,2.31,4.07,2.86,895.73,15.62
8.3294,96.36,173.03,268.84,65.12,48.73,67.76,121.11,33.11,0.0,0.0,0.0,3.08,3.3,2.31,4.07,2.86,874.06,15.62
8.3394,87.78,166.1,258.17,66.55,50.16,69.19,124.3,33.11,0.0,3.3,0.0,3.08,3.3,2.31,4.07,4.4,855.36,20.46
8.3494,80.85,159.39,243.98,70.84,51.48,70.62,125.84,34.43,0.0,0.0,0.0,3.08,3.3,2.31,4.07,2.86,837.43,15.62
8.3594,74.03,149.27,231.44,70.84,50.16,72.05,130.68,34.43,0.0,0.0,0.0,3.08,3.3,0.0,4.07,0.0,812.9,10.45
8.3694,67.1,140.91,222.64,73.7,51.48,74.8,133.98,37.18,0.0,0.0,0.0,0.0,3.3,0.0,5.5,2.86,801.79,11.66
8.3794,61.93,134.2,213.4,73.7,55.77,76.23,138.71,39.93,0.0,0.0,0.0,3.08,0.0,2.31,2.75,0.0,793.87,8.14
8.3894,58.52,125.84,204.27,73.7,57.2,77.66,143.55,42.68,0.0,3.3,0.0,3.08,0.0,0.0,0.0,2.86,783.42,9.24
8.3994,55.11,117.37,195.14,73.7,58.63,77.66,150.04,44.11,0.0,0.0,0.0,0.0,0.0,0.0,2.75,2.86,771.76,5.61
8.4094,53.35,110.77,187.88,73.7,61.6,79.09,156.42,48.29,0.0,0.0,0.0,0.0,0.0,0.0,4.07,2.86,771.1,6.93
8.4194,49.94,102.52,186.01,73.7,63.03,80.52,162.91,51.04,0.0,0.0,0.0,3.08,0.0,0.0,4.07,2.86,769.67,10.01
8.4294,49.94,96.03,178.75,75.13,66.0,83.38,170.94,53.79,0.0,0.0,0.0,0.0,0.0,2.31,2.75,2.86,773.96,7.92
8.4394,46.42,91.08,173.25,76.56,70.4,84.7,179.52,57.97,0.0,0.0,0.0,3.08,0.0,0.0,0.0,2.86,779.9,5.94
8.4494,44.77,84.48,163.02,77.99,74.8,88.99,190.08,63.91,0.0,0.0,0.0,0.0,0.0,0.0,2.75,2.86,788.04,5.61
8.4594,43.01,77.99,154.77,80.85,77.77,91.85,202.29,68.31,0.0,0.0,0.0,0.0,0.0,0.0,0.0,2.86,796.84,2.86
8.4694,39.6,71.39,143.33,85.14,82.17,96.03,214.61,74.36,0.0,0.0,0.0,0.0,0.0,0.0,0.0,0.0,806.63,0.0
8.4794,34.43,59.95,131.89,88.0,86.57,97.46,225.06,80.3,0.0,0.0,0.0,3.08,0.0,2.31,0.0,0.0,803.66,5.39
8.4894,34.43,53.46,115.39,89.43,91.08,104.5,238.7,90.75,0.0,3.3,0.0,0.0,0.0,0.0,0.0,2.86,817.74,6.16
8.4994,30.91,43.67,101.31,95.15,96.91,107.36,253.99,98.12,0.0,0.0,0.0,0.0,0.0,0.0,2.75,0.0,827.42,2.75
8.5094,27.5,35.64,85.8,98.01,99.88,110.22,269.28,107.14,0.0,0.0,0.0,3.08,0.0,0.0,2.75,2.86,833.47,8.69
8.5194,24.09,27.5,70.18,99.44,105.71,116.16,282.81,114.73,0.0,0.0,0.0,0.0,0.0,0.0,2.75,2.86,840.62,5.61
8.5294,22.33,21.01,51.04,100.87,111.87,120.78,297.77,125.51,0.0,0.0,0.0,0.0,0.0,0.0,2.75,0.0,851.18,2.75
8.5394,20.57,16.17,37.29,99.44,115.28,123.86,312.73,136.29,0.0,0.0,0.0,3.08,0.0,0.0,2.75,0.0,861.63,5.83
8.5494,18.92,12.87,24.86,96.58,122.1,125.4,329.34,145.64,0.0,0.0,0.0,3.08,0.0,0.0,0.0,0.0,875.71,3.08
8.5594,17.16,9.68,20.68,93.72,127.27,128.48,348.92,156.42,0.0,0.0,0.0,0.0,0.0,0.0,0.0,0.0,902.33,0.0
8.5694,13.75,9.68,15.18,88.0,128.92,131.45,372.46,168.74,0.0,0.0,0.0,0.0,0.0,0.0,0.0,2.86,928.18,2.86
8.5794,8.58,9.68,13.75,82.28,132.33,132.99,392.37,180.73,0.0,0.0,0.0,0.0,0.0,0.0,0.0,2.86,952.71,2.86
8.5894,3.41,8.03,11.0,72.27,130.68,134.53,408.76,192.83,0.0,0.0,0.0,0.0,0.0,0.0,0.0,0.0,961.51,0.0
8.5994,0.0,6.38,8.25,62.26,128.92,134.53,425.04,206.69,0.0,0.0,0.0,0.0,0.0,0.0,0.0,0.0,972.07,0.0
8.6094,0.0,4.84,6.82,53.13,120.45,134.53,443.19,218.79,0.0,0.0,0.0,3.08,0.0,0.0,0.0,2.86,981.75,5.94
8.6194,0.0,4.84,8.25,41.36,111.87,131.45,457.6,229.13,3.63,0.0,0.0,0.0,0.0,0.0,0.0,0.0,984.5,3.63
8.6294,0.0,4.84,6.82,33.11,102.85,130.02,472.01,237.71,3.63,0.0,0.0,0.0,0.0,0.0,0.0,2.86,987.36,6.49
8.6394,0.0,4.84,6.82,24.75,91.08,126.94,481.03,244.64,6.16,0.0,0.0,0.0,0.0,0.0,0.0,0.0,980.1,6.16
8.6494,0.0,4.84,6.82,15.29,80.74,119.24,491.92,248.05,11.0,0.0,0.0,3.08,0.0,0.0,0.0,0.0,966.9,14.08
8.6594,0.0,3.19,6.82,8.25,64.57,111.65,497.31,251.46,28.27,0.0,0.0,0.0,3.3,2.31,0.0,0.0,943.25,33.88
8.6694,0.0,4.84,6.82,7.04,48.73,98.89,499.18,251.46,45.54,0.0,0.0,4.73,3.3,2.31,2.75,0.0,916.96,58.63
8.6794,0.0,3.19,6.82,5.83,34.76,83.38,491.92,244.64,63.25,4.95,0.0,6.27,6.6,2.31,2.75,0.0,870.54,86.13
8.6894,0.0,4.84,5.5,4.73,30.58,66.33,466.62,234.3,90.09,68.64,5.72,6.27,8.25,5.83,0.0,2.86,812.9,187.66
8.6994,0.0,4.84,5.5,4.73,29.26,49.83,421.41,218.79,110.22,176.11,72.71,7.92,9.9,5.83,4.07,0.0,734.36,386.76
8.7094,0.0,4.84,5.5,4.73,30.58,37.95,332.64,208.45,100.76,232.21,142.12,15.84,11.55,7.04,6.82,2.86,624.69,519.2
8.7194,0.0,4.84,5.5,3.52,27.83,27.5,209.33,196.35,92.73,262.24,192.61,57.2,18.15,11.77,11.0,10.23,474.87,655.93
8.7294,0.0,4.84,5.5,3.52,25.08,24.86,107.03,173.8,91.41,271.04,226.93,81.07,36.41,14.19,12.32,11.66,344.63,745.03
8.7394,0.0,4.84,4.07,2.31,19.47,22.22,56.43,128.59,90.09,272.8,245.08,92.95,51.26,14.19,12.32,14.63,237.93,793.32
8.7494,0.0,4.84,2.75,0.0,15.29,18.26,40.48,81.73,88.77,272.8,253.33,100.43,65.67,15.4,19.25,17.6,163.35,833.25
8.7594,0.0,3.19,4.07,0.0,9.68,13.09,28.93,49.61,87.34,272.8,258.28,106.37,65.67,17.71,30.36,19.03,108.57,857.56
8.7694,0.0,3.19,4.07,0.0,6.93,7.81,18.81,22.0,87.34,276.43,256.63,110.88,70.29,18.92,39.93,19.03,62.81,879.45
8.7794,0.0,3.19,4.07,0.0,5.5,6.49,12.98,12.32,88.77,281.38,254.98,113.96,71.83,22.44,42.68,19.03,44.55,895.07
8.7894,0.0,0.0,4.07,0.0,4.18,3.85,11.55,4.07,88.77,288.2,251.68,118.69,73.37,23.65,49.61,23.43,27.72,917.4
8.7994,0.0,3.19,2.75,0.0,2.75,3.85,10.12,4.07,88.77,289.85,245.08,124.96,74.91,26.07,51.04,22.0,26.73,922.68
8.8094,0.0,3.19,2.75,0.0,2.75,2.53,8.69,2.75,86.02,294.91,241.78,129.69,76.45,28.38,56.54,23.43,22.66,937.2
8.8194,0.0,3.19,2.75,0.0,2.75,0.0,5.72,2.75,80.74,293.15,230.23,136.07,78.1,32.01,60.94,23.43,17.16,934.67
8.8294,0.0,3.19,2.75,0.0,2.75,2.53,7.15,0.0,75.35,286.44,220.33,139.15,81.18,32.01,68.31,24.86,18.37,927.63
8.8394,0.0,3.19,4.07,0.0,0.0,0.0,5.72,0.0,69.96,283.14,213.73,145.53,81.18,33.22,72.82,26.4,12.98,925.98
8.8494,0.0,3.19,2.75,0.0,0.0,2.53,5.72,0.0,63.25,271.04,200.75,147.07,82.72,36.74,75.79,27.83,14.19,905.19
8.8594,0.0,3.19,2.75,0.0,0.0,0.0,5.72,0.0,56.65,262.24,190.96,151.8,84.26,37.95,80.3,27.83,11.66,891.99
8.8694,0.0,0.0,2.75,0.0,0.0,2.53,2.86,0.0,50.49,248.05,179.52,156.53,85.8,42.68,81.84,29.26,8.14,874.17
8.8794,0.0,3.19,2.75,0.0,0.0,0.0,2.86,0.0,44.33,235.73,166.65,161.26,84.26,42.68,86.24,29.26,8.8,850.41
8.8894,0.0,0.0,2.75,0.0,0.0,0.0,2.86,0.0,40.7,225.17,154.33,164.45,88.88,46.2,87.78,30.8,5.61,838.31
8.8994,0.0,3.19,2.75,0.0,0.0,0.0,2.86,0.0,36.96,211.53,143.66,169.51,85.8,48.62,92.29,30.8,8.8,819.17
8.9094,0.0,3.19,2.75,0.0,0.0,0.0,2.86,0.0,34.43,198.11,131.45,172.92,90.42,50.93,93.72,32.23,8.8,804.21
8.9194,0.0,3.19,0.0,0.0,0.0,0.0,2.86,0.0,32.01,186.23,120.67,178.09,90.42,53.35,98.23,32.23,6.05,791.23
8.9294,0.0,0.0,2.75,0.0,0.0,0.0,2.86,0.0,30.8,176.11,109.89,179.85,93.5,55.77,99.66,33.66,5.61,779.24
8.9394,0.0,0.0,0.0,0.0,0.0,0.0,0.0,0.0,28.27,164.45,102.19,183.37,95.04,58.74,107.14,32.23,0.0,771.43
8.9494,0.0,0.0,2.75,0.0,0.0,0.0,0.0,0.0,27.06,151.25,94.38,186.78,98.23,60.28,113.19,35.2,2.75,766.37
8.9594,0.0,0.0,4.07,0.0,0.0,2.53,0.0,0.0,25.85,143.0,86.68,185.02,101.31,66.22,120.89,36.63,6.6,765.6
8.9694,0.0,0.0,2.75,0.0,0.0,0.0,0.0,0.0,24.64,129.91,78.87,186.78,104.39,69.3,130.02,36.63,2.75,760.54
8.9794,0.0,3.19,0.0,0.0,0.0,0.0,0.0,0.0,23.43,118.36,74.25,185.02,107.47,75.35,134.64,38.06,3.19,756.58
8.9894,0.0,0.0,2.75,0.0,0.0,0.0,0.0,0.0,22.11,107.14,69.52,183.37,110.55,78.32,145.42,36.63,2.75,753.06
8.9994,0.0,0.0,0.0,0.0,0.0,0.0,0.0,0.0,20.9,96.36,64.9,178.09,113.63,81.4,157.63,39.6,0.0,752.51
9.0094,0.0,0.0,2.75,0.0,0.0,0.0,0.0,0.0,20.9,85.58,57.2,176.44,116.82,85.91,171.71,41.03,2.75,755.59
9.0194,0.0,0.0,2.75,0.0,0.0,0.0,0.0,0.0,19.69,74.8,54.34,167.75,121.66,88.88,184.69,44.0,2.75,755.81
9.0294,0.0,0.0,2.75,0.0,0.0,0.0,0.0,0.0,18.48,62.48,48.62,164.45,128.15,91.96,204.16,44.0,2.75,762.3
9.0394,0.0,0.0,4.07,0.0,0.0,0.0,0.0,0.0,18.48,54.45,45.76,159.72,133.1,96.47,220.44,45.43,4.07,773.85
9.0494,0.0,0.0,0.0,0.0,0.0,0.0,0.0,0.0,15.95,42.9,38.61,153.45,139.59,99.44,238.92,48.4,0.0,777.26
9.0594,0.0,0.0,2.75,0.0,0.0,0.0,0.0,0.0,15.95,36.3,32.89,154.99,147.62,102.52,254.43,54.23,2.75,798.93
9.0694,0.0,0.0,2.75,0.0,0.0,0.0,0.0,0.0,15.95,28.05,25.74,153.45,152.46,105.49,269.83,58.74,2.75,809.71
9.0794,0.0,3.19,2.75,0.0,0.0,0.0,0.0,0.0,14.74,21.45,15.73,150.26,157.41,110.0,292.05,67.98,5.94,829.62
9.0894,0.0,3.19,2.75,0.0,0.0,0.0,0.0,0.0,12.32,16.5,8.58,140.8,165.44,113.08,312.51,75.57,5.94,844.8
9.0994,0.0,0.0,4.07,0.0,0.0,0.0,0.0,0.0,8.58,16.5,8.58,136.07,170.39,114.73,329.56,83.27,4.07,867.68
9.1094,0.0,0.0,2.75,0.0,0.0,0.0,0.0,0.0,6.16,13.2,7.15,126.61,173.91,118.25,353.43,95.48,2.75,894.19
9.1194,0.0,0.0,4.07,0.0,0.0,0.0,0.0,0.0,4.84,11.55,5.72,118.69,172.15,121.77,372.13,103.18,4.07,910.03
9.1294,0.0,0.0,2.75,0.0,0.0,0.0,0.0,0.0,2.42,8.25,5.72,110.88,177.54,123.42,392.7,115.61,2.75,936.54
9.1394,0.0,0.0,2.75,0.0,0.0,0.0,0.0,0.0,2.42,6.6,4.29,100.43,172.15,126.94,410.52,123.53,2.75,946.88
9.1494,0.0,0.0,2.75,0.0,0.0,0.0,0.0,0.0,2.42,8.25,4.29,87.01,170.39,128.7,428.45,133.1,2.75,962.61
9.1594,0.0,0.0,0.0,2.31,0.0,0.0,0.0,0.0,0.0,4.95,2.86,72.16,168.74,128.7,446.38,141.13,2.31,964.92
9.1694,5.06,0.0,0.0,2.31,0.0,0.0,0.0,0.0,0.0,6.6,2.86,57.2,162.25,125.18,466.4,142.78,7.37,963.27
9.1794,5.06,0.0,0.0,2.31,0.0,0.0,0.0,0.0,0.0,4.95,2.86,41.36,157.41,120.01,479.05,152.35,7.37,957.99
9.1894,13.75,0.0,0.0,0.0,0.0,0.0,0.0,0.0,0.0,4.95,2.86,31.79,149.27,113.08,489.94,153.89,13.75,945.78
9.1994,36.08,0.0,0.0,3.52,2.75,2.53,0.0,0.0,0.0,4.95,4.29,22.22,142.78,108.46,493.57,150.7,44.88,926.97
9.2094,63.69,0.0,0.0,3.52,4.18,2.53,0.0,0.0,0.0,3.3,2.86,14.3,131.45,102.52,486.31,150.7,73.92,891.44
9.2194,87.78,0.0,0.0,4.73,5.5,3.85,2.86,0.0,0.0,3.3,2.86,12.65,112.09,87.34,480.92,150.7,104.72,849.86
9.2294,113.63,3.19,8.25,4.73,5.5,5.17,2.86,0.0,0.0,3.3,2.86,12.65,96.69,75.35,457.27,144.32,143.33,792.44
9.2394,136.4,69.74,91.96,5.83,4.18,5.17,4.29,2.75,0.0,0.0,0.0,14.3,74.91,60.28,423.06,139.48,320.32,712.03
9.2494,131.12,130.79,148.28,9.46,6.93,6.49,4.29,0.0,0.0,4.95,2.86,15.84,56.21,49.83,365.31,134.75,437.36,629.75
9.2594,124.19,161.04,189.64,40.15,8.36,6.49,4.29,5.5,0.0,4.95,0.0,15.84,52.91,40.26,247.5,141.13,539.66,502.59
9.2694,122.43,171.27,222.64,55.55,22.22,11.77,10.12,8.25,0.0,0.0,0.0,14.3,43.01,30.8,134.64,145.97,624.25,368.72
9.2794,122.43,171.27,245.74,59.4,30.58,26.18,28.93,19.25,0.0,0.0,0.0,12.65,34.76,27.28,66.88,118.8,703.78,260.37
9.2893,125.84,174.79,261.69,62.26,34.76,37.95,50.6,20.68,0.0,4.95,0.0,11.11,29.81,20.13,42.68,86.35,768.57,195.03
9.2993,129.36,178.31,274.23,65.12,40.37,45.87,72.71,23.43,0.0,3.3,0.0,9.46,23.1,16.61,30.36,60.28,829.4,143.11
9.3093,134.64,181.83,281.38,63.69,45.98,52.47,86.13,24.75,0.0,3.3,0.0,7.92,18.15,11.77,22.0,45.43,870.87,108.57
9.3193,139.92,185.35,286.99,63.69,48.73,53.79,98.12,24.75,0.0,0.0,0.0,6.27,13.2,9.46,16.5,29.26,901.34,74.69
9.3293,143.33,188.87,292.6,65.12,50.16,56.43,105.6,26.18,0.0,0.0,0.0,6.27,6.6,5.83,13.75,17.6,928.29,50.05
9.3393,146.85,192.39,294.47,66.55,51.48,59.29,108.57,27.5,0.0,0.0,0.0,4.73,6.6,4.73,8.25,4.4,947.1,28.71
9.3493,150.37,195.91,296.34,67.98,52.91,60.72,111.54,27.5,0.0,3.3,0.0,0.0,6.6,3.52,9.57,2.86,963.27,25.85
9.3593,150.37,195.91,292.6,67.98,54.34,59.29,114.62,27.5,0.0,3.3,0.0,4.73,6.6,3.52,9.57,4.4,962.61,32.12
9.3693,146.85,197.67,288.86,70.84,52.91,60.72,113.08,27.5,0.0,3.3,0.0,4.73,4.95,2.31,8.25,5.83,958.43,29.37
9.3793,143.33,194.15,283.25,72.27,52.91,63.58,113.08,28.93,0.0,3.3,0.0,0.0,3.3,3.52,6.82,4.4,951.5,21.34
9.3893,136.4,192.39,274.23,73.7,51.48,64.9,113.08,28.93,0.0,0.0,0.0,4.73,4.95,0.0,6.82,2.86,935.11,19.36
9.3993,129.36,187.11,261.69,77.99,51.48,64.9,113.08,27.5,0.0,0.0,0.0,4.73,0.0,3.52,8.25,4.4,913.11,20.9
9.4093,120.67,181.83,247.5,80.85,51.48,66.33,111.54,28.93,0.0,3.3,0.0,3.08,4.95,2.31,6.82,0.0,889.13,20.46
9.4193,108.46,174.79,236.83,83.71,50.16,66.33,111.54,28.93,0.0,0.0,0.0,3.08,4.95,0.0,5.5,0.0,860.75,13.53
9.4293,99.88,166.1,220.77,86.57,51.48,69.19,113.08,27.5,0.0,3.3,0.0,0.0,3.3,2.31,5.5,2.86,834.57,17.27
9.4393,89.54,159.39,208.01,89.43,52.91,70.62,114.62,28.93,0.0,0.0,0.0,3.08,0.0,2.31,5.5,0.0,813.45,10.89
9.4493,79.2,150.92,195.14,92.29,52.91,74.8,116.27,30.36,0.0,3.3,0.0,3.08,0.0,2.31,2.75,0.0,791.89,11.44
9.4593,72.27,140.91,178.75,95.15,54.34,76.23,122.65,30.36,0.0,0.0,0.0,3.08,0.0,2.31,5.5,4.4,770.66,15.29
9.4693,65.34,132.55,167.97,99.44,57.2,77.66,125.84,31.68,0.0,0.0,0.0,3.08,0.0,0.0,2.75,0.0,757.68,5.83
9.4793,60.17,122.43,158.07,102.3,60.17,81.95,132.33,31.68,0.0,0.0,0.0,3.08,0.0,0.0,4.07,2.86,749.1,10.01
9.4893,55.11,114.07,151.47,105.16,63.03,84.7,140.36,35.86,0.0,0.0,0.0,3.08,0.0,0.0,4.07,0.0,749.76,7.15
9.4993,53.35,105.82,143.33,106.59,64.57,88.99,148.39,37.18,0.0,0.0,0.0,0.0,0.0,0.0,0.0,0.0,748.22,0.0
9.5093,49.94,97.68,136.73,108.02,67.54,90.42,158.07,42.68,0.0,3.3,0.0,3.08,0.0,0.0,4.07,0.0,751.08,10.45
9.5193,48.18,89.43,130.24,110.88,73.37,94.6,164.45,45.54,0.0,0.0,0.0,0.0,0.0,2.31,0.0,2.86,756.69,5.17
9.5293,46.42,81.29,125.29,110.88,77.77,96.03,177.76,51.04,0.0,0.0,0.0,3.08,0.0,0.0,2.75,2.86,766.48,8.69
9.5393,43.01,74.69,115.39,110.88,80.74,97.46,190.08,56.54,0.0,0.0,0.0,3.08,0.0,0.0,2.75,2.86,768.79,8.69
9.5493,41.25,66.55,109.12,112.42,85.14,101.75,204.05,62.37,0.0,0.0,0.0,3.08,0.0,0.0,0.0,2.86,782.65,5.94
9.5593,39.6,58.3,102.85,115.5,91.08,105.93,218.13,66.88,0.0,0.0,0.0,0.0,0.0,0.0,2.75,0.0,798.27,2.75
9.5693,36.08,51.81,91.96,117.04,96.91,108.79,233.53,77.33,0.0,0.0,0.0,0.0,0.0,0.0,0.0,0.0,813.45,0.0
9.5793,34.43,42.13,81.07,118.58,101.31,113.08,247.17,89.21,0.0,0.0,0.0,3.08,0.0,0.0,0.0,0.0,826.98,3.08
9.5893,30.91,33.99,67.1,120.12,105.71,117.7,264.22,99.66,0.0,0.0,0.0,3.08,0.0,0.0,2.75,0.0,839.41,5.83
9.5993,29.26,25.85,51.04,118.58,113.63,120.78,279.51,110.11,0.0,0.0,0.0,0.0,0.0,0.0,2.75,0.0,848.76,2.75
9.6093,25.74,19.36,38.61,118.58,118.69,122.32,297.77,120.89,0.0,0.0,0.0,3.08,0.0,0.0,0.0,2.86,861.96,5.94
9.6193,24.09,16.17,26.18,117.04,123.86,125.4,314.38,131.67,0.0,0.0,0.0,0.0,0.0,0.0,2.75,0.0,878.79,2.75
9.6293,22.33,12.87,19.25,112.42,128.92,128.48,327.69,139.37,0.0,0.0,0.0,0.0,0.0,0.0,2.75,2.86,891.33,5.61
9.6393,18.92,11.33,15.18,108.02,132.33,130.02,345.29,150.26,0.0,0.0,0.0,3.08,0.0,0.0,0.0,0.0,911.35,3.08
9.6493,13.75,9.68,11.0,103.73,132.33,131.45,365.2,162.58,0.0,0.0,0.0,0.0,0.0,0.0,0.0,0.0,929.72,0.0
9.6593,10.23,6.38,12.43,92.29,130.68,132.99,386.98,173.8,0.0,0.0,0.0,3.08,0.0,0.0,0.0,0.0,945.78,3.08
9.6693,3.41,6.38,9.57,82.28,130.68,136.07,405.13,187.66,0.0,0.0,0.0,0.0,0.0,0.0,0.0,0.0,961.18,0.0
9.6793,0.0,6.38,6.82,69.41,128.92,134.53,421.41,203.28,0.0,0.0,0.0,0.0,0.0,0.0,0.0,0.0,970.75,0.0
9.6893,0.0,3.19,6.82,56.76,118.69,134.53,437.69,211.86,0.0,0.0,0.0,0.0,0.0,0.0,0.0,0.0,969.54,0.0
9.6993,0.0,4.84,6.82,48.4,113.63,132.99,452.21,222.31,0.0,0.0,0.0,0.0,0.0,0.0,0.0,0.0,981.2,0.0
9.7093,0.0,4.84,6.82,37.84,104.28,132.99,464.75,230.89,0.0,0.0,0.0,0.0,0.0,0.0,0.0,0.0,982.41,0.0
9.7193,0.0,4.84,6.82,27.17,92.51,126.94,479.27,236.06,3.63,0.0,0.0,0.0,0.0,0.0,0.0,0.0,973.61,3.63
9.7293,0.0,4.84,6.82,20.02,82.17,123.86,490.05,242.88,6.16,0.0,0.0,0.0,0.0,0.0,0.0,0.0,970.64,6.16
9.7393,0.0,3.19,6.82,10.56,68.97,116.16,499.18,246.29,8.58,0.0,0.0,3.08,0.0,0.0,0.0,0.0,951.17,11.66
9.7493,0.0,4.84,4.07,7.04,51.48,104.5,501.05,246.29,20.9,3.3,0.0,0.0,3.3,2.31,0.0,0.0,919.27,29.81
9.7593,0.0,4.84,5.5,7.04,37.62,94.6,499.18,242.88,36.96,3.3,0.0,3.08,3.3,3.52,0.0,0.0,891.66,50.16
9.7693,0.0,4.84,4.07,5.83,29.26,79.09,481.03,237.71,51.7,0.0,0.0,6.27,4.95,3.52,2.75,0.0,841.83,69.19
9.7793,0.0,4.84,6.82,4.73,30.58,63.58,444.95,225.72,75.35,3.3,0.0,4.73,6.6,4.73,0.0,2.86,781.22,97.57
9.7893,0.0,3.19,5.5,4.73,30.58,49.83,385.22,215.38,121.44,99.44,15.73,6.27,8.25,4.73,2.75,2.86,694.43,261.47
9.7993,0.0,4.84,5.5,2.31,29.26,37.95,279.51,211.86,118.69,196.35,100.65,9.46,9.9,4.73,4.07,0.0,571.23,443.85
9.8093,0.0,4.84,5.5,2.31,27.83,28.82,162.91,204.93,100.76,264.0,169.73,39.82,11.55,8.25,8.25,5.83,437.14,608.19
9.8193,0.0,4.84,5.5,2.31,22.22,27.5,83.16,184.14,96.8,284.79,217.03,84.04,28.05,15.4,11.0,11.66,329.67,748.77
9.8293,0.0,4.84,2.75,0.0,19.47,23.54,52.14,134.75,96.8,289.85,245.08,99.0,47.96,15.4,12.32,13.2,237.49,819.61
9.8393,0.0,4.84,4.07,0.0,15.29,19.58,40.48,95.15,92.73,284.79,254.98,104.94,62.59,16.61,17.93,16.06,179.41,850.63
9.8493,0.0,3.19,2.75,0.0,11.11,14.41,30.36,66.88,90.09,281.38,258.28,110.88,68.75,17.71,30.36,20.46,128.7,877.91
9.8593,0.0,3.19,4.07,0.0,8.36,9.13,18.81,38.61,90.09,284.79,259.93,112.42,73.37,21.34,39.93,22.0,82.17,903.87
9.8693,0.0,3.19,2.75,0.0,4.18,7.81,12.98,22.0,90.09,283.14,258.28,117.15,78.1,24.86,46.86,24.86,52.91,923.34
9.8793,0.0,0.0,2.75,0.0,2.75,3.85,10.12,6.82,91.41,289.85,261.58,117.15,78.1,27.28,52.36,20.46,26.29,938.19
9.8893,0.0,3.19,4.07,0.0,4.18,3.85,7.15,4.07,94.05,289.85,263.23,117.15,82.72,29.59,57.97,24.86,26.51,959.42
9.8993,0.0,0.0,0.0,0.0,2.75,2.53,8.69,2.75,94.05,288.2,259.93,115.5,84.26,30.8,62.37,23.43,16.72,958.54
9.9093,0.0,3.19,2.75,0.0,2.75,2.53,7.15,0.0,91.41,284.79,256.63,118.69,85.8,32.01,71.39,23.43,18.37,964.15
9.9193,0.0,3.19,0.0,0.0,0.0,3.85,7.15,0.0,87.34,279.73,251.68,117.15,85.8,33.22,77.33,24.86,14.19,957.11
9.9293,0.0,0.0,2.75,0.0,0.0,2.53,4.29,0.0,83.38,271.04,246.73,117.15,85.8,35.53,83.27,27.83,9.57,950.73
9.9393,0.0,3.19,0.0,0.0,2.75,0.0,4.29,0.0,75.35,258.72,240.13,118.69,88.88,37.95,89.21,27.83,10.23,936.76
9.9493,0.0,3.19,2.75,0.0,0.0,0.0,4.29,0.0,69.96,246.29,230.23,117.15,88.88,40.26,96.69,29.26,10.23,918.72
9.9593,0.0,3.19,2.75,0.0,0.0,2.53,2.86,0.0,64.57,233.97,220.33,115.5,91.96,42.68,99.66,27.83,11.33,896.5
9.9693,0.0,0.0,2.75,0.0,0.0,0.0,4.29,0.0,57.97,218.35,212.19,115.5,91.96,43.89,104.17,29.26,7.04,873.29
9.9793,0.0,0.0,2.75,0.0,0.0,0.0,4.29,0.0,54.23,209.88,197.45,109.34,95.04,46.2,113.19,32.23,7.04,857.56
9.9893,0.0,0.0,2.75,0.0,0.0,2.53,2.86,0.0,49.28,198.11,187.66,109.34,95.04,47.41,114.73,32.23,8.14,833.8
9.9993,0.0,0.0,2.75,0.0,0.0,2.53,2.86,0.0,45.54,186.23,179.52,109.34,98.23,48.62,122.43,33.66,8.14,823.57
10.0093,0.0,0.0,2.75,0.0,0.0,0.0,0.0,0.0,41.91,174.46,168.19,107.91,99.77,48.62,128.59,33.66,2.75,803.11
10.0193,0.0,0.0,2.75,0.0,0.0,0.0,0.0,0.0,38.17,159.5,160.49,104.94,102.85,52.14,134.64,35.2,2.75,787.93
10.0293,0.0,3.19,2.75,0.0,0.0,0.0,0.0,0.0,36.96,151.25,152.79,100.43,102.85,53.35,142.34,35.2,5.94,775.17
10.0393,0.0,0.0,2.75,0.0,0.0,0.0,0.0,0.0,34.43,139.7,146.74,100.43,107.47,57.2,151.47,36.63,2.75,774.07
10.0493,0.0,3.19,0.0,0.0,0.0,0.0,0.0,0.0,32.01,126.61,140.58,100.43,109.01,60.28,163.79,36.63,3.19,769.34
10.0593,0.0,0.0,2.75,0.0,0.0,0.0,0.0,0.0,30.8,115.06,132.88,99.0,113.63,64.79,176.66,39.6,2.75,772.42
10.0693,0.0,3.19,0.0,0.0,0.0,0.0,0.0,0.0,29.59,104.06,125.29,99.0,121.66,69.3,189.64,41.03,3.19,779.57
10.0793,0.0,0.0,0.0,0.0,0.0,0.0,0.0,0.0,28.27,93.28,114.51,95.92,128.15,72.27,204.16,42.46,0.0,779.02
10.0893,0.0,0.0,2.75,0.0,0.0,0.0,0.0,0.0,25.85,80.96,105.27,94.49,134.64,73.81,220.44,41.03,2.75,776.49
10.0993,0.0,3.19,0.0,0.0,0.0,0.0,0.0,0.0,23.43,67.1,95.92,92.95,141.13,78.32,231.99,48.4,3.19,779.24
10.1093,0.0,0.0,2.75,0.0,0.0,0.0,0.0,0.0,22.11,54.45,83.49,94.49,147.62,79.86,250.91,52.8,2.75,785.73
10.1193,0.0,0.0,2.75,0.0,0.0,0.0,0.0,0.0,19.69,42.9,67.98,92.95,154.11,84.37,264.66,57.2,2.75,783.86
10.1293,0.0,3.19,2.75,0.0,0.0,0.0,0.0,0.0,18.48,33.0,51.48,89.98,158.95,88.88,276.76,60.28,5.94,777.81
10.1393,0.0,0.0,2.75,0.0,0.0,0.0,0.0,0.0,17.16,24.75,35.75,92.95,163.9,90.42,293.81,67.98,2.75,786.72
10.1493,0.0,0.0,2.75,0.0,0.0,0.0,0.0,0.0,14.74,18.15,22.88,89.98,173.91,91.96,307.34,72.6,2.75,791.56
10.1593,0.0,0.0,2.75,0.0,0.0,0.0,0.0,0.0,12.32,14.85,14.3,87.01,175.78,94.93,322.74,80.19,2.75,802.12
10.1693,0.0,0.0,0.0,0.0,0.0,0.0,0.0,0.0,8.58,13.2,7.15,79.53,184.8,94.93,338.03,84.81,0.0,811.03
10.1793,0.0,0.0,0.0,0.0,0.0,0.0,0.0,0.0,6.16,11.55,8.58,72.16,186.56,97.9,358.49,95.48,0.0,836.88
10.1893,0.0,0.0,2.75,2.31,0.0,0.0,0.0,0.0,6.16,11.55,7.15,67.65,190.19,96.47,378.95,103.18,5.06,861.3
10.1993,0.0,0.0,0.0,0.0,0.0,0.0,0.0,0.0,2.42,6.6,5.72,61.71,191.95,99.44,398.09,112.42,0.0,878.35
10.2093,0.0,0.0,2.75,0.0,0.0,0.0,0.0,0.0,2.42,4.95,4.29,54.12,191.95,99.44,412.39,118.8,2.75,888.36
10.2193,0.0,0.0,2.75,0.0,0.0,0.0,0.0,0.0,2.42,8.25,5.72,46.2,186.56,97.9,430.21,128.37,2.75,905.63
10.2293,0.0,0.0,2.75,0.0,0.0,0.0,0.0,0.0,2.42,6.6,5.72,36.63,181.17,96.47,450.01,136.29,2.75,915.31
10.2393,0.0,0.0,0.0,0.0,0.0,0.0,0.0,0.0,2.42,6.6,4.29,27.06,173.91,93.39,470.03,142.78,0.0,920.48
10.2493,5.06,0.0,0.0,0.0,0.0,0.0,0.0,0.0,0.0,3.3,4.29,19.03,168.74,88.88,484.55,150.7,5.06,919.49
10.2593,8.58,0.0,0.0,0.0,0.0,0.0,0.0,0.0,0.0,4.95,4.29,11.11,160.6,85.91,500.83,160.27,8.58,927.96
10.2693,24.09,0.0,0.0,0.0,2.75,0.0,0.0,0.0,0.0,4.95,4.29,6.27,150.92,78.32,511.61,165.11,26.84,921.47
10.2793,49.94,0.0,2.75,2.31,2.75,0.0,0.0,0.0,2.42,6.6,0.0,9.46,139.59,70.84,518.76,166.76,57.75,914.43
10.2893,77.44,0.0,0.0,3.52,2.75,2.53,0.0,0.0,0.0,4.95,0.0,6.27,124.96,60.28,511.61,165.11,86.24,873.18
10.2993,99.88,0.0,0.0,5.83,4.18,3.85,0.0,0.0,0.0,3.3,2.86,6.27,105.93,50.93,504.35,163.46,113.74,837.1
10.3093,136.4,9.68,26.18,4.73,5.5,3.85,2.86,0.0,0.0,3.3,2.86,11.11,88.88,43.89,482.68,157.08,189.2,789.8
10.3193,153.89,84.48,107.58,7.04,5.5,6.49,4.29,2.75,0.0,3.3,2.86,12.65,70.29,39.05,442.75,147.51,372.02,718.41
10.3293,143.33,144.21,163.02,9.46,5.5,3.85,2.86,2.75,0.0,4.95,4.29,12.65,57.97,33.22,375.54,142.78,474.98,631.4
10.3393,134.64,176.55,209.77,34.21,8.36,7.81,4.29,4.07,0.0,0.0,2.86,14.3,52.91,30.8,252.67,136.29,579.7,489.83
10.3493,129.36,192.39,240.35,54.34,18.04,13.09,10.12,11.0,0.0,4.95,2.86,12.65,41.36,28.38,137.72,129.91,668.69,357.83
10.3593,131.12,190.63,261.69,59.4,26.4,24.86,36.19,19.25,0.0,4.95,2.86,11.11,38.06,23.65,74.36,107.8,749.54,262.79
10.3693,131.12,192.39,275.99,65.12,32.01,35.42,57.86,22.0,0.0,3.3,2.86,9.46,29.81,20.13,42.68,75.57,811.91,183.81
10.3793,134.64,195.91,285.12,66.55,36.19,41.91,78.76,23.43,2.42,3.3,0.0,4.73,23.1,15.4,30.36,52.8,862.51,132.11
10.3893,138.16,197.67,292.6,66.55,38.94,48.51,89.21,24.75,0.0,3.3,0.0,6.27,18.15,11.77,24.75,41.03,896.39,105.27
10.3993,141.57,201.19,294.47,67.98,40.37,48.51,101.09,24.75,0.0,0.0,0.0,4.73,13.2,8.25,16.5,26.4,919.93,69.08
10.4093,143.33,202.95,298.21,67.98,40.37,52.47,105.6,27.5,0.0,0.0,2.86,3.08,6.6,5.83,13.75,11.66,938.41,43.78
10.4193,146.85,206.47,300.08,67.98,41.8,53.79,111.54,26.18,0.0,3.3,0.0,0.0,6.6,3.52,11.0,7.26,954.69,31.68
10.4293,148.61,209.99,298.21,67.98,43.12,52.47,113.08,26.18,0.0,0.0,0.0,3.08,4.95,4.73,11.0,7.26,959.64,31.02
10.4393,148.61,209.99,294.47,69.41,43.12,52.47,113.08,24.75,0.0,0.0,0.0,3.08,4.95,2.31,9.57,4.4,955.9,24.31
10.4493,146.85,208.23,292.6,66.55,43.12,53.79,114.62,27.5,0.0,3.3,0.0,3.08,4.95,3.52,9.57,5.83,953.26,30.25
10.4593,145.09,206.47,283.25,69.41,43.12,53.79,111.54,26.18,0.0,0.0,0.0,3.08,0.0,2.31,8.25,5.83,938.85,19.47
10.4693,139.92,202.95,275.99,69.41,41.8,53.79,110.0,24.75,0.0,0.0,0.0,3.08,3.3,3.52,5.5,5.83,918.61,21.23
10.4793,132.88,199.43,267.08,70.84,40.37,55.11,107.03,26.18,0.0,0.0,0.0,3.08,4.95,2.31,6.82,4.4,898.92,21.56
10.4893,125.84,194.15,252.89,70.84,41.8,55.11,107.03,26.18,0.0,0.0,0.0,3.08,3.3,2.31,4.07,4.4,873.84,17.16
10.4993,117.15,188.87,243.98,73.7,41.8,56.43,105.6,26.18,0.0,0.0,0.0,3.08,0.0,0.0,6.82,4.4,853.71,14.3
10.5093,108.46,181.83,231.44,76.56,40.37,56.43,105.6,24.75,0.0,0.0,0.0,3.08,3.3,0.0,4.07,4.4,825.44,14.85
10.5193,99.88,176.55,218.9,80.85,40.37,57.86,105.6,24.75,0.0,0.0,0.0,0.0,0.0,3.52,4.07,2.86,804.76,10.45
10.5293,91.19,169.51,208.01,83.71,40.37,60.72,105.6,24.75,0.0,3.3,0.0,0.0,0.0,0.0,2.75,0.0,783.86,6.05
10.5393,82.61,166.1,193.38,86.57,41.8,63.58,105.6,27.5,0.0,0.0,0.0,0.0,3.3,0.0,4.07,2.86,767.14,10.23
10.5493,75.68,159.39,182.38,92.29,43.12,63.58,110.0,27.5,0.0,0.0,0.0,0.0,3.3,0.0,5.5,0.0,753.94,8.8
10.5593,70.51,150.92,173.25,96.58,44.55,69.19,114.62,27.5,0.0,0.0,0.0,0.0,3.3,0.0,2.75,0.0,747.12,6.05
10.5693,63.69,142.56,164.67,100.87,45.98,73.48,121.11,28.93,0.0,0.0,0.0,0.0,3.3,0.0,4.07,0.0,741.29,7.37
10.5793,58.52,135.85,156.42,102.3,45.98,74.8,129.14,31.68,0.0,0.0,0.0,0.0,0.0,0.0,4.07,0.0,734.69,4.07
10.5893,55.11,125.84,148.28,108.02,51.48,80.52,138.71,34.43,0.0,3.3,0.0,0.0,0.0,0.0,2.75,2.86,742.39,8.91
10.5993,51.59,117.37,143.33,109.45,54.34,84.7,146.85,37.18,0.0,0.0,0.0,0.0,0.0,0.0,2.75,2.86,744.81,5.61
10.6093,48.18,107.47,136.73,112.42,58.63,87.56,159.72,42.68,0.0,0.0,0.0,0.0,0.0,0.0,2.75,2.86,753.39,5.61
10.6193,46.42,99.22,130.24,113.96,63.03,91.85,170.94,49.61,0.0,0.0,0.0,0.0,0.0,0.0,2.75,2.86,765.27,5.61
10.6293,43.01,91.08,121.99,117.04,67.54,94.6,186.56,52.36,0.0,0.0,0.0,0.0,0.0,0.0,2.75,2.86,774.18,5.61
10.6393,41.25,81.29,113.85,118.58,71.94,98.89,202.29,63.91,0.0,0.0,0.0,0.0,0.0,0.0,2.75,2.86,792.0,5.61
10.6493,37.84,71.39,104.5,123.2,76.34,103.07,218.13,69.85,0.0,0.0,0.0,0.0,0.0,0.0,0.0,0.0,804.32,0.0
10.6593,34.43,58.3,90.42,123.2,83.71,107.36,235.29,81.73,0.0,0.0,0.0,0.0,0.0,0.0,0.0,2.86,814.44,2.86
10.6693,32.67,46.97,79.53,127.82,89.54,108.79,253.99,92.18,0.0,0.0,0.0,0.0,0.0,0.0,2.75,2.86,831.49,5.61
10.6793,29.26,35.64,62.48,127.82,93.94,116.16,274.45,102.63,0.0,0.0,0.0,0.0,0.0,0.0,2.75,2.86,842.38,5.61
10.6893,27.5,27.5,46.86,127.82,98.34,117.7,292.82,113.19,0.0,0.0,0.0,0.0,0.0,0.0,2.75,2.86,851.73,5.61
10.6993,25.74,19.36,34.43,126.28,104.28,122.32,311.08,123.97,0.0,0.0,0.0,0.0,0.0,0.0,0.0,2.86,867.46,2.86
10.7093,22.33,12.87,20.68,123.2,107.25,123.86,327.69,137.83,0.0,0.0,0.0,0.0,0.0,0.0,2.75,2.86,875.71,5.61
10.7192,18.92,12.87,15.18,120.12,111.87,128.48,350.68,150.26,0.0,0.0,0.0,0.0,0.0,2.31,0.0,2.86,908.38,5.17
10.7292,13.75,11.33,12.43,110.88,111.87,128.48,370.7,159.5,0.0,0.0,0.0,0.0,0.0,0.0,0.0,0.0,918.94,0.0
10.7392,8.58,9.68,12.43,100.87,115.28,131.45,392.37,175.56,0.0,0.0,0.0,0.0,0.0,0.0,0.0,4.4,946.22,4.4
10.7492,3.41,8.03,8.25,86.57,113.63,131.45,415.91,191.07,0.0,0.0,0.0,0.0,0.0,0.0,0.0,0.0,958.32,0.0
10.7592,0.0,4.84,8.25,70.84,110.22,131.45,435.93,203.28,0.0,0.0,0.0,0.0,0.0,0.0,0.0,4.4,964.81,4.4
10.7692,0.0,4.84,6.82,57.97,104.28,134.53,450.34,217.14,0.0,0.0,0.0,0.0,0.0,0.0,0.0,2.86,975.92,2.86
10.7792,0.0,4.84,6.82,48.4,96.91,134.53,461.23,225.72,2.42,0.0,0.0,0.0,0.0,0.0,0.0,0.0,978.45,2.42
10.7892,0.0,6.38,6.82,40.15,88.11,131.45,475.64,236.06,3.63,0.0,0.0,0.0,0.0,0.0,0.0,0.0,984.61,3.63
10.7992,0.0,4.84,5.5,30.69,77.77,130.02,484.66,242.88,6.16,0.0,0.0,0.0,0.0,0.0,0.0,0.0,976.36,6.16
10.8092,0.0,4.84,5.5,21.23,67.54,122.32,495.55,244.64,8.58,0.0,0.0,3.08,0.0,0.0,0.0,0.0,961.62,11.66
10.8192,0.0,4.84,6.82,11.77,54.34,116.16,499.18,248.05,19.69,3.3,0.0,0.0,3.3,2.31,0.0,0.0,941.16,28.6
10.8292,0.0,4.84,6.82,8.25,40.37,105.93,499.18,246.29,32.01,0.0,0.0,3.08,0.0,2.31,0.0,0.0,911.68,37.4
10.8392,0.0,4.84,6.82,5.83,30.58,93.17,486.42,239.47,50.49,0.0,0.0,4.73,3.3,3.52,2.75,0.0,867.13,64.79
10.8492,0.0,4.84,5.5,7.04,29.26,74.8,455.73,227.48,72.6,0.0,0.0,6.27,6.6,4.73,2.75,2.86,804.65,95.81
10.8592,0.0,4.84,4.07,4.73,29.26,59.29,408.76,211.86,132.77,33.0,7.15,6.27,8.25,4.73,4.07,2.86,722.81,199.1
10.8692,0.0,4.84,5.5,4.73,27.83,44.55,317.68,204.93,151.14,156.2,85.03,7.92,8.25,5.83,4.07,2.86,610.06,421.3
10.8792,0.0,4.84,4.07,3.52,27.83,32.78,197.12,194.59,127.16,241.01,163.57,9.46,9.9,4.73,5.5,2.86,464.75,564.19
10.8892,0.0,6.38,4.07,2.31,22.22,26.18,101.09,182.49,110.22,293.15,225.28,54.12,13.2,10.67,8.25,8.8,344.74,723.69
10.8992,0.0,4.84,5.5,2.31,19.47,23.54,55.0,134.75,102.08,305.03,259.93,94.49,33.11,15.4,13.75,10.23,245.41,834.02
10.9092,0.0,4.84,4.07,0.0,15.29,19.58,40.48,87.78,96.8,301.62,271.48,109.34,49.61,14.19,15.18,14.63,172.04,872.85
10.9192,0.0,3.19,4.07,0.0,11.11,14.41,30.36,60.94,90.09,299.97,271.48,117.15,61.05,16.61,17.93,17.6,124.08,891.88
10.9292,0.0,3.19,2.75,0.0,8.36,10.45,20.24,31.68,82.06,294.91,266.53,128.15,68.75,18.92,28.93,22.0,76.67,910.25
10.9392,0.0,3.19,2.75,0.0,4.18,5.17,14.41,16.5,76.67,291.5,259.93,137.61,71.83,26.07,39.93,23.43,46.2,926.97
10.9492,0.0,0.0,4.07,0.0,2.75,5.17,11.55,4.07,74.03,289.85,253.33,140.8,74.91,30.8,45.54,26.4,27.61,935.66
10.9592,0.0,3.19,0.0,0.0,2.75,3.85,8.69,2.75,71.28,291.5,248.38,148.72,81.18,34.32,49.61,23.43,21.23,948.42
10.9692,0.0,3.19,0.0,0.0,2.75,3.85,8.69,2.75,68.64,289.85,243.43,150.26,82.72,36.74,53.79,27.83,21.23,953.26
10.9792,0.0,3.19,0.0,0.0,0.0,2.53,5.72,0.0,66.0,286.44,236.83,156.53,81.18,39.05,60.94,26.4,11.44,953.37
10.9892,0.0,3.19,4.07,0.0,2.75,3.85,5.72,0.0,60.61,279.73,228.58,159.72,85.8,41.47,66.88,27.83,19.58,950.62
10.9992,0.0,3.19,4.07,0.0,0.0,2.53,5.72,0.0,55.44,274.56,218.68,161.26,87.34,42.68,72.82,30.8,15.51,943.58
11.0092,0.0,3.19,0.0,0.0,0.0,0.0,5.72,0.0,49.28,260.48,203.94,166.1,88.88,46.2,77.33,29.26,8.91,921.47
11.0192,0.0,3.19,2.75,0.0,0.0,0.0,4.29,0.0,44.33,244.53,187.66,171.27,91.96,48.62,80.3,29.26,10.23,897.93
11.0292,0.0,3.19,2.75,0.0,0.0,0.0,2.86,0.0,38.17,228.69,169.73,174.68,93.5,49.83,87.78,32.23,8.8,874.61
11.0392,0.0,3.19,2.75,0.0,0.0,0.0,4.29,0.0,34.43,213.29,151.25,174.68,93.5,53.35,92.29,32.23,10.23,845.02
11.0492,0.0,0.0,2.75,0.0,0.0,0.0,4.29,0.0,32.01,194.7,137.5,176.44,96.69,57.2,96.69,32.23,7.04,823.46
11.0592,0.0,3.19,0.0,0.0,0.0,0.0,4.29,0.0,28.27,174.46,120.67,174.68,98.23,58.74,102.74,32.23,7.48,790.02
11.0692,0.0,0.0,0.0,0.0,0.0,2.53,0.0,0.0,25.85,157.85,106.81,174.68,98.23,61.71,107.14,35.2,2.53,767.47
11.0792,0.0,3.19,2.75,0.0,0.0,0.0,2.86,0.0,24.64,144.65,95.92,172.92,99.77,66.22,114.73,36.63,8.8,755.48
11.0892,0.0,0.0,2.75,0.0,0.0,0.0,2.86,0.0,23.43,128.26,88.22,167.75,101.31,69.3,125.51,36.63,5.61,740.41
11.0992,0.0,3.19,0.0,0.0,0.0,0.0,0.0,0.0,22.11,118.36,81.95,164.45,104.39,73.81,130.02,36.63,3.19,731.72
11.1092,0.0,3.19,0.0,0.0,0.0,0.0,0.0,0.0,20.9,105.6,75.79,161.26,109.01,75.35,139.26,38.06,3.19,725.23
11.1192,0.0,0.0,0.0,0.0,0.0,0.0,0.0,0.0,19.69,94.82,69.52,153.45,110.55,79.86,153.01,39.6,0.0,720.5
11.1292,0.0,0.0,2.75,0.0,0.0,0.0,0.0,0.0,18.48,82.5,64.9,153.45,115.28,82.83,163.79,39.6,2.75,720.83
11.1392,0.0,0.0,2.75,0.0,0.0,0.0,0.0,0.0,17.16,71.72,60.28,151.8,118.47,87.34,176.66,42.46,2.75,725.89
11.1492,0.0,0.0,2.75,0.0,0.0,0.0,0.0,0.0,15.95,62.48,54.34,148.72,124.96,90.42,191.18,44.0,2.75,732.05
11.1592,0.0,3.19,0.0,0.0,0.0,0.0,0.0,0.0,15.95,54.45,48.62,145.53,128.15,94.93,202.51,46.86,3.19,737.0
11.1692,0.0,0.0,2.75,0.0,0.0,0.0,0.0,0.0,15.95,46.2,41.47,142.34,134.64,99.44,217.14,51.26,2.75,748.44
11.1792,0.0,0.0,2.75,0.0,0.0,0.0,0.0,0.0,14.74,37.95,34.32,140.8,141.13,99.44,230.34,55.77,2.75,754.49
11.1892,0.0,0.0,0.0,0.0,0.0,0.0,0.0,0.0,14.74,31.35,27.17,137.61,145.97,102.52,245.74,57.2,0.0,762.3
11.1992,0.0,0.0,2.75,0.0,0.0,0.0,0.0,0.0,14.74,24.75,20.02,134.42,149.27,103.95,256.08,64.9,2.75,768.13
11.2092,0.0,3.19,2.75,0.0,0.0,0.0,0.0,0.0,14.74,18.15,11.44,129.69,152.46,107.03,275.0,71.06,5.94,779.57
11.2192,0.0,3.19,2.75,0.0,0.0,0.0,0.0,0.0,9.79,16.5,8.58,126.61,155.76,108.46,288.64,75.57,5.94,789.91
11.2292,0.0,0.0,2.75,0.0,0.0,0.0,0.0,0.0,6.16,11.55,7.15,117.15,158.95,110.0,305.69,84.81,2.75,801.46
11.2392,0.0,0.0,4.07,0.0,0.0,0.0,0.0,0.0,4.84,8.25,4.29,104.94,162.25,108.46,326.15,92.51,4.07,811.69
11.2492,0.0,0.0,2.75,0.0,0.0,0.0,0.0,0.0,3.63,8.25,5.72,94.49,162.25,110.0,344.85,100.1,2.75,829.29
11.2592,0.0,0.0,0.0,0.0,0.0,0.0,0.0,0.0,2.42,6.6,5.72,84.04,165.44,111.54,360.25,107.8,0.0,843.81
11.2692,0.0,3.19,2.75,0.0,0.0,0.0,0.0,0.0,2.42,8.25,0.0,73.59,165.44,111.54,382.36,117.15,5.94,860.75
11.2792,0.0,0.0,4.07,0.0,0.0,0.0,0.0,0.0,0.0,4.95,4.29,69.08,165.44,111.54,399.85,129.91,4.07,885.06
11.2892,0.0,0.0,2.75,0.0,0.0,0.0,0.0,0.0,2.42,6.6,2.86,58.74,165.44,111.54,419.54,136.29,2.75,903.43
11.2992,0.0,0.0,0.0,0.0,0.0,0.0,0.0,0.0,0.0,3.3,2.86,47.74,162.25,111.54,433.84,141.13,0.0,902.66
11.3092,0.0,0.0,0.0,0.0,0.0,0.0,0.0,0.0,0.0,6.6,2.86,36.63,162.25,107.03,455.51,152.35,0.0,923.23
11.3192,3.41,0.0,2.75,0.0,0.0,0.0,0.0,0.0,0.0,4.95,2.86,27.06,154.11,103.95,470.03,157.08,6.16,920.04
11.3292,5.06,0.0,0.0,0.0,0.0,0.0,0.0,0.0,0.0,4.95,2.86,17.49,149.27,97.9,480.92,160.27,5.06,913.66
11.3392,8.58,0.0,0.0,0.0,2.75,0.0,0.0,0.0,0.0,3.3,2.86,12.65,139.59,93.39,489.94,161.92,11.33,903.65
11.3492,22.33,0.0,0.0,2.31,2.75,0.0,0.0,0.0,0.0,3.3,2.86,11.11,133.1,84.37,491.81,163.46,27.39,890.01
11.3592,55.11,0.0,0.0,3.52,2.75,0.0,0.0,0.0,0.0,0.0,2.86,9.46,118.47,79.86,484.55,160.27,61.38,855.47
11.3692,87.78,0.0,0.0,3.52,5.5,2.53,2.86,0.0,0.0,0.0,2.86,9.46,101.31,67.76,473.66,157.08,102.19,812.13
11.3792,129.36,8.03,4.07,5.83,5.5,3.85,2.86,0.0,0.0,3.3,0.0,9.46,85.8,58.74,446.38,149.16,159.5,752.84
11.3892,167.86,96.03,99.77,5.83,5.5,5.17,2.86,0.0,0.0,3.3,2.86,12.65,65.67,49.83,412.39,145.97,383.02,692.67
11.3992,159.06,171.27,167.97,8.25,6.93,5.17,2.86,4.07,0.0,3.3,2.86,15.84,57.97,43.89,338.03,145.97,525.58,607.86
11.4092,146.85,211.75,224.4,41.36,8.36,6.49,5.72,5.5,0.0,4.95,2.86,12.65,51.26,36.74,213.95,150.7,650.43,473.11
11.4192,143.33,220.55,252.89,60.83,23.65,15.73,11.55,13.75,0.0,0.0,2.86,12.65,43.01,29.59,116.27,145.97,742.28,350.35
11.4292,141.57,217.03,274.23,69.41,32.01,32.78,34.76,19.25,0.0,4.95,0.0,11.11,33.11,24.86,56.54,113.96,821.04,244.53
11.4392,141.57,217.03,286.99,72.27,37.62,44.55,56.43,22.0,0.0,0.0,0.0,9.46,28.05,20.13,38.61,77.11,878.46,173.36
11.4492,143.33,215.27,294.47,73.7,41.8,51.15,75.79,23.43,0.0,3.3,0.0,7.92,23.1,12.98,30.36,61.82,918.94,139.48
11.4592,146.85,217.03,300.08,72.27,43.12,56.43,87.67,26.18,0.0,0.0,0.0,6.27,13.2,10.67,20.68,45.43,949.63,96.25
11.4692,148.61,218.79,303.82,70.84,44.55,60.72,96.58,26.18,0.0,3.3,0.0,4.73,9.9,8.25,16.5,30.8,970.09,73.48
11.4792,152.13,218.79,305.69,70.84,45.98,60.72,102.63,24.75,0.0,3.3,0.0,0.0,8.25,4.73,12.32,10.23,981.53,38.83
11.4892,153.89,222.2,305.69,69.41,48.73,63.58,104.06,27.5,0.0,3.3,0.0,0.0,6.6,3.52,8.25,7.26,995.06,28.93
11.4992,153.89,223.96,301.95,70.84,48.73,63.58,107.03,26.18,0.0,0.0,0.0,4.73,4.95,3.52,9.57,5.83,996.16,28.6
11.5092,153.89,222.2,300.08,69.41,48.73,64.9,107.03,26.18,0.0,0.0,0.0,4.73,4.95,3.52,9.57,5.83,992.42,28.6
11.5192,150.37,218.79,294.47,69.41,48.73,62.15,108.57,27.5,0.0,3.3,0.0,3.08,0.0,3.52,6.82,5.83,979.99,22.55
11.5292,145.09,215.27,285.12,67.98,48.73,64.9,107.03,26.18,0.0,3.3,0.0,3.08,3.3,2.31,8.25,4.4,960.3,24.64
11.5392,136.4,208.23,275.99,69.41,48.73,63.58,108.57,27.5,0.0,0.0,0.0,3.08,0.0,2.31,5.5,4.4,938.41,15.29
11.5492,125.84,199.43,263.56,72.27,47.3,64.9,110.0,26.18,0.0,0.0,0.0,3.08,3.3,2.31,4.07,4.4,909.48,17.16
11.5592,115.39,190.63,249.26,73.7,48.73,69.19,113.08,28.93,0.0,0.0,0.0,3.08,3.3,0.0,6.82,4.4,888.91,17.6
11.5692,105.05,181.83,231.44,76.56,50.16,70.62,116.27,28.93,0.0,0.0,0.0,3.08,3.3,2.31,4.07,2.86,860.86,15.62
11.5792,94.71,169.51,220.77,79.42,51.48,73.48,119.46,28.93,0.0,0.0,0.0,0.0,3.3,2.31,4.07,2.86,837.76,12.54
11.5892,84.37,161.04,208.01,82.28,52.91,76.23,124.3,30.36,0.0,0.0,0.0,0.0,3.3,3.52,2.75,2.86,819.5,12.43
11.5992,75.68,149.27,193.38,85.14,54.34,79.09,127.49,31.68,0.0,3.3,0.0,0.0,0.0,0.0,4.07,2.86,796.07,10.23
11.6092,67.1,140.91,178.75,88.0,55.77,81.95,135.52,31.68,0.0,0.0,0.0,0.0,0.0,0.0,2.75,2.86,779.68,5.61
11.6192,60.17,129.14,166.32,90.86,58.63,84.7,142.01,34.43,0.0,0.0,0.0,0.0,0.0,0.0,4.07,2.86,766.26,6.93
11.6292,55.11,122.43,156.42,95.15,60.17,88.99,146.85,38.61,0.0,0.0,0.0,0.0,0.0,2.31,0.0,0.0,763.73,2.31
11.6392,51.59,112.42,146.63,98.01,61.6,91.85,154.88,39.93,0.0,0.0,0.0,3.08,0.0,0.0,4.07,2.86,756.91,10.01
11.6492,48.18,104.17,135.08,99.44,67.54,94.6,161.26,44.11,0.0,0.0,0.0,3.08,0.0,0.0,4.07,2.86,754.38,10.01
11.6592,43.01,96.03,128.59,103.73,70.4,98.89,170.94,46.86,0.0,0.0,0.0,0.0,0.0,0.0,2.75,0.0,758.45,2.75
11.6692,43.01,87.78,120.34,105.16,74.8,101.75,179.52,51.04,0.0,0.0,0.0,0.0,0.0,0.0,2.75,0.0,763.4,2.75
11.6792,39.6,79.64,112.2,109.45,76.34,103.07,191.84,56.54,0.0,0.0,0.0,0.0,0.0,0.0,2.75,0.0,768.68,2.75
11.6892,37.84,71.39,104.5,113.96,80.74,107.36,200.53,62.37,0.0,0.0,0.0,0.0,0.0,0.0,2.75,2.86,778.69,5.61
11.6992,36.08,64.9,93.61,115.5,85.14,111.65,212.85,69.85,0.0,0.0,0.0,0.0,0.0,0.0,4.07,2.86,789.58,6.93
11.7092,34.43,55.11,87.34,118.58,89.54,116.16,225.06,75.79,0.0,0.0,0.0,0.0,0.0,0.0,0.0,2.86,802.01,2.86
11.7192,30.91,45.32,76.45,120.12,93.94,119.24,238.7,83.27,0.0,0.0,0.0,0.0,0.0,0.0,0.0,4.4,807.95,4.4
11.7292,29.26,37.18,64.02,120.12,96.91,120.78,255.64,93.72,0.0,0.0,0.0,3.08,0.0,0.0,0.0,2.86,817.63,5.94
11.7392,27.5,30.69,52.47,121.66,102.85,125.4,269.28,102.63,0.0,0.0,0.0,0.0,0.0,0.0,2.75,2.86,832.48,5.61
11.7492,25.74,22.66,41.36,120.12,105.71,126.94,286.11,113.19,0.0,0.0,0.0,0.0,0.0,0.0,0.0,0.0,841.83,0.0
11.7592,24.09,17.82,28.93,118.58,111.87,130.02,301.07,123.97,0.0,0.0,0.0,0.0,0.0,0.0,0.0,0.0,856.35,0.0
11.7692,22.33,14.52,19.25,115.5,117.04,132.99,317.68,136.29,0.0,0.0,0.0,0.0,0.0,0.0,0.0,2.86,875.6,2.86
11.7792,18.92,9.68,15.18,109.45,118.69,134.53,334.4,145.64,0.0,0.0,0.0,0.0,0.0,0.0,0.0,2.86,886.49,2.86
11.7892,15.4,9.68,11.0,106.59,120.45,137.61,348.92,156.42,0.0,0.0,0.0,3.08,0.0,0.0,0.0,2.86,906.07,5.94
11.7992,11.99,8.03,11.0,99.44,120.45,139.15,365.2,168.74,0.0,0.0,0.0,0.0,0.0,0.0,0.0,2.86,924.0,2.86
11.8092,5.06,8.03,8.25,92.29,118.69,142.23,381.59,178.97,0.0,0.0,0.0,0.0,0.0,0.0,0.0,0.0,935.11,0.0
11.8192,0.0,6.38,8.25,79.42,117.04,143.77,397.87,192.83,0.0,0.0,0.0,0.0,0.0,0.0,0.0,0.0,945.56,0.0
11.8292,0.0,6.38,6.82,69.41,111.87,143.77,414.15,206.69,0.0,0.0,0.0,0.0,0.0,0.0,0.0,0.0,959.09,0.0
11.8392,0.0,4.84,6.82,57.97,105.71,143.77,426.8,217.14,0.0,0.0,0.0,0.0,0.0,0.0,0.0,0.0,963.05,0.0
11.8492,0.0,4.84,5.5,48.4,96.91,145.31,441.32,229.13,0.0,0.0,0.0,0.0,0.0,0.0,0.0,0.0,971.41,0.0
11.8592,0.0,4.84,5.5,41.36,88.11,143.77,450.34,236.06,3.63,0.0,0.0,0.0,0.0,0.0,0.0,0.0,969.98,3.63
11.8692,0.0,4.84,5.5,30.69,77.77,139.15,457.6,239.47,6.16,0.0,0.0,0.0,0.0,0.0,0.0,0.0,955.02,6.16
11.8792,0.0,4.84,5.5,22.44,68.97,136.07,466.62,242.88,8.58,0.0,0.0,3.08,0.0,0.0,0.0,0.0,947.32,11.66
11.8892,0.0,4.84,5.5,12.98,55.77,128.48,472.01,242.88,22.11,3.3,0.0,0.0,3.3,2.31,0.0,2.86,922.46,33.88
11.8992,0.0,4.84,5.5,8.25,41.8,116.16,470.25,241.23,40.7,0.0,0.0,0.0,4.95,2.31,0.0,0.0,888.03,47.96
11.9092,0.0,4.84,5.5,7.04,30.58,100.32,459.36,232.65,56.65,0.0,0.0,6.27,6.6,4.73,0.0,0.0,840.29,74.25
11.9192,0.0,4.84,5.5,4.73,27.83,86.13,432.3,224.07,82.06,4.95,0.0,4.73,6.6,4.73,4.07,2.86,785.4,110.0
11.9292,0.0,4.84,5.5,4.73,29.26,64.9,386.98,210.21,138.49,34.65,4.29,9.46,8.25,5.83,0.0,2.86,706.42,203.83
11.9392,0.0,4.84,5.5,4.73,30.58,47.19,302.72,198.0,162.47,166.1,69.52,9.46,8.25,7.04,2.75,2.86,593.56,428.45
11.9492,0.0,4.84,5.5,2.31,26.4,35.42,190.08,198.0,142.67,248.05,152.79,11.11,9.9,7.04,4.07,0.0,462.55,575.63
11.9592,0.0,4.84,4.07,0.0,23.65,27.5,102.63,184.14,124.3,298.21,217.03,34.98,13.2,8.25,8.25,5.83,346.83,710.05
11.9692,0.0,4.84,4.07,2.31,19.47,24.86,55.0,142.56,112.97,306.68,253.33,81.07,24.75,14.19,11.0,8.8,253.11,812.79
11.9792,0.0,4.84,4.07,0.0,13.86,19.58,41.91,96.69,104.83,301.62,271.48,99.0,39.71,16.61,12.32,11.66,180.95,857.23
11.9892,0.0,4.84,2.75,0.0,11.11,14.41,30.36,74.36,98.12,296.56,276.43,109.34,54.56,15.4,15.18,14.63,137.83,880.22
11.9992,0.0,4.84,2.75,0.0,8.36,13.09,21.67,44.11,94.05,291.5,281.38,117.15,67.21,14.19,17.93,17.6,94.82,901.01
12.0092,0.0,3.19,4.07,0.0,5.5,7.81,15.84,22.0,91.41,289.85,283.03,121.88,71.83,17.71,28.93,20.46,58.41,925.1
12.0192,0.0,3.19,4.07,0.0,4.18,5.17,8.69,6.82,92.73,291.5,286.44,120.23,76.45,21.34,34.43,20.46,32.12,943.58
12.0292,0.0,3.19,0.0,0.0,2.75,3.85,8.69,2.75,92.73,288.2,288.2,123.42,78.1,23.65,42.68,23.43,21.23,960.41
12.0392,0.0,3.19,0.0,0.0,2.75,2.53,8.69,4.07,95.48,291.5,291.61,120.23,79.64,26.07,45.54,22.0,21.23,972.07
12.0492,0.0,3.19,0.0,0.0,0.0,3.85,7.15,2.75,95.48,289.85,291.61,120.23,81.18,26.07,51.04,24.86,16.94,980.32
12.0592,0.0,3.19,0.0,0.0,0.0,2.53,4.29,0.0,92.73,286.44,286.44,121.88,81.18,28.38,59.4,24.86,10.01,981.31
12.0692,0.0,3.19,4.07,0.0,2.75,2.53,5.72,0.0,88.77,279.73,279.73,121.88,84.26,29.59,65.34,26.4,18.26,975.7
12.0792,0.0,3.19,2.75,0.0,0.0,2.53,5.72,0.0,83.38,267.52,274.78,123.42,82.72,32.01,69.85,27.83,14.19,961.51
12.0892,0.0,3.19,2.75,0.0,0.0,2.53,4.29,0.0,77.99,258.72,264.88,121.88,85.8,30.8,72.82,26.4,12.76,939.29
12.0992,0.0,3.19,0.0,0.0,0.0,2.53,2.86,0.0,69.96,246.29,254.98,121.88,87.34,35.53,77.33,27.83,8.58,921.14
12.1092,0.0,3.19,4.07,0.0,0.0,2.53,4.29,0.0,64.57,233.97,241.78,121.88,87.34,36.74,84.81,27.83,14.08,898.92
12.1192,0.0,3.19,2.75,0.0,0.0,2.53,0.0,0.0,57.97,220.0,228.58,121.88,90.42,39.05,87.78,26.4,8.47,872.08
12.1292,0.0,0.0,0.0,0.0,0.0,0.0,2.86,0.0,51.7,208.23,213.73,123.42,91.96,40.26,96.69,29.26,2.86,855.25
12.1392,0.0,3.19,2.75,0.0,0.0,2.53,2.86,0.0,46.86,198.11,199.1,121.88,95.04,43.89,102.74,29.26,11.33,836.88
12.1491,0.0,3.19,2.75,0.0,0.0,0.0,2.86,0.0,41.91,184.58,182.82,126.61,96.69,47.41,108.68,30.8,8.8,819.5
12.1591,0.0,3.19,2.75,0.0,0.0,0.0,2.86,0.0,36.96,167.75,169.73,126.61,102.85,49.83,120.89,33.66,8.8,808.28
12.1691,0.0,0.0,0.0,0.0,0.0,0.0,0.0,0.0,34.43,156.2,157.41,129.69,104.39,53.35,130.02,33.66,0.0,799.15
12.1791,0.0,0.0,2.75,0.0,0.0,0.0,0.0,0.0,32.01,144.65,146.74,129.69,105.93,57.2,137.72,35.2,2.75,789.14
12.1891,0.0,0.0,2.75,0.0,0.0,0.0,0.0,0.0,29.59,133.21,135.96,129.69,110.55,60.28,146.96,33.66,2.75,779.9
12.1991,0.0,0.0,2.75,0.0,0.0,0.0,0.0,0.0,28.27,123.31,126.83,131.34,116.82,61.71,156.09,38.06,2.75,782.43
12.2091,0.0,0.0,2.75,0.0,0.0,0.0,0.0,0.0,25.85,111.76,116.05,129.69,121.66,67.76,162.25,38.06,2.75,773.08
12.2191,0.0,0.0,2.75,0.0,0.0,0.0,0.0,0.0,24.64,99.44,105.27,132.88,123.31,70.84,175.01,39.6,2.75,770.99
12.2291,0.0,0.0,2.75,0.0,0.0,0.0,0.0,0.0,23.43,90.2,94.38,132.88,129.8,73.81,187.99,41.03,2.75,773.52
12.2391,0.0,0.0,2.75,0.0,0.0,0.0,0.0,0.0,20.9,76.34,85.03,132.88,133.1,79.86,199.32,42.46,2.75,769.89
12.2491,0.0,0.0,0.0,0.0,0.0,0.0,0.0,0.0,19.69,64.02,74.25,131.34,139.59,82.83,213.95,44.0,0.0,769.67
12.2591,0.0,0.0,0.0,0.0,0.0,0.0,0.0,0.0,18.48,52.8,61.82,128.15,144.43,88.88,226.93,45.43,0.0,766.92
12.2691,0.0,3.19,0.0,0.0,0.0,0.0,0.0,0.0,17.16,39.6,51.48,124.96,149.27,88.88,244.09,48.4,3.19,763.84
12.2791,0.0,3.19,0.0,0.0,0.0,0.0,0.0,0.0,15.95,31.35,40.04,123.42,155.76,94.93,254.43,54.23,3.19,770.11
12.2891,0.0,0.0,0.0,0.0,0.0,0.0,0.0,0.0,14.74,23.1,27.17,121.88,160.6,96.47,273.35,58.74,0.0,776.05
12.2991,0.0,0.0,2.75,0.0,0.0,0.0,0.0,0.0,15.95,19.8,17.16,113.96,165.44,97.9,286.99,66.44,2.75,783.64
12.3091,0.0,3.19,2.75,0.0,0.0,0.0,0.0,0.0,12.32,14.85,11.44,112.42,165.44,97.9,302.28,72.6,5.94,789.25
12.3191,0.0,0.0,2.75,0.0,0.0,0.0,0.0,0.0,8.58,14.85,7.15,106.37,172.15,100.98,317.57,78.65,2.75,806.3
12.3291,0.0,0.0,0.0,0.0,0.0,0.0,0.0,0.0,7.37,11.55,8.58,95.92,172.15,103.95,334.62,89.43,0.0,823.57
12.3391,0.0,0.0,2.75,0.0,0.0,0.0,0.0,0.0,4.84,9.9,7.15,89.98,173.91,105.49,353.43,98.56,2.75,843.26
12.3491,0.0,0.0,2.75,0.0,0.0,0.0,0.0,0.0,3.63,6.6,7.15,81.07,173.91,107.03,373.89,109.34,2.75,862.62
12.3591,0.0,0.0,2.75,0.0,0.0,0.0,0.0,0.0,2.42,6.6,5.72,75.13,173.91,108.46,390.94,120.34,2.75,883.52
12.3691,0.0,0.0,2.75,0.0,0.0,0.0,0.0,0.0,2.42,8.25,4.29,66.11,177.54,107.03,408.76,128.37,2.75,902.77
12.3791,0.0,0.0,2.75,0.0,0.0,0.0,0.0,0.0,2.42,6.6,4.29,55.77,173.91,108.46,423.06,134.75,2.75,909.26
12.3891,0.0,0.0,2.75,0.0,0.0,0.0,0.0,0.0,0.0,4.95,4.29,49.39,168.74,108.46,444.62,142.78,2.75,923.23
12.3991,0.0,0.0,2.75,0.0,0.0,0.0,0.0,0.0,2.42,6.6,0.0,38.17,167.09,107.03,462.77,150.7,2.75,934.78
12.4091,3.41,0.0,0.0,0.0,0.0,0.0,0.0,0.0,0.0,4.95,4.29,27.06,157.41,100.98,482.68,157.08,3.41,934.45
12.4191,5.06,0.0,0.0,0.0,0.0,0.0,0.0,0.0,0.0,4.95,4.29,17.49,150.92,97.9,497.2,163.46,5.06,936.21
12.4291,8.58,0.0,0.0,0.0,0.0,0.0,0.0,0.0,2.42,4.95,4.29,11.11,145.97,88.88,506.22,166.76,8.58,930.6
12.4391,22.33,0.0,0.0,0.0,0.0,0.0,0.0,0.0,2.42,4.95,4.29,7.92,131.45,82.83,509.74,166.76,22.33,910.36
12.4491,53.35,0.0,0.0,3.52,2.75,2.53,0.0,0.0,0.0,3.3,4.29,7.92,116.82,73.81,499.07,165.11,62.15,870.32
12.4591,82.61,0.0,0.0,2.31,2.75,3.85,0.0,0.0,0.0,3.3,2.86,9.46,99.77,61.71,479.05,157.08,91.52,813.23
12.4691,110.22,0.0,0.0,4.73,5.5,2.53,2.86,0.0,0.0,3.3,4.29,12.65,79.64,52.14,450.01,153.89,125.84,755.92
12.4791,159.06,48.62,67.1,7.04,5.5,5.17,2.86,0.0,0.0,0.0,0.0,14.3,64.13,46.2,407.0,149.16,295.35,680.79
12.4891,159.06,130.79,138.38,7.04,5.5,6.49,2.86,2.75,0.0,0.0,4.29,14.3,56.21,40.26,304.04,150.7,452.87,569.8
12.4991,150.37,181.83,200.64,8.25,5.5,6.49,4.29,2.75,0.0,3.3,2.86,14.3,46.31,33.22,178.2,153.89,560.12,432.08
12.5091,143.33,209.99,247.5,43.67,6.93,7.81,5.72,6.82,2.42,3.3,2.86,12.65,39.71,29.59,95.26,139.48,671.77,325.27
12.5191,139.92,217.03,277.75,57.97,26.4,14.41,14.41,15.18,0.0,3.3,0.0,11.11,33.11,23.65,49.61,107.8,763.07,228.58
12.5291,139.92,211.75,298.21,63.69,30.58,28.82,37.62,19.25,0.0,0.0,0.0,7.92,26.4,17.71,38.61,74.14,829.84,164.78
12.5391,139.92,209.99,313.17,65.12,36.19,37.95,59.4,20.68,0.0,3.3,0.0,6.27,19.8,12.98,28.93,58.74,882.42,130.02
12.5491,141.57,208.23,320.65,63.69,41.8,45.87,80.19,22.0,0.0,3.3,2.86,4.73,11.55,10.67,22.0,44.0,924.0,99.11
12.5591,145.09,206.47,328.13,63.69,43.12,49.83,92.18,26.18,0.0,0.0,0.0,4.73,9.9,8.25,16.5,24.86,954.69,64.24
12.5691,146.85,206.47,333.63,60.83,45.98,52.47,102.63,27.5,0.0,3.3,0.0,4.73,4.95,4.73,12.32,8.8,976.36,38.83
12.5791,150.37,206.47,335.5,57.97,47.3,53.79,108.57,28.93,0.0,0.0,0.0,4.73,6.6,4.73,9.57,5.83,988.9,31.46
12.5891,150.37,201.19,331.87,57.97,48.73,53.79,113.08,30.36,0.0,0.0,0.0,4.73,3.3,4.73,9.57,7.26,987.36,29.59
12.5991,150.37,201.19,331.87,55.55,45.98,53.79,113.08,31.68,0.0,0.0,0.0,3.08,4.95,3.52,9.57,5.83,983.51,26.95
12.6091,146.85,197.67,322.52,54.34,47.3,55.11,113.08,31.68,0.0,3.3,0.0,3.08,3.3,2.31,8.25,5.83,968.55,26.07
12.6191,143.33,194.15,313.17,54.34,45.98,55.11,110.0,28.93,0.0,0.0,0.0,3.08,3.3,3.52,6.82,0.0,945.01,16.72
12.6291,134.64,187.11,301.95,53.13,47.3,53.79,111.54,28.93,0.0,3.3,0.0,0.0,3.3,3.52,5.5,2.86,918.39,18.48
12.6391,125.84,180.07,285.12,55.55,47.3,55.11,111.54,28.93,0.0,0.0,0.0,3.08,0.0,2.31,6.82,0.0,889.46,12.21
12.6491,113.63,173.03,272.47,56.76,45.98,55.11,110.0,27.5,0.0,0.0,0.0,3.08,3.3,2.31,6.82,2.86,854.48,18.37
12.6591,103.29,166.1,254.65,59.4,47.3,55.11,110.0,28.93,0.0,0.0,0.0,3.08,3.3,2.31,4.07,4.4,824.78,17.16
12.6691,94.71,157.63,240.35,60.83,45.98,59.29,110.0,28.93,0.0,0.0,0.0,3.08,0.0,0.0,6.82,4.4,797.72,14.3
12.6791,84.37,150.92,226.16,63.69,47.3,59.29,113.08,27.5,0.0,3.3,0.0,3.08,0.0,2.31,4.07,2.86,772.31,15.62
12.6891,75.68,144.21,209.77,66.55,47.3,63.58,116.27,30.36,0.0,0.0,0.0,0.0,3.3,0.0,5.5,2.86,753.72,11.66
12.6991,70.51,137.5,197.01,69.41,50.16,64.9,121.11,33.11,0.0,0.0,0.0,0.0,0.0,0.0,5.5,4.4,743.71,9.9
12.7091,65.34,129.14,189.64,72.27,52.91,67.76,125.84,34.43,0.0,0.0,0.0,0.0,0.0,0.0,2.75,2.86,737.33,5.61
12.7191,60.17,122.43,178.75,76.56,54.34,70.62,133.98,37.18,0.0,0.0,0.0,3.08,0.0,0.0,4.07,2.86,734.03,10.01
12.7291,56.76,115.72,171.38,76.56,57.2,74.8,142.01,42.68,0.0,0.0,0.0,3.08,0.0,0.0,4.07,2.86,737.11,10.01
12.7391,53.35,107.47,166.32,79.42,63.03,76.23,153.23,46.86,0.0,0.0,0.0,0.0,0.0,2.31,0.0,0.0,745.91,2.31
12.7491,49.94,100.87,156.42,82.28,67.54,81.95,166.1,52.36,0.0,0.0,0.0,0.0,0.0,0.0,2.75,2.86,757.46,5.61
12.7591,48.18,92.73,149.93,85.14,71.94,84.7,181.28,57.97,0.0,0.0,0.0,0.0,0.0,0.0,2.75,2.86,771.87,5.61
12.7691,44.77,84.48,140.03,88.0,77.77,90.42,195.36,66.88,0.0,0.0,0.0,0.0,0.0,0.0,0.0,4.4,787.71,4.4
12.7791,41.25,74.69,130.24,92.29,85.14,94.6,212.85,72.82,0.0,0.0,0.0,0.0,0.0,0.0,2.75,2.86,803.88,5.61
12.7891,39.6,66.55,117.04,95.15,91.08,98.89,228.47,78.76,0.0,0.0,0.0,0.0,0.0,0.0,0.0,2.86,815.54,2.86
12.7991,36.08,56.65,102.85,99.44,96.91,103.07,243.76,90.75,0.0,0.0,0.0,0.0,0.0,0.0,2.75,2.86,829.51,5.61
12.8091,34.43,45.32,87.34,102.3,99.88,107.36,259.05,98.12,0.0,0.0,0.0,0.0,0.0,0.0,2.75,2.86,833.8,5.61
12.8191,30.91,35.64,71.83,102.3,107.25,111.65,274.45,110.11,0.0,0.0,0.0,0.0,0.0,0.0,0.0,2.86,844.14,2.86
12.8291,29.26,27.5,55.22,103.73,110.22,114.62,294.47,117.81,0.0,0.0,0.0,0.0,0.0,0.0,2.75,0.0,852.83,2.75
12.8391,25.74,19.36,37.29,100.87,117.04,117.7,309.43,130.13,0.0,0.0,0.0,3.08,0.0,0.0,0.0,2.86,857.56,5.94
12.8491,24.09,14.52,23.43,99.44,120.45,120.78,327.69,142.56,0.0,0.0,0.0,0.0,0.0,0.0,0.0,0.0,872.96,0.0
12.8591,20.57,11.33,17.93,93.72,123.86,122.32,345.29,151.8,0.0,0.0,0.0,0.0,0.0,2.31,0.0,0.0,886.82,2.31
12.8691,15.4,9.68,12.43,88.0,125.51,125.4,361.57,161.04,0.0,0.0,0.0,0.0,0.0,0.0,0.0,2.86,899.03,2.86
12.8791,10.23,9.68,11.0,80.85,127.27,125.4,379.72,170.39,0.0,0.0,0.0,0.0,0.0,0.0,0.0,0.0,914.54,0.0
12.8891,5.06,8.03,11.0,69.41,125.51,126.94,396.0,185.9,0.0,0.0,0.0,0.0,0.0,0.0,0.0,2.86,927.85,2.86
12.8991,0.0,6.38,8.25,60.83,123.86,126.94,412.39,198.0,0.0,0.0,0.0,0.0,0.0,0.0,0.0,4.4,936.65,4.4
12.9091,0.0,4.84,6.82,52.03,118.69,128.48,430.43,210.21,0.0,0.0,0.0,0.0,0.0,0.0,0.0,2.86,951.5,2.86
12.9191,0.0,6.38,6.82,42.57,110.22,128.48,448.58,220.55,0.0,0.0,0.0,0.0,0.0,0.0,0.0,2.86,963.6,2.86
12.9291,0.0,4.84,6.82,34.21,101.31,125.4,461.23,230.89,0.0,0.0,0.0,0.0,0.0,2.31,0.0,0.0,964.7,2.31
12.9391,0.0,4.84,6.82,24.75,92.51,123.86,477.4,239.47,0.0,0.0,0.0,0.0,0.0,0.0,0.0,0.0,969.65,0.0
12.9491,0.0,4.84,4.07,17.71,82.17,117.7,490.05,242.88,3.63,0.0,0.0,0.0,0.0,0.0,0.0,0.0,959.42,3.63
12.9591,0.0,4.84,5.5,10.56,68.97,111.65,495.55,246.29,6.16,0.0,0.0,0.0,0.0,0.0,0.0,0.0,943.36,6.16
12.9691,0.0,4.84,5.5,7.04,55.77,101.75,501.05,249.81,8.58,0.0,0.0,3.08,0.0,0.0,0.0,0.0,925.76,11.66
12.9791,0.0,3.19,5.5,5.83,41.8,90.42,502.92,246.29,25.85,3.3,0.0,0.0,0.0,2.31,2.75,0.0,895.95,34.21
12.9891,0.0,4.84,5.5,4.73,32.01,74.8,490.05,239.47,41.91,0.0,0.0,4.73,3.3,2.31,0.0,2.86,851.4,55.11
12.9991,0.0,4.84,4.07,3.52,27.83,60.72,461.23,225.72,63.25,3.3,0.0,4.73,6.6,4.73,0.0,0.0,787.93,82.61
13.0091,0.0,4.84,5.5,4.73,30.58,45.87,406.89,211.86,96.8,9.9,2.86,4.73,4.95,5.83,0.0,2.86,710.27,127.93
13.0191,0.0,4.84,6.82,2.31,30.58,35.42,314.38,201.52,159.61,144.65,45.76,7.92,6.6,7.04,4.07,0.0,595.87,375.65
13.0291,0.0,4.84,5.5,3.52,27.83,27.5,186.56,189.42,145.53,253.44,151.25,7.92,8.25,7.04,2.75,2.86,445.17,579.04
13.0391,0.0,4.84,5.5,2.31,23.65,26.18,98.12,170.39,125.73,316.8,228.58,38.17,13.2,8.25,8.25,5.83,330.99,744.81
13.0491,0.0,4.84,4.07,0.0,20.9,22.22,53.57,127.05,118.69,330.22,281.38,82.5,29.81,16.61,11.0,11.66,232.65,881.87
13.0591,0.0,4.84,2.75,0.0,15.29,19.58,40.48,84.7,112.97,320.1,301.95,97.46,47.96,16.61,12.32,13.2,167.64,922.57
13.0691,0.0,3.19,4.07,0.0,11.11,13.09,28.93,53.79,107.47,309.98,307.12,101.97,61.05,16.61,15.18,16.06,114.18,935.44
13.0791,0.0,3.19,4.07,0.0,6.93,10.45,18.81,26.18,100.76,303.27,298.54,106.37,68.75,20.13,23.43,20.46,69.63,941.71
13.0891,0.0,3.19,2.75,0.0,5.5,5.17,14.41,13.75,95.48,299.97,293.37,113.96,73.37,22.44,34.43,22.0,44.77,955.02
13.0991,0.0,3.19,2.75,0.0,4.18,3.85,11.55,4.07,91.41,299.97,286.44,118.69,73.37,27.28,42.68,23.43,29.59,963.27
13.1091,0.0,0.0,0.0,0.0,2.75,2.53,10.12,0.0,88.77,298.21,274.78,121.88,78.1,32.01,45.54,24.86,15.4,964.15
13.1191,0.0,0.0,2.75,0.0,0.0,2.53,8.69,2.75,84.7,298.21,266.53,126.61,79.64,33.22,52.36,24.86,16.72,966.13
13.1291,0.0,0.0,2.75,0.0,0.0,2.53,7.15,0.0,80.74,294.91,256.63,129.69,82.72,36.74,55.11,27.83,12.43,964.37
13.1391,0.0,3.19,2.75,0.0,2.75,2.53,5.72,0.0,74.03,288.2,246.73,134.42,84.26,39.05,60.94,26.4,16.94,954.03
13.1491,0.0,3.19,0.0,0.0,0.0,2.53,5.72,0.0,67.32,278.08,233.53,139.15,85.8,41.47,68.31,27.83,11.44,941.49
13.1591,0.0,3.19,0.0,0.0,0.0,0.0,5.72,0.0,60.61,271.04,218.68,142.34,87.34,43.89,75.79,29.26,8.91,928.95
13.1691,0.0,0.0,0.0,0.0,0.0,2.53,2.86,0.0,54.23,256.96,208.89,147.07,90.42,46.2,78.76,29.26,5.39,911.79
13.1791,0.0,3.19,2.75,0.0,0.0,0.0,4.29,0.0,46.86,244.53,192.61,148.72,88.88,49.83,83.27,32.23,10.23,886.93
13.1891,0.0,0.0,2.75,0.0,0.0,2.53,0.0,0.0,41.91,228.69,176.33,153.45,91.96,50.93,87.78,30.8,5.28,861.85
13.1991,0.0,3.19,0.0,0.0,0.0,2.53,4.29,0.0,38.17,214.94,157.41,154.99,93.5,53.35,90.75,32.23,10.01,835.34
13.2091,0.0,3.19,2.75,0.0,0.0,2.53,2.86,0.0,34.43,201.41,140.58,158.18,96.69,54.56,95.26,33.66,11.33,814.77
13.2191,0.0,3.19,2.75,0.0,0.0,0.0,2.86,0.0,32.01,184.58,129.91,162.91,98.23,58.74,93.72,32.23,8.8,792.33
13.2291,0.0,3.19,0.0,0.0,0.0,0.0,2.86,0.0,29.59,172.81,116.05,167.75,98.23,60.28,101.2,33.66,6.05,779.57
13.2391,0.0,3.19,0.0,0.0,0.0,0.0,0.0,0.0,28.27,162.8,103.73,171.27,101.31,60.28,102.74,33.66,3.19,764.06
13.2491,0.0,0.0,2.75,0.0,0.0,0.0,0.0,0.0,25.85,149.6,91.3,174.68,102.85,67.76,104.17,33.66,2.75,749.87
13.2591,0.0,3.19,2.75,0.0,0.0,0.0,0.0,0.0,23.43,136.51,80.41,179.85,101.31,69.3,110.22,36.63,5.94,737.66
13.2691,0.0,3.19,0.0,0.0,0.0,0.0,0.0,0.0,22.11,123.31,67.98,185.02,105.93,72.27,116.27,36.63,3.19,729.52
13.2791,0.0,3.19,0.0,0.0,0.0,0.0,0.0,0.0,20.9,110.22,61.82,186.78,107.47,75.35,122.43,38.06,3.19,723.03
13.2891,0.0,3.19,0.0,0.0,0.0,0.0,0.0,0.0,18.48,97.9,51.48,190.19,112.09,79.86,128.59,36.63,3.19,715.22
13.2991,0.0,3.19,0.0,0.0,0.0,0.0,0.0,0.0,17.16,87.12,45.76,191.95,112.09,82.83,136.18,38.06,3.19,711.15
13.3091,0.0,3.19,2.75,0.0,0.0,0.0,0.0,0.0,15.95,74.8,37.18,193.71,118.47,85.91,143.88,36.63,5.94,706.53
13.3191,0.0,0.0,2.75,0.0,0.0,0.0,0.0,0.0,15.95,65.56,28.6,190.19,123.31,88.88,153.01,39.6,2.75,705.1
13.3291,0.0,0.0,0.0,0.0,0.0,0.0,0.0,0.0,14.74,52.8,22.88,186.78,128.15,91.96,163.79,41.03,0.0,702.13
13.3391,0.0,0.0,2.75,0.0,0.0,0.0,0.0,0.0,15.95,42.9,15.73,181.61,131.45,94.93,176.66,41.03,2.75,700.26
13.3491,0.0,0.0,0.0,0.0,0.0,0.0,0.0,0.0,14.74,33.0,11.44,172.92,134.64,97.9,196.02,44.0,0.0,704.66
13.3591,0.0,3.19,2.75,0.0,0.0,0.0,0.0,0.0,14.74,23.1,10.01,166.1,137.94,99.44,210.65,45.43,5.94,707.41
13.3691,0.0,3.19,2.75,0.0,0.0,0.0,0.0,0.0,11.0,16.5,10.01,156.53,136.29,105.49,230.34,46.86,5.94,713.02
13.3791,0.0,0.0,2.75,0.0,0.0,0.0,0.0,0.0,8.58,14.85,8.58,147.07,137.94,108.46,247.5,52.8,2.75,725.78
13.3891,0.0,0.0,2.75,0.0,0.0,0.0,0.0,0.0,6.16,11.55,5.72,132.88,142.78,108.46,268.18,61.82,2.75,737.55
13.3991,0.0,3.19,0.0,0.0,0.0,0.0,0.0,0.0,4.84,9.9,4.29,118.69,144.43,113.08,286.99,71.06,3.19,753.28
13.4091,0.0,0.0,0.0,0.0,0.0,0.0,0.0,0.0,3.63,11.55,2.86,104.94,149.27,113.08,314.16,83.27,0.0,782.76
13.4191,0.0,3.19,2.75,0.0,0.0,0.0,0.0,0.0,2.42,6.6,4.29,92.95,152.46,113.08,339.79,97.02,5.94,808.61
13.4291,0.0,3.19,2.75,0.0,0.0,0.0,0.0,0.0,2.42,6.6,4.29,79.53,157.41,113.08,361.9,109.34,5.94,834.57
13.4391,0.0,0.0,2.75,0.0,0.0,0.0,0.0,0.0,0.0,4.95,2.86,72.16,158.95,113.08,387.53,120.34,2.75,859.87
13.4491,0.0,0.0,0.0,0.0,0.0,0.0,0.0,0.0,0.0,3.3,4.29,63.14,160.6,114.73,405.24,128.37,0.0,879.67
13.4591,0.0,0.0,0.0,0.0,0.0,0.0,0.0,0.0,0.0,6.6,4.29,52.58,160.6,111.54,430.21,142.78,0.0,908.6
13.4691,0.0,0.0,4.07,0.0,0.0,0.0,0.0,0.0,2.42,6.6,2.86,41.36,157.41,113.08,444.62,150.7,4.07,919.05
13.4791,0.0,0.0,2.75,0.0,0.0,0.0,0.0,0.0,0.0,4.95,0.0,33.44,154.11,108.46,462.77,157.08,2.75,920.81
13.4891,5.06,0.0,0.0,0.0,0.0,0.0,0.0,0.0,0.0,4.95,2.86,25.41,147.62,105.49,471.79,161.92,5.06,920.04
13.4991,6.82,0.0,0.0,0.0,0.0,0.0,0.0,0.0,0.0,0.0,0.0,17.49,141.13,102.52,479.05,165.11,6.82,905.3
13.5091,13.75,0.0,0.0,0.0,0.0,0.0,0.0,0.0,0.0,0.0,0.0,12.65,131.45,96.47,480.92,165.11,13.75,886.6
13.5191,39.6,0.0,0.0,2.31,0.0,2.53,0.0,0.0,0.0,4.95,2.86,9.46,116.82,87.34,471.79,161.92,44.44,855.14
13.5291,74.03,0.0,0.0,4.73,5.5,3.85,0.0,0.0,0.0,0.0,2.86,11.11,98.23,73.81,459.14,158.73,88.11,803.88
13.5391,108.46,0.0,0.0,5.83,5.5,3.85,2.86,0.0,0.0,4.95,2.86,11.11,79.64,63.25,430.21,149.16,126.5,741.18
13.5491,157.3,61.6,81.07,4.73,6.93,6.49,2.86,2.75,0.0,4.95,2.86,14.3,61.05,52.14,385.77,145.97,323.73,667.04
13.5591,159.06,155.98,164.67,8.25,6.93,6.49,4.29,4.07,0.0,3.3,2.86,14.3,54.56,43.89,293.81,149.16,509.74,561.88
13.5691,152.13,194.15,233.31,49.61,6.93,9.13,5.72,5.5,0.0,3.3,2.86,15.84,44.66,35.53,171.71,152.35,656.48,426.25
13.579,153.89,202.95,268.84,69.41,25.08,19.58,15.84,15.18,0.0,0.0,2.86,11.11,38.06,28.38,92.29,141.13,770.77,313.83
13.589,152.13,194.15,294.47,72.27,36.19,32.78,40.48,20.68,0.0,3.3,2.86,11.11,31.46,23.65,48.29,106.26,843.15,226.93
13.599,150.37,190.63,300.08,73.7,40.37,43.23,62.37,23.43,0.0,0.0,0.0,9.46,24.75,17.71,37.18,74.14,884.18,163.24
13.609,148.61,188.87,305.69,75.13,44.55,49.83,84.7,24.75,0.0,0.0,0.0,6.27,19.8,12.98,28.93,61.82,922.13,129.8
13.619,148.61,190.63,309.43,75.13,47.3,55.11,98.12,27.5,0.0,4.95,0.0,4.73,11.55,9.46,22.0,46.86,951.83,99.55
13.629,152.13,194.15,311.3,76.56,50.16,60.72,108.57,27.5,0.0,3.3,0.0,4.73,9.9,7.04,16.5,32.23,981.09,73.7
13.639,153.89,194.15,309.43,77.99,51.48,62.15,114.62,27.5,0.0,3.3,0.0,3.08,6.6,5.83,9.57,13.2,991.21,41.58
13.649,152.13,197.67,307.56,77.99,51.48,63.58,117.81,27.5,0.0,0.0,0.0,4.73,6.6,2.31,9.57,5.83,995.72,29.04
13.659,150.37,197.67,301.95,77.99,52.91,64.9,117.81,28.93,0.0,3.3,0.0,4.73,4.95,3.52,9.57,5.83,992.53,31.9
13.669,145.09,197.67,294.47,79.42,52.91,66.33,119.46,27.5,0.0,0.0,0.0,3.08,3.3,3.52,6.82,5.83,982.85,22.55
13.679,139.92,194.15,285.12,80.85,52.91,66.33,119.46,26.18,0.0,0.0,0.0,0.0,3.3,3.52,8.25,5.83,964.92,20.9
13.689,132.88,188.87,272.47,80.85,52.91,67.76,116.27,27.5,0.0,0.0,0.0,3.08,3.3,2.31,5.5,4.4,939.51,18.59
13.699,124.19,181.83,259.93,80.85,51.48,67.76,117.81,27.5,0.0,0.0,0.0,3.08,3.3,2.31,6.82,5.83,911.35,21.34
13.709,113.63,174.79,247.5,86.57,52.91,69.19,116.27,27.5,0.0,0.0,0.0,3.08,3.3,3.52,4.07,2.86,888.36,16.83
13.719,103.29,166.1,233.31,88.0,51.48,72.05,117.81,27.5,0.0,0.0,0.0,0.0,3.3,2.31,5.5,2.86,859.54,13.97
13.729,92.95,157.63,220.77,89.43,52.91,72.05,117.81,27.5,0.0,0.0,0.0,3.08,3.3,0.0,5.5,2.86,831.05,14.74
13.739,82.61,147.62,204.27,93.72,51.48,72.05,119.46,28.93,0.0,0.0,0.0,3.08,3.3,0.0,4.07,2.86,800.14,13.31
13.749,75.68,140.91,191.51,95.15,52.91,74.8,121.11,28.93,0.0,0.0,0.0,3.08,0.0,2.31,2.75,4.4,781.0,12.54
13.759,68.86,130.79,180.51,96.58,54.34,74.8,124.3,28.93,0.0,0.0,0.0,3.08,0.0,2.31,4.07,2.86,759.11,12.32
13.769,63.69,124.08,169.62,100.87,55.77,79.09,127.49,30.36,0.0,0.0,0.0,3.08,0.0,0.0,4.07,0.0,750.97,7.15
13.779,60.17,115.72,159.72,103.73,57.2,79.09,130.68,30.36,0.0,0.0,0.0,3.08,0.0,0.0,4.07,2.86,736.67,10.01
13.789,56.76,107.47,151.47,106.59,60.17,84.7,135.52,31.68,0.0,0.0,0.0,0.0,0.0,0.0,4.07,0.0,734.36,4.07
13.799,55.11,100.87,143.33,108.02,61.6,86.13,143.55,34.43,0.0,3.3,0.0,0.0,0.0,0.0,0.0,2.86,733.04,6.16
13.809,51.59,92.73,135.08,110.88,64.57,90.42,153.23,35.86,0.0,0.0,0.0,3.08,0.0,0.0,2.75,2.86,734.36,8.69
13.819,49.94,84.48,130.24,112.42,67.54,93.17,161.26,39.93,0.0,0.0,0.0,3.08,0.0,0.0,0.0,4.4,738.98,7.48
13.829,48.18,77.99,123.64,112.42,71.94,94.6,170.94,42.68,0.0,0.0,0.0,0.0,0.0,0.0,2.75,2.86,742.39,5.61
13.839,46.42,73.04,120.34,113.96,74.8,97.46,179.52,45.54,0.0,0.0,0.0,0.0,0.0,0.0,2.75,0.0,751.08,2.75
13.849,44.77,66.55,115.39,115.5,79.31,100.32,193.6,52.36,0.0,0.0,0.0,0.0,0.0,0.0,0.0,2.86,767.8,2.86
13.859,41.25,58.3,110.66,117.04,82.17,104.5,204.05,57.97,0.0,0.0,0.0,0.0,0.0,0.0,2.75,2.86,775.94,5.61
13.869,41.25,53.46,102.85,120.12,86.57,105.93,214.61,62.37,0.0,0.0,0.0,3.08,0.0,0.0,2.75,0.0,787.16,5.83
13.879,37.84,45.32,96.69,120.12,92.51,108.79,230.12,69.85,0.0,0.0,0.0,0.0,0.0,0.0,2.75,2.86,801.24,5.61
13.889,36.08,40.48,84.26,124.74,96.91,111.65,243.76,77.33,0.0,0.0,0.0,3.08,0.0,0.0,2.75,0.0,815.21,5.83
13.899,32.67,33.99,73.37,126.28,102.85,114.62,259.05,86.24,0.0,0.0,0.0,0.0,0.0,0.0,2.75,0.0,829.07,2.75
13.909,30.91,29.15,60.94,129.36,107.25,120.78,272.69,95.15,0.0,0.0,0.0,0.0,0.0,0.0,2.75,2.86,846.23,5.61
13.919,29.26,22.66,45.54,130.9,111.87,125.4,289.41,104.17,0.0,0.0,0.0,0.0,0.0,0.0,0.0,0.0,859.21,0.0
13.929,25.74,17.82,31.68,132.55,117.04,126.94,306.02,113.19,0.0,0.0,0.0,0.0,0.0,0.0,0.0,0.0,870.98,0.0
13.939,24.09,12.87,20.68,129.36,123.86,128.48,322.74,123.97,0.0,0.0,0.0,0.0,0.0,0.0,0.0,0.0,886.05,0.0
13.949,20.57,11.33,15.18,124.74,125.51,132.99,339.79,137.83,0.0,0.0,0.0,0.0,0.0,0.0,0.0,0.0,907.94,0.0
13.959,15.4,9.68,11.0,115.5,125.51,134.53,365.2,151.8,0.0,0.0,0.0,0.0,0.0,0.0,0.0,0.0,928.62,0.0
13.969,10.23,6.38,11.0,103.73,127.27,134.53,383.35,161.04,0.0,0.0,0.0,0.0,0.0,0.0,0.0,2.86,937.53,2.86
13.979,3.41,6.38,9.57,92.29,125.51,137.61,403.26,177.21,0.0,0.0,0.0,0.0,0.0,0.0,0.0,0.0,955.24,0.0
13.989,0.0,4.84,8.25,75.13,122.1,139.15,419.54,191.07,0.0,0.0,0.0,0.0,0.0,0.0,0.0,0.0,960.08,0.0
13.999,0.0,4.84,6.82,63.69,115.28,139.15,432.3,201.52,0.0,0.0,0.0,0.0,0.0,0.0,0.0,0.0,963.6,0.0
14.009,0.0,4.84,5.5,52.03,105.71,139.15,446.71,211.86,0.0,0.0,0.0,0.0,0.0,0.0,0.0,0.0,965.8,0.0
14.019,0.0,4.84,5.5,41.36,98.34,137.61,462.99,224.07,0.0,0.0,0.0,0.0,0.0,0.0,0.0,0.0,974.71,0.0
14.029,0.0,3.19,6.82,31.9,86.57,134.53,473.88,230.89,4.84,0.0,0.0,0.0,0.0,0.0,0.0,0.0,967.78,4.84
14.039,0.0,4.84,5.5,23.65,73.37,128.48,482.9,237.71,7.37,0.0,0.0,0.0,0.0,0.0,0.0,0.0,956.45,7.37
14.049,0.0,4.84,5.5,14.19,63.03,122.32,486.42,242.88,12.32,0.0,0.0,0.0,0.0,0.0,0.0,0.0,939.18,12.32
14.059,0.0,4.84,4.07,8.25,47.3,110.22,488.29,242.88,27.06,0.0,0.0,3.08,3.3,0.0,0.0,0.0,905.85,33.44
14.069,0.0,4.84,5.5,5.83,34.76,97.46,482.9,237.71,43.12,3.3,0.0,3.08,3.3,2.31,2.75,2.86,869.0,60.72
14.079,0.0,4.84,4.07,5.83,29.26,83.38,461.23,229.13,60.61,0.0,0.0,6.27,4.95,4.73,2.75,2.86,817.74,82.17
14.089,0.0,4.84,4.07,5.83,30.58,66.33,419.54,217.14,86.02,6.6,2.86,4.73,6.6,4.73,4.07,0.0,748.33,115.61
14.099,0.0,4.84,5.5,4.73,29.26,51.15,347.05,210.21,139.81,104.06,10.01,9.46,8.25,7.04,2.75,2.86,652.74,284.24
14.109,0.0,4.84,5.5,2.31,29.26,37.95,242.11,204.93,144.1,213.29,86.68,9.46,8.25,8.25,2.75,0.0,526.9,472.78
14.119,0.0,4.84,2.75,2.31,25.08,28.82,132.33,203.28,129.91,289.85,158.95,12.65,8.25,5.83,5.5,0.0,399.41,610.94
14.129,0.0,4.84,4.07,2.31,20.9,26.18,69.74,177.21,117.26,325.16,215.38,47.74,16.5,10.67,8.25,5.83,305.25,746.79
14.139,0.0,3.19,4.07,0.0,19.47,24.86,49.17,123.97,110.22,326.81,246.73,85.58,26.4,16.61,12.32,11.66,224.73,836.33
14.149,0.0,3.19,4.07,0.0,13.86,18.26,37.62,87.78,103.51,323.51,263.23,99.0,38.06,16.61,15.18,13.2,164.78,872.3
14.159,0.0,3.19,4.07,0.0,11.11,14.41,27.5,62.37,99.44,316.8,268.18,106.37,56.21,17.71,16.5,16.06,122.65,897.27
14.169,0.0,0.0,2.75,0.0,6.93,9.13,17.38,33.11,95.48,313.39,274.78,109.34,65.67,16.61,23.43,17.6,69.3,916.3
14.179,0.0,3.19,2.75,0.0,4.18,6.49,12.98,20.68,94.05,309.98,278.08,115.5,68.75,18.92,33.11,19.03,50.27,937.42
14.189,0.0,0.0,0.0,0.0,2.75,2.53,10.12,4.07,96.8,311.74,278.08,113.96,71.83,20.13,41.36,22.0,19.47,955.9
14.199,0.0,3.19,0.0,0.0,0.0,0.0,8.69,4.07,96.8,308.33,284.79,113.96,71.83,21.34,45.54,22.0,15.95,964.59
14.209,0.0,0.0,0.0,0.0,2.75,3.85,7.15,0.0,99.44,308.33,286.44,110.88,73.37,22.44,55.11,23.43,13.75,979.44
14.219,0.0,0.0,2.75,0.0,0.0,0.0,5.72,0.0,98.12,301.62,286.44,107.91,76.45,26.07,59.4,23.43,8.47,979.44
14.229,0.0,3.19,2.75,0.0,2.75,0.0,5.72,0.0,95.48,294.91,284.79,107.91,76.45,26.07,68.31,26.4,14.41,980.32
14.239,0.0,3.19,2.75,0.0,0.0,0.0,5.72,0.0,91.41,286.44,283.03,106.37,76.45,28.38,75.79,24.86,11.66,972.73
14.249,0.0,3.19,2.75,0.0,0.0,2.53,4.29,0.0,86.02,272.8,276.43,104.94,78.1,30.8,84.81,29.26,12.76,963.16
14.259,0.0,0.0,2.75,0.0,0.0,2.53,2.86,0.0,79.31,260.48,263.23,104.94,81.18,33.22,92.29,27.83,8.14,942.48
14.269,0.0,3.19,2.75,0.0,0.0,2.53,4.29,0.0,72.6,251.68,251.68,101.97,84.26,35.53,95.26,27.83,12.76,920.81
14.279,0.0,0.0,2.75,0.0,0.0,0.0,4.29,0.0,64.57,237.49,235.18,107.91,84.26,36.74,101.2,32.23,7.04,899.58
14.289,0.0,3.19,2.75,0.0,0.0,2.53,2.86,0.0,56.65,226.93,218.68,109.34,84.26,39.05,107.14,30.8,11.33,872.85
14.299,0.0,0.0,0.0,0.0,0.0,0.0,2.86,0.0,50.49,213.29,199.1,112.42,87.34,41.47,113.19,33.66,2.86,850.96
14.309,0.0,0.0,2.75,0.0,0.0,0.0,2.86,0.0,44.33,201.41,181.17,113.96,90.42,43.89,117.81,32.23,5.61,825.22
14.319,0.0,0.0,2.75,0.0,0.0,0.0,2.86,0.0,39.38,189.64,165.11,112.42,91.96,47.41,123.97,36.63,5.61,806.52
14.329,0.0,3.19,2.75,0.0,0.0,0.0,0.0,0.0,35.75,174.46,149.82,118.69,96.69,49.83,133.1,35.2,5.94,793.54
14.339,0.0,0.0,2.75,0.0,0.0,0.0,0.0,0.0,33.22,162.8,135.96,118.69,99.77,52.14,139.26,36.63,2.75,778.47
14.349,0.0,0.0,2.75,0.0,0.0,0.0,0.0,0.0,30.8,149.6,125.29,121.88,99.77,55.77,148.39,35.2,2.75,766.7
14.359,0.0,0.0,0.0,0.0,0.0,0.0,0.0,0.0,28.27,136.51,113.08,121.88,107.47,60.28,157.63,38.06,0.0,763.18
14.369,0.0,0.0,0.0,0.0,0.0,0.0,0.0,0.0,27.06,123.31,105.27,123.42,109.01,64.79,168.52,41.03,0.0,762.41
14.379,0.0,0.0,0.0,0.0,0.0,0.0,0.0,0.0,24.64,111.76,94.38,123.42,115.28,67.76,179.85,42.46,0.0,759.55
14.389,0.0,0.0,0.0,0.0,0.0,0.0,0.0,0.0,23.43,99.44,83.49,124.96,118.47,70.84,192.83,44.0,0.0,757.46
14.399,0.0,0.0,2.75,0.0,0.0,0.0,0.0,0.0,22.11,87.12,74.25,123.42,126.61,73.81,207.46,45.43,2.75,760.21
14.409,0.0,0.0,2.75,0.0,0.0,0.0,0.0,0.0,19.69,71.72,60.28,121.88,133.1,81.4,220.44,44.0,2.75,752.51
14.419,0.0,0.0,2.75,0.0,0.0,0.0,0.0,0.0,19.69,60.94,50.05,117.15,139.59,85.91,237.16,48.4,2.75,758.89
14.429,0.0,0.0,0.0,0.0,0.0,0.0,0.0,0.0,17.16,44.55,40.04,117.15,145.97,88.88,256.08,54.23,0.0,764.06
14.439,0.0,3.19,0.0,0.0,0.0,0.0,0.0,0.0,17.16,33.0,31.46,112.42,150.92,90.42,273.35,55.77,3.19,764.5
14.449,0.0,3.19,0.0,0.0,0.0,0.0,0.0,0.0,17.16,24.75,22.88,109.34,157.41,91.96,290.4,63.36,3.19,777.26
14.459,0.0,0.0,2.75,0.0,0.0,0.0,0.0,0.0,15.95,19.8,12.87,101.97,160.6,94.93,307.34,71.06,2.75,784.52
14.469,0.0,0.0,2.75,0.0,0.0,0.0,0.0,0.0,11.0,14.85,10.01,99.0,167.09,93.39,324.39,75.57,2.75,795.3
14.479,0.0,0.0,0.0,0.0,0.0,0.0,0.0,0.0,7.37,11.55,8.58,88.55,172.15,97.9,341.44,83.27,0.0,810.81
14.489,0.0,0.0,2.75,0.0,0.0,0.0,0.0,0.0,6.16,13.2,8.58,81.07,172.15,97.9,365.31,93.94,2.75,838.31
14.499,0.0,0.0,4.07,0.0,0.0,0.0,0.0,0.0,3.63,9.9,7.15,72.16,175.78,96.47,385.77,101.64,4.07,852.5
14.509,0.0,0.0,2.75,0.0,0.0,0.0,0.0,0.0,3.63,8.25,5.72,58.74,173.91,99.44,407.0,112.42,2.75,869.11
14.519,0.0,0.0,2.75,0.0,0.0,0.0,0.0,0.0,2.42,6.6,4.29,50.93,172.15,97.9,426.69,121.99,2.75,882.97
14.529,0.0,0.0,2.75,0.0,0.0,0.0,0.0,0.0,2.42,6.6,5.72,41.36,172.15,94.93,444.62,128.37,2.75,896.17
14.539,0.0,0.0,2.75,0.0,0.0,0.0,0.0,0.0,2.42,6.6,4.29,33.44,165.44,96.47,460.9,136.29,2.75,905.85
14.549,0.0,0.0,0.0,0.0,0.0,0.0,0.0,0.0,0.0,3.3,2.86,25.41,162.25,93.39,479.05,142.78,0.0,909.04
14.559,5.06,0.0,0.0,0.0,0.0,0.0,0.0,0.0,0.0,6.6,4.29,14.3,155.76,90.42,495.44,149.16,5.06,915.97
14.569,5.06,0.0,0.0,0.0,0.0,0.0,0.0,0.0,0.0,3.3,0.0,11.11,149.27,85.91,506.22,150.7,5.06,906.51
14.579,13.75,0.0,0.0,0.0,0.0,0.0,0.0,0.0,0.0,6.6,4.29,9.46,137.94,75.35,522.28,158.73,13.75,914.65
14.589,34.43,0.0,0.0,2.31,0.0,0.0,0.0,0.0,0.0,3.3,4.29,9.46,124.96,66.22,525.91,157.08,36.74,891.22
14.599,61.93,0.0,0.0,3.52,2.75,0.0,0.0,0.0,0.0,3.3,4.29,9.46,107.47,55.77,518.76,155.54,68.2,854.59
14.609,87.78,0.0,0.0,4.73,4.18,2.53,0.0,0.0,0.0,0.0,2.86,9.46,90.42,48.62,502.59,153.89,99.22,807.84
14.619,111.87,0.0,0.0,3.52,5.5,3.85,0.0,0.0,2.42,4.95,2.86,11.11,74.91,41.47,471.79,144.32,124.74,753.83
14.629,143.33,68.2,91.96,7.04,5.5,5.17,4.29,2.75,0.0,4.95,2.86,14.3,59.51,37.95,423.06,139.48,328.24,682.11
14.639,136.4,142.56,154.77,14.19,8.36,5.17,2.86,4.07,2.42,4.95,2.86,11.11,54.56,33.22,329.56,134.75,468.38,573.43
14.649,131.12,178.31,211.64,54.34,8.36,9.13,7.15,5.5,0.0,0.0,2.86,14.3,49.61,29.59,196.02,134.75,605.55,427.13
14.659,131.12,187.11,243.98,73.7,25.08,22.22,17.38,15.18,0.0,4.95,2.86,12.65,38.06,26.07,102.74,123.53,715.77,310.86
14.669,134.64,187.11,265.32,76.56,33.44,34.1,39.05,22.0,0.0,3.3,0.0,9.46,33.11,22.44,51.04,95.48,792.22,214.83
14.679,134.64,187.11,277.75,77.99,37.62,47.19,60.83,23.43,0.0,0.0,2.86,7.92,26.4,15.4,35.86,64.9,846.56,153.34
14.689,138.16,188.87,286.99,79.42,41.8,52.47,83.16,26.18,0.0,3.3,2.86,6.27,19.8,12.98,24.75,48.4,897.05,118.36
14.699,141.57,192.39,294.47,80.85,44.55,57.86,96.58,27.5,0.0,0.0,0.0,4.73,14.85,10.67,20.68,33.66,935.77,84.59
14.709,145.09,195.91,300.08,80.85,47.3,62.15,105.6,28.93,0.0,0.0,0.0,4.73,9.9,7.04,15.18,20.46,965.91,57.31
14.719,148.61,199.43,303.82,80.85,50.16,66.33,114.62,30.36,0.0,0.0,0.0,4.73,4.95,4.73,11.0,7.26,994.18,32.67
14.729,148.61,199.43,303.82,82.28,50.16,66.33,121.11,30.36,0.0,0.0,0.0,3.08,6.6,4.73,9.57,7.26,1002.1,31.24
14.739,150.37,201.19,301.95,80.85,51.48,69.19,124.3,33.11,0.0,0.0,0.0,4.73,4.95,3.52,9.57,4.4,1012.44,27.17
14.749,148.61,199.43,298.21,80.85,51.48,69.19,127.49,31.68,0.0,0.0,0.0,0.0,4.95,4.73,6.82,2.86,1006.94,19.36
14.759,145.09,195.91,294.47,82.28,52.91,69.19,130.68,34.43,0.0,3.3,0.0,0.0,4.95,3.52,8.25,2.86,1004.96,22.88
14.769,138.16,190.63,285.12,83.71,54.34,72.05,130.68,33.11,0.0,0.0,0.0,3.08,0.0,2.31,6.82,5.83,987.8,18.04
14.779,131.12,185.35,274.23,83.71,52.91,72.05,132.33,33.11,0.0,0.0,0.0,0.0,0.0,2.31,8.25,4.4,964.81,14.96
14.789,124.19,174.79,261.69,85.14,54.34,74.8,130.68,33.11,0.0,0.0,0.0,3.08,4.95,2.31,5.5,4.4,938.74,20.24
14.799,111.87,171.27,249.26,88.0,54.34,76.23,132.33,34.43,0.0,3.3,0.0,3.08,0.0,2.31,6.82,2.86,917.73,18.37
14.809,101.53,161.04,235.07,90.86,54.34,77.66,132.33,33.11,0.0,0.0,0.0,0.0,3.3,0.0,4.07,4.4,885.94,11.77
14.819,91.19,150.92,220.77,92.29,55.77,77.66,130.68,34.43,0.0,0.0,0.0,3.08,0.0,2.31,5.5,2.86,853.71,13.75
14.829,80.85,144.21,202.51,96.58,55.77,81.95,133.98,35.86,0.0,0.0,0.0,0.0,3.3,2.31,4.07,4.4,831.71,14.08
14.839,72.27,135.85,186.01,102.3,55.77,81.95,133.98,35.86,0.0,0.0,0.0,3.08,0.0,0.0,2.75,4.4,803.99,10.23
14.849,63.69,127.49,171.38,106.59,55.77,86.13,137.17,38.61,0.0,3.3,0.0,0.0,0.0,2.31,5.5,2.86,786.83,13.97
14.859,58.52,117.37,154.77,109.45,57.2,88.99,140.36,38.61,0.0,0.0,0.0,0.0,0.0,0.0,5.5,2.86,765.27,8.36
14.869,53.35,105.82,144.98,112.42,60.17,91.85,146.85,39.93,0.0,0.0,0.0,3.08,0.0,0.0,4.07,2.86,755.37,10.01
14.879,49.94,99.22,133.43,113.96,63.03,91.85,151.58,42.68,0.0,0.0,0.0,0.0,0.0,2.31,0.0,4.4,745.69,6.71
14.889,46.42,89.43,125.29,118.58,64.57,94.6,161.26,46.86,0.0,0.0,0.0,0.0,0.0,0.0,2.75,0.0,747.01,2.75
14.899,44.77,77.99,117.04,120.12,67.54,98.89,169.29,49.61,0.0,0.0,0.0,0.0,0.0,0.0,0.0,2.86,745.25,2.86
14.909,43.01,73.04,110.66,120.12,71.94,101.75,177.76,52.36,0.0,0.0,0.0,0.0,0.0,0.0,0.0,0.0,750.64,0.0
14.919,41.25,64.9,104.5,121.66,76.34,103.07,188.32,56.54,0.0,0.0,0.0,0.0,0.0,0.0,0.0,0.0,756.58,0.0
14.929,39.6,59.95,98.23,124.74,77.77,105.93,197.12,63.91,0.0,0.0,0.0,0.0,0.0,0.0,2.75,0.0,767.25,2.75
14.939,37.84,53.46,91.96,129.36,83.71,110.22,212.85,68.31,0.0,0.0,0.0,0.0,0.0,0.0,0.0,0.0,787.71,0.0
14.949,36.08,45.32,84.26,130.9,88.11,111.65,223.41,77.33,0.0,0.0,0.0,0.0,0.0,0.0,2.75,0.0,797.06,2.75
14.959,34.43,37.18,73.37,130.9,93.94,116.16,236.94,86.24,0.0,0.0,0.0,0.0,0.0,0.0,0.0,0.0,809.16,0.0
14.969,32.67,29.15,64.02,134.09,98.34,119.24,250.58,93.72,0.0,0.0,0.0,0.0,0.0,0.0,2.75,0.0,821.81,2.75
14.979,30.91,22.66,51.04,132.55,102.85,122.32,265.87,101.2,0.0,0.0,0.0,0.0,0.0,0.0,2.75,0.0,829.4,2.75
14.989,29.26,17.82,37.29,132.55,104.28,123.86,281.16,108.57,0.0,0.0,0.0,0.0,0.0,0.0,2.75,0.0,834.79,2.75
14.999,25.74,14.52,26.18,129.36,108.68,126.94,292.82,120.89,0.0,0.0,0.0,0.0,0.0,0.0,0.0,0.0,845.13,0.0
15.0089,24.09,12.87,19.25,124.74,113.63,128.48,307.78,130.13,0.0,0.0,0.0,0.0,0.0,0.0,0.0,0.0,860.97,0.0
15.0189,20.57,9.68,15.18,123.2,117.04,130.02,321.09,140.91,0.0,0.0,0.0,0.0,0.0,0.0,0.0,2.86,877.69,2.86
15.0289,17.16,8.03,11.0,115.5,118.69,131.45,339.79,150.26,0.0,0.0,0.0,0.0,0.0,0.0,0.0,0.0,891.88,0.0
15.0389,11.99,8.03,11.0,108.02,120.45,134.53,357.94,164.12,0.0,0.0,0.0,0.0,0.0,0.0,0.0,0.0,916.08,0.0
15.0489,5.06,6.38,8.25,96.58,118.69,136.07,377.96,173.8,2.42,0.0,0.0,0.0,0.0,0.0,0.0,0.0,922.79,2.42
15.0589,0.0,4.84,6.82,82.28,117.04,137.61,397.87,189.42,0.0,0.0,0.0,0.0,0.0,0.0,0.0,0.0,935.88,0.0
15.0689,0.0,4.84,5.5,67.98,115.28,137.61,415.91,203.28,2.42,0.0,0.0,0.0,0.0,0.0,0.0,0.0,950.4,2.42
15.0789,0.0,4.84,6.82,56.76,107.25,137.61,434.06,215.38,2.42,0.0,0.0,0.0,0.0,0.0,0.0,0.0,962.72,2.42
15.0889,0.0,4.84,6.82,46.09,102.85,134.53,450.34,225.72,3.63,0.0,0.0,0.0,0.0,0.0,0.0,0.0,971.19,3.63
15.0989,0.0,4.84,5.5,36.63,93.94,134.53,461.23,232.65,6.16,0.0,0.0,0.0,0.0,0.0,0.0,0.0,969.32,6.16
15.1089,0.0,4.84,5.5,28.38,82.17,128.48,473.88,237.71,8.58,0.0,0.0,0.0,0.0,0.0,0.0,0.0,960.96,8.58
15.1189,0.0,4.84,6.82,18.92,71.94,122.32,479.27,242.88,18.48,0.0,0.0,3.08,0.0,2.31,0.0,0.0,946.99,23.87
15.1289,0.0,4.84,5.5,10.56,57.2,116.16,484.66,241.23,34.43,0.0,0.0,6.27,0.0,2.31,2.75,0.0,920.15,45.76
15.1389,0.0,3.19,5.5,7.04,40.37,105.93,481.03,237.71,53.02,3.3,0.0,4.73,4.95,3.52,0.0,0.0,880.77,69.52
15.1489,0.0,4.84,5.5,7.04,29.26,90.42,468.38,230.89,76.67,0.0,0.0,6.27,6.6,4.73,0.0,2.86,836.33,97.13
15.1589,0.0,4.84,5.5,5.83,29.26,76.23,435.93,215.38,132.77,71.72,12.87,7.92,8.25,3.52,4.07,2.86,772.97,243.98
15.1689,0.0,4.84,5.5,3.52,30.58,55.11,376.09,203.28,139.81,181.17,95.92,7.92,6.6,5.83,4.07,0.0,678.92,441.32
15.1789,0.0,3.19,5.5,3.52,29.26,40.59,272.69,194.59,118.69,249.81,166.65,14.3,13.2,4.73,6.82,2.86,549.34,577.06
15.1889,0.0,4.84,4.07,2.31,25.08,27.5,151.58,189.42,104.83,279.73,218.68,67.65,16.5,12.98,11.0,8.8,404.8,720.17
15.1989,0.0,0.0,4.07,2.31,20.9,26.18,77.22,162.58,98.12,279.73,248.38,92.95,38.06,12.98,12.32,11.66,293.26,794.2
15.2089,0.0,3.19,4.07,0.0,19.47,20.9,49.17,111.65,92.73,278.08,259.93,104.94,51.26,15.4,13.75,13.2,208.45,829.29
15.2189,0.0,3.19,4.07,0.0,15.29,15.73,34.76,77.33,87.34,274.56,261.58,112.42,64.13,16.61,16.5,17.6,150.37,850.74
15.2289,0.0,3.19,2.75,0.0,9.68,11.77,26.07,51.04,84.7,274.56,261.58,115.5,68.75,20.13,28.93,20.46,104.5,874.61
15.2389,0.0,4.84,0.0,0.0,6.93,9.13,15.84,24.75,86.02,276.43,261.58,121.88,71.83,22.44,37.18,20.46,61.49,897.82
15.2489,0.0,3.19,2.75,0.0,4.18,5.17,12.98,11.0,86.02,279.73,259.93,124.96,73.37,22.44,39.93,23.43,39.27,909.81
15.2589,0.0,3.19,4.07,0.0,2.75,3.85,8.69,4.07,87.34,279.73,259.93,124.96,76.45,27.28,45.54,23.43,26.62,924.66
15.2689,0.0,0.0,0.0,0.0,2.75,3.85,8.69,0.0,84.7,278.08,254.98,129.69,78.1,28.38,48.29,24.86,15.29,927.08
15.2789,0.0,0.0,2.75,0.0,0.0,0.0,8.69,2.75,83.38,279.73,253.33,134.42,81.18,32.01,53.79,24.86,14.19,942.7
15.2889,0.0,3.19,4.07,0.0,2.75,3.85,5.72,0.0,79.31,276.43,250.03,134.42,84.26,33.22,62.37,26.4,19.58,946.44
15.2989,0.0,0.0,2.75,0.0,0.0,3.85,4.29,0.0,75.35,271.04,238.48,137.61,87.34,36.74,68.31,24.86,10.89,939.73
15.3089,0.0,0.0,2.75,0.0,2.75,2.53,5.72,0.0,69.96,260.48,233.53,142.34,85.8,36.74,77.33,27.83,13.75,934.01
15.3189,0.0,0.0,0.0,0.0,0.0,2.53,5.72,0.0,61.93,248.05,221.98,143.99,88.88,41.47,81.84,29.26,8.25,917.4
15.3289,0.0,0.0,2.75,0.0,0.0,0.0,2.86,0.0,56.65,237.49,210.54,143.99,88.88,42.68,89.21,29.26,5.61,898.7
15.3389,0.0,3.19,0.0,0.0,0.0,2.53,2.86,0.0,50.49,221.65,197.45,147.07,93.5,47.41,93.72,27.83,8.58,879.12
15.3489,0.0,3.19,2.75,0.0,2.75,0.0,2.86,0.0,44.33,209.88,182.82,148.72,96.69,48.62,99.66,32.23,11.55,862.95
15.3589,0.0,3.19,0.0,0.0,0.0,2.53,2.86,0.0,39.38,194.7,166.65,150.26,98.23,52.14,104.17,33.66,8.58,839.19
15.3689,0.0,0.0,0.0,0.0,0.0,0.0,4.29,0.0,35.75,179.52,152.79,153.45,99.77,54.56,108.68,32.23,4.29,816.75
15.3789,0.0,3.19,2.75,0.0,0.0,0.0,0.0,0.0,32.01,167.75,137.5,153.45,102.85,57.2,117.81,35.2,5.94,803.77
15.3889,0.0,3.19,0.0,0.0,0.0,0.0,0.0,0.0,30.8,154.55,125.29,154.99,105.93,60.28,122.43,35.2,3.19,789.47
15.3989,0.0,0.0,0.0,0.0,0.0,0.0,2.86,0.0,28.27,141.35,114.51,153.45,109.01,66.22,128.59,35.2,2.86,776.6
15.4089,0.0,0.0,2.75,0.0,0.0,0.0,0.0,0.0,25.85,128.26,102.19,154.99,110.55,67.76,134.64,38.06,2.75,762.3
15.4189,0.0,0.0,2.75,0.0,0.0,0.0,0.0,0.0,23.43,113.41,92.84,154.99,113.63,70.84,146.96,38.06,2.75,754.16
15.4289,0.0,0.0,2.75,0.0,0.0,0.0,0.0,0.0,23.43,102.52,81.95,154.99,113.63,75.35,156.09,39.6,2.75,747.56
15.4389,0.0,0.0,2.75,0.0,0.0,0.0,0.0,0.0,20.9,90.2,74.25,151.8,118.47,78.32,165.33,41.03,2.75,740.3
15.4489,0.0,0.0,0.0,0.0,0.0,0.0,0.0,0.0,19.69,76.34,66.44,143.99,124.96,81.4,178.2,42.46,0.0,733.48
15.4589,0.0,0.0,0.0,0.0,0.0,0.0,0.0,0.0,18.48,62.48,57.2,140.8,129.8,84.37,194.48,41.03,0.0,728.64
15.4689,0.0,0.0,0.0,0.0,0.0,0.0,0.0,0.0,18.48,49.5,47.19,131.34,134.64,88.88,212.3,45.43,0.0,727.76
15.4789,0.0,0.0,0.0,0.0,0.0,0.0,0.0,0.0,15.95,37.95,42.9,129.69,141.13,90.42,228.58,45.43,0.0,732.05
15.4889,0.0,0.0,2.75,0.0,0.0,0.0,0.0,0.0,14.74,29.7,37.18,121.88,147.62,93.39,240.68,51.26,2.75,736.45
15.4989,0.0,0.0,0.0,0.0,0.0,0.0,0.0,0.0,14.74,24.75,27.17,121.88,154.11,91.96,257.84,54.23,0.0,746.68
15.5089,0.0,0.0,2.75,0.0,0.0,0.0,0.0,0.0,13.53,19.8,17.16,115.5,160.6,94.93,276.76,58.74,2.75,757.02
15.5189,0.0,0.0,2.75,0.0,0.0,0.0,0.0,0.0,12.32,16.5,11.44,109.34,165.44,94.93,292.05,64.9,2.75,766.92
15.5289,0.0,0.0,2.75,0.0,0.0,0.0,0.0,0.0,7.37,11.55,10.01,100.43,170.39,96.47,312.51,72.6,2.75,781.33
15.5389,0.0,0.0,0.0,0.0,0.0,0.0,0.0,0.0,6.16,9.9,8.58,92.95,170.39,97.9,332.97,83.27,0.0,802.12
15.5489,0.0,0.0,0.0,0.0,0.0,0.0,0.0,0.0,3.63,6.6,4.29,84.04,177.54,99.44,351.67,92.51,0.0,819.72
15.5589,0.0,0.0,2.75,0.0,0.0,0.0,0.0,0.0,2.42,6.6,4.29,75.13,179.3,102.52,370.48,100.1,2.75,840.84
15.5689,0.0,0.0,2.75,0.0,0.0,0.0,0.0,0.0,2.42,8.25,5.72,67.65,181.17,103.95,389.18,110.88,2.75,869.22
15.5789,0.0,0.0,0.0,0.0,0.0,0.0,0.0,0.0,2.42,6.6,5.72,61.71,179.3,103.95,412.39,123.53,0.0,895.62
15.5889,0.0,0.0,0.0,0.0,0.0,0.0,0.0,0.0,2.42,6.6,4.29,52.58,179.3,103.95,432.08,129.91,0.0,911.13
15.5989,0.0,0.0,2.75,0.0,0.0,0.0,0.0,0.0,0.0,4.95,4.29,43.01,173.91,102.52,448.25,141.13,2.75,918.06
15.6089,0.0,0.0,0.0,2.31,0.0,0.0,0.0,0.0,0.0,3.3,4.29,33.44,172.15,100.98,466.4,147.51,2.31,928.07
15.6189,3.41,0.0,0.0,2.31,0.0,0.0,0.0,0.0,0.0,4.95,4.29,23.87,165.44,94.93,484.55,153.89,5.72,931.92
15.6289,6.82,0.0,0.0,2.31,0.0,0.0,0.0,0.0,0.0,4.95,2.86,14.3,158.95,93.39,499.07,157.08,9.13,930.6
15.6389,11.99,0.0,0.0,3.52,2.75,0.0,0.0,0.0,0.0,0.0,0.0,11.11,152.46,87.34,504.35,158.73,18.26,913.99
15.6489,34.43,0.0,0.0,2.31,2.75,0.0,0.0,0.0,2.42,4.95,2.86,7.92,139.59,82.83,509.74,161.92,39.49,912.23
15.6589,63.69,0.0,0.0,3.52,4.18,0.0,0.0,0.0,0.0,4.95,2.86,9.46,124.96,75.35,509.74,163.46,71.39,890.78
15.6689,94.71,0.0,0.0,4.73,5.5,2.53,0.0,0.0,0.0,3.3,2.86,9.46,110.55,64.79,497.2,158.73,107.47,846.89
15.6789,125.84,0.0,0.0,5.83,5.5,5.17,0.0,0.0,0.0,3.3,2.86,12.65,90.42,54.56,473.66,153.89,142.34,791.34
15.6889,159.06,73.04,93.61,4.73,5.5,6.49,2.86,0.0,0.0,3.3,2.86,12.65,73.37,47.41,437.36,144.32,345.29,721.27
15.6989,146.85,149.27,158.07,8.25,6.93,5.17,4.29,2.75,0.0,4.95,2.86,14.3,59.51,42.68,378.95,141.13,481.58,644.38
15.7089,134.64,185.35,211.64,42.57,6.93,7.81,5.72,5.5,0.0,4.95,4.29,11.11,52.91,36.74,264.66,141.13,600.16,515.79
15.7189,127.6,194.15,242.11,62.26,22.22,14.41,11.55,13.75,0.0,3.3,2.86,11.11,43.01,30.8,143.88,142.78,688.05,377.74
15.7289,125.84,192.39,256.41,69.41,29.26,30.14,31.79,19.25,0.0,3.3,0.0,12.65,36.41,24.86,77.33,115.61,754.49,270.16
15.7389,125.84,194.15,270.6,73.7,32.01,44.55,55.0,22.0,0.0,3.3,0.0,11.11,28.05,21.34,42.68,81.73,817.85,188.21
15.7489,127.6,192.39,277.75,73.7,37.62,51.15,74.25,24.75,0.0,0.0,2.86,7.92,21.45,15.4,33.11,61.82,859.21,142.56
15.7589,129.36,194.15,283.25,73.7,40.37,56.43,87.67,26.18,0.0,0.0,2.86,6.27,18.15,11.77,23.43,51.26,891.11,113.74
15.7689,132.88,197.67,288.86,72.27,40.37,57.86,99.55,27.5,0.0,3.3,0.0,4.73,13.2,7.04,19.25,33.66,916.96,81.18
15.7789,136.4,199.43,290.73,70.84,43.12,62.15,104.06,28.93,0.0,3.3,0.0,4.73,8.25,5.83,11.0,17.6,935.66,50.71
15.7889,138.16,199.43,292.6,70.84,44.55,62.15,110.0,28.93,0.0,0.0,0.0,4.73,4.95,4.73,12.32,7.26,946.66,33.99
15.7989,141.57,199.43,292.6,70.84,45.98,62.15,111.54,28.93,0.0,0.0,0.0,4.73,6.6,3.52,11.0,7.26,953.04,33.11
15.8089,139.92,199.43,288.86,72.27,45.98,63.58,116.27,30.36,0.0,0.0,0.0,3.08,3.3,4.73,9.57,5.83,956.67,26.51
15.8189,136.4,197.67,286.99,69.41,47.3,64.9,119.46,31.68,0.0,3.3,0.0,3.08,3.3,3.52,9.57,7.26,953.81,30.03
15.8289,132.88,192.39,279.51,72.27,47.3,64.9,119.46,31.68,0.0,3.3,0.0,0.0,4.95,3.52,5.5,4.4,940.39,21.67
15.8389,125.84,187.11,268.84,70.84,48.73,67.76,124.3,33.11,0.0,0.0,0.0,3.08,0.0,2.31,8.25,0.0,926.53,13.64
15.8489,117.15,180.07,259.93,72.27,47.3,70.62,125.84,31.68,0.0,0.0,0.0,0.0,3.3,2.31,4.07,2.86,904.86,12.54
15.8589,106.7,173.03,247.5,72.27,48.73,70.62,127.49,34.43,0.0,0.0,0.0,3.08,3.3,2.31,6.82,4.4,880.77,19.91
15.8689,98.12,164.34,233.31,75.13,50.16,72.05,130.68,35.86,0.0,0.0,0.0,3.08,3.3,0.0,5.5,4.4,859.65,16.28
15.8789,87.78,154.33,218.9,77.99,50.16,74.8,133.98,37.18,0.0,0.0,0.0,0.0,3.3,0.0,5.5,2.86,835.12,11.66
15.8889,77.44,147.62,200.64,80.85,51.48,76.23,137.17,37.18,0.0,0.0,0.0,3.08,0.0,2.31,5.5,4.4,808.61,15.29
15.8989,68.86,137.5,187.88,85.14,51.48,80.52,142.01,39.93,0.0,0.0,0.0,3.08,3.3,2.31,5.5,4.4,793.32,18.59
15.9089,61.93,127.49,175.01,88.0,54.34,81.95,146.85,42.68,0.0,0.0,0.0,0.0,0.0,0.0,5.5,2.86,778.25,8.36
15.9189,56.76,119.13,158.07,93.72,57.2,86.13,150.04,42.68,0.0,0.0,0.0,0.0,0.0,2.31,2.75,0.0,763.73,5.06
15.9289,51.59,109.12,148.28,95.15,58.63,88.99,156.42,48.29,0.0,0.0,0.0,0.0,0.0,2.31,4.07,2.86,756.47,9.24
15.9389,49.94,100.87,135.08,98.01,63.03,93.17,164.45,49.61,0.0,0.0,0.0,0.0,0.0,0.0,4.07,0.0,754.16,4.07
15.9489,46.42,92.73,126.94,102.3,66.0,94.6,174.24,53.79,0.0,0.0,0.0,3.08,0.0,0.0,4.07,2.86,757.02,10.01
15.9589,43.01,82.94,117.04,105.16,70.4,98.89,183.04,56.54,0.0,0.0,0.0,0.0,3.3,0.0,2.75,2.86,757.02,8.91
15.9689,41.25,76.34,109.12,109.45,73.37,101.75,193.6,62.37,0.0,0.0,0.0,0.0,0.0,2.31,0.0,2.86,767.25,5.17
15.9789,37.84,69.74,101.31,110.88,76.34,104.5,204.05,66.88,0.0,0.0,0.0,0.0,0.0,0.0,2.75,2.86,771.54,5.61
15.9889,34.43,61.6,95.15,113.96,79.31,107.36,211.09,71.28,0.0,0.0,0.0,0.0,0.0,0.0,2.75,4.4,774.18,7.15
15.9989,34.43,55.11,87.34,117.04,83.71,108.79,225.06,77.33,0.0,0.0,0.0,0.0,0.0,0.0,2.75,2.86,788.81,5.61
16.0089,32.67,46.97,76.45,118.58,86.57,113.08,240.35,84.7,0.0,0.0,0.0,0.0,0.0,2.31,0.0,0.0,799.37,2.31
16.0189,30.91,38.83,65.56,120.12,92.51,116.16,250.58,90.75,0.0,0.0,0.0,0.0,0.0,0.0,2.75,0.0,805.42,2.75
16.0289,29.26,32.34,55.22,120.12,95.48,119.24,264.22,98.12,0.0,0.0,0.0,0.0,0.0,0.0,2.75,0.0,814.0,2.75
16.0389,27.5,24.31,45.54,117.04,96.91,122.32,277.86,107.14,0.0,0.0,0.0,0.0,0.0,0.0,2.75,2.86,818.62,5.61
16.0489,25.74,17.82,31.68,113.96,102.85,123.86,291.06,114.73,0.0,0.0,0.0,0.0,0.0,0.0,2.75,2.86,821.7,5.61
16.0589,24.09,14.52,20.68,110.88,105.71,125.4,304.37,125.51,0.0,0.0,0.0,0.0,0.0,0.0,0.0,2.86,831.16,2.86
16.0689,20.57,11.33,17.93,105.16,108.68,125.4,321.09,133.21,0.0,0.0,0.0,0.0,0.0,0.0,2.75,2.86,843.37,5.61
16.0789,17.16,11.33,13.75,99.44,111.87,130.02,334.4,142.56,0.0,0.0,0.0,0.0,0.0,0.0,0.0,0.0,860.53,0.0
16.0889,15.4,8.03,12.43,95.15,113.63,131.45,354.31,154.88,0.0,0.0,0.0,0.0,0.0,0.0,0.0,0.0,885.28,0.0
16.0989,8.58,8.03,11.0,88.0,115.28,131.45,370.7,168.74,0.0,0.0,0.0,0.0,0.0,0.0,0.0,2.86,901.78,2.86
16.1089,3.41,6.38,6.82,77.99,117.04,136.07,388.74,178.97,0.0,0.0,0.0,0.0,0.0,0.0,0.0,2.86,915.42,2.86
16.1189,0.0,4.84,6.82,67.98,117.04,134.53,408.76,198.0,0.0,0.0,0.0,0.0,0.0,0.0,0.0,0.0,937.97,0.0
16.1289,0.0,4.84,5.5,56.76,111.87,137.61,430.43,210.21,0.0,0.0,0.0,0.0,0.0,0.0,0.0,0.0,957.22,0.0
16.1389,0.0,4.84,5.5,47.3,105.71,136.07,446.71,224.07,0.0,0.0,0.0,0.0,0.0,0.0,2.75,0.0,970.2,2.75
16.1489,0.0,4.84,6.82,37.84,98.34,132.99,461.23,234.3,0.0,0.0,0.0,0.0,0.0,0.0,0.0,0.0,976.36,0.0
16.1589,0.0,4.84,5.5,30.69,89.54,130.02,473.88,241.23,2.42,0.0,0.0,0.0,0.0,0.0,0.0,2.86,975.7,5.28
16.1689,0.0,4.84,4.07,21.23,79.31,126.94,481.03,246.29,4.84,0.0,0.0,0.0,0.0,0.0,0.0,0.0,963.71,4.84
16.1789,0.0,4.84,4.07,15.29,68.97,120.78,490.05,249.81,7.37,0.0,0.0,0.0,0.0,0.0,0.0,0.0,953.81,7.37
16.1889,0.0,4.84,5.5,9.46,55.77,113.08,493.68,249.81,11.0,0.0,0.0,0.0,0.0,0.0,0.0,0.0,932.14,11.0
16.1989,0.0,4.84,5.5,7.04,40.37,101.75,493.68,246.29,28.27,3.3,0.0,3.08,0.0,2.31,0.0,0.0,899.47,36.96
16.2089,0.0,3.19,4.07,5.83,30.58,86.13,482.9,242.88,46.86,0.0,0.0,4.73,3.3,3.52,4.07,0.0,855.58,62.48
16.2189,0.0,3.19,4.07,4.73,29.26,70.62,452.21,229.13,66.0,0.0,0.0,7.92,8.25,3.52,4.07,2.86,793.21,92.62
16.2289,0.0,4.84,5.5,2.31,29.26,53.79,401.5,215.38,107.47,21.45,5.72,6.27,8.25,7.04,2.75,2.86,712.58,161.81
16.2389,0.0,4.84,4.07,3.52,29.26,39.27,306.02,206.69,155.43,152.9,55.77,7.92,8.25,7.04,5.5,2.86,593.67,395.67
16.2489,0.0,3.19,4.07,2.31,27.83,30.14,181.28,199.76,138.49,242.77,146.74,6.27,8.25,5.83,4.07,0.0,448.58,552.42
16.2589,0.0,3.19,4.07,2.31,23.65,26.18,93.61,180.73,121.44,296.56,217.03,38.17,11.55,9.46,8.25,5.83,333.74,708.29
16.2689,0.0,3.19,4.07,2.31,19.47,24.86,53.57,133.21,111.54,311.74,263.23,82.5,23.1,15.4,13.75,10.23,240.68,831.49
16.2789,0.0,4.84,2.75,0.0,15.29,19.58,40.48,89.21,104.83,305.03,289.96,103.4,41.36,16.61,13.75,13.2,172.15,888.14
16.2889,0.0,4.84,2.75,0.0,9.68,15.73,28.93,60.94,100.76,299.97,300.19,113.96,56.21,17.71,16.5,16.06,122.87,921.36
16.2989,0.0,3.19,4.07,0.0,6.93,10.45,20.24,33.11,96.8,294.91,300.19,120.23,67.21,17.71,24.75,20.46,77.99,942.26
16.3089,0.0,3.19,0.0,0.0,2.75,5.17,12.98,16.5,95.48,296.56,301.95,121.88,70.29,23.65,35.86,23.43,40.59,969.1
16.3189,0.0,3.19,0.0,0.0,0.0,3.85,11.55,5.5,95.48,296.56,300.19,124.96,73.37,27.28,41.36,23.43,24.09,982.63
16.3289,0.0,0.0,2.75,0.0,2.75,2.53,10.12,2.75,94.05,294.91,298.54,128.15,78.1,30.8,46.86,23.43,20.9,994.84
16.3389,0.0,3.19,0.0,0.0,2.75,2.53,8.69,2.75,94.05,294.91,296.78,128.15,78.1,32.01,51.04,24.86,19.91,999.9
16.3489,0.0,0.0,2.75,0.0,0.0,0.0,7.15,2.75,90.09,294.91,288.2,131.34,81.18,30.8,57.97,26.4,12.65,1000.89
16.3589,0.0,0.0,0.0,0.0,0.0,3.85,5.72,0.0,86.02,289.85,279.73,134.42,81.18,34.32,60.94,24.86,9.57,991.32
16.3689,0.0,0.0,2.75,0.0,0.0,2.53,5.72,0.0,79.31,283.14,269.83,134.42,81.18,35.53,65.34,26.4,11.0,975.15
16.3789,0.0,3.19,0.0,0.0,0.0,2.53,5.72,0.0,74.03,274.56,253.33,136.07,84.26,36.74,66.88,24.86,11.44,950.73
16.3889,0.0,3.19,2.75,0.0,0.0,2.53,5.72,0.0,67.32,267.52,241.78,140.8,81.18,37.95,65.34,26.4,14.19,928.29
16.3989,0.0,3.19,0.0,0.0,0.0,2.53,4.29,0.0,60.61,258.72,226.93,140.8,82.72,36.74,68.31,26.4,10.01,901.23
16.4089,0.0,0.0,0.0,0.0,0.0,0.0,2.86,0.0,53.02,244.53,208.89,145.53,84.26,37.95,66.88,26.4,2.86,867.46
16.4189,0.0,0.0,0.0,0.0,0.0,2.53,2.86,0.0,46.86,232.21,190.96,150.26,84.26,40.26,71.39,27.83,5.39,844.03
16.4288,0.0,3.19,2.75,0.0,0.0,0.0,4.29,0.0,41.91,221.65,174.68,151.8,85.8,39.05,71.39,26.4,10.23,812.68
16.4388,0.0,0.0,0.0,0.0,0.0,2.53,0.0,0.0,38.17,208.23,160.49,154.99,82.72,42.68,72.82,29.26,2.53,789.36
16.4488,0.0,0.0,0.0,0.0,0.0,0.0,0.0,0.0,35.75,196.35,145.2,159.72,87.34,44.99,74.36,30.8,0.0,774.51
16.4588,0.0,0.0,2.75,0.0,0.0,0.0,2.86,0.0,33.22,184.58,132.88,162.91,87.34,46.2,80.3,30.8,5.61,758.23
16.4688,0.0,0.0,2.75,0.0,0.0,0.0,0.0,0.0,30.8,171.05,122.21,164.45,88.88,48.62,86.24,32.23,2.75,744.48
16.4788,0.0,0.0,0.0,0.0,0.0,0.0,0.0,0.0,29.59,161.15,116.05,164.45,91.96,52.14,92.29,32.23,0.0,739.86
16.4888,0.0,0.0,0.0,0.0,0.0,0.0,0.0,0.0,27.06,146.3,108.35,169.51,96.69,53.35,99.66,33.66,0.0,734.58
16.4988,0.0,0.0,0.0,0.0,0.0,0.0,0.0,0.0,25.85,134.86,102.19,167.75,99.77,57.2,108.68,33.66,0.0,729.96
16.5088,0.0,0.0,0.0,0.0,0.0,0.0,0.0,0.0,24.64,123.31,97.46,167.75,102.85,63.25,120.89,33.66,0.0,733.81
16.5188,0.0,0.0,0.0,0.0,0.0,0.0,0.0,0.0,24.64,113.41,91.3,161.26,109.01,67.76,134.64,33.66,0.0,735.68
16.5288,0.0,0.0,2.75,0.0,0.0,0.0,0.0,0.0,22.11,99.44,88.22,158.18,113.63,70.84,149.93,41.03,2.75,743.38
16.5388,0.0,0.0,0.0,0.0,0.0,0.0,0.0,0.0,20.9,87.12,86.68,150.26,120.12,76.78,166.87,39.6,0.0,748.33
16.5488,0.0,0.0,2.75,0.0,0.0,0.0,0.0,0.0,19.69,73.26,80.41,143.99,126.61,82.83,184.69,41.03,2.75,752.51
16.5588,0.0,0.0,2.75,0.0,0.0,0.0,0.0,0.0,19.69,62.48,77.33,139.15,133.1,87.34,209.0,45.43,2.75,773.52
16.5688,0.0,0.0,2.75,0.0,0.0,0.0,0.0,0.0,17.16,51.15,71.06,134.42,137.94,91.96,228.58,48.4,2.75,780.67
16.5788,0.0,0.0,0.0,0.0,0.0,0.0,0.0,0.0,17.16,41.25,61.82,129.69,145.97,94.93,245.74,52.8,0.0,789.36
16.5888,0.0,0.0,0.0,0.0,0.0,0.0,0.0,0.0,14.74,29.7,51.48,126.61,157.41,97.9,266.42,63.36,0.0,807.62
16.5988,0.0,0.0,0.0,0.0,0.0,0.0,0.0,0.0,14.74,24.75,38.61,123.42,165.44,99.44,286.99,71.06,0.0,824.45
16.6088,0.0,0.0,0.0,0.0,0.0,0.0,0.0,0.0,13.53,18.15,25.74,120.23,172.15,102.52,309.1,78.65,0.0,840.07
16.6188,0.0,0.0,2.75,0.0,0.0,0.0,0.0,0.0,13.53,14.85,14.3,117.15,182.93,105.49,324.39,83.27,2.75,855.91
16.6288,0.0,0.0,0.0,0.0,0.0,0.0,0.0,0.0,11.0,11.55,10.01,112.42,186.56,108.46,346.61,95.48,0.0,882.09
16.6388,0.0,0.0,2.75,0.0,0.0,0.0,0.0,0.0,7.37,11.55,10.01,107.91,193.71,110.0,365.31,104.72,2.75,910.58
16.6488,0.0,0.0,0.0,0.0,0.0,0.0,0.0,0.0,6.16,11.55,8.58,99.0,195.58,111.54,380.71,113.96,0.0,927.08
16.6588,0.0,0.0,0.0,0.0,0.0,0.0,0.0,0.0,3.63,9.9,5.72,88.55,191.95,111.54,399.85,123.53,0.0,934.67
16.6688,0.0,0.0,0.0,2.31,0.0,0.0,0.0,0.0,2.42,8.25,5.72,75.13,184.8,110.0,417.78,133.1,2.31,937.2
16.6788,0.0,0.0,0.0,0.0,0.0,0.0,0.0,0.0,2.42,4.95,5.72,63.14,184.8,107.03,432.08,141.13,0.0,941.27
16.6888,3.41,0.0,0.0,0.0,0.0,0.0,0.0,0.0,2.42,4.95,4.29,50.93,173.91,105.49,448.25,142.78,3.41,933.02
16.6988,6.82,0.0,0.0,0.0,0.0,0.0,0.0,0.0,2.42,6.6,4.29,38.17,167.09,103.95,462.77,152.35,6.82,937.64
16.7088,11.99,0.0,0.0,2.31,0.0,0.0,0.0,0.0,0.0,3.3,4.29,30.25,158.95,97.9,473.66,158.73,14.3,927.08
16.7188,27.5,0.0,0.0,0.0,0.0,0.0,0.0,0.0,0.0,3.3,4.29,20.68,147.62,94.93,482.68,160.27,27.5,913.77
16.7288,55.11,0.0,0.0,2.31,4.18,0.0,0.0,0.0,0.0,3.3,2.86,12.65,139.59,88.88,491.81,163.46,61.6,902.55
16.7388,79.2,0.0,0.0,3.52,4.18,2.53,0.0,0.0,0.0,3.3,2.86,9.46,123.31,78.32,493.57,158.73,89.43,869.55
16.7488,103.29,0.0,0.0,4.73,4.18,2.53,0.0,0.0,0.0,3.3,4.29,9.46,107.47,63.25,488.18,160.27,114.73,836.22
16.7588,127.6,3.19,19.25,5.83,4.18,3.85,0.0,0.0,0.0,4.95,4.29,9.46,88.88,53.35,468.16,155.54,163.9,784.63
16.7688,143.33,55.11,93.61,5.83,5.5,3.85,4.29,0.0,0.0,3.3,0.0,12.65,70.29,43.89,439.23,149.16,311.52,718.52
16.7788,131.12,114.07,141.68,8.25,5.5,5.17,2.86,2.75,0.0,0.0,2.86,14.3,56.21,40.26,387.53,144.32,411.4,645.48
16.7888,118.91,145.97,178.75,36.63,8.36,5.17,5.72,5.5,0.0,4.95,4.29,12.65,54.56,33.22,283.58,142.78,505.01,536.03
16.7988,111.87,157.63,208.01,54.34,19.47,10.45,10.12,11.0,0.0,0.0,0.0,14.3,46.31,28.38,163.79,141.13,582.89,393.91
16.8088,110.22,161.04,227.92,62.26,27.83,28.82,31.79,17.93,0.0,3.3,2.86,14.3,34.76,27.28,87.78,126.72,667.81,297.0
16.8188,111.87,164.34,242.11,65.12,34.76,39.27,53.57,22.0,0.0,3.3,0.0,11.11,31.46,23.65,48.29,97.02,733.04,214.83
16.8288,115.39,167.75,258.17,66.55,37.62,49.83,75.79,23.43,0.0,3.3,0.0,9.46,26.4,15.4,35.86,71.06,794.53,161.48
16.8388,122.43,169.51,270.6,65.12,40.37,53.79,93.61,26.18,0.0,0.0,2.86,7.92,18.15,12.98,27.5,54.23,841.61,123.64
16.8488,127.6,171.27,281.38,63.69,44.55,57.86,107.03,26.18,0.0,3.3,0.0,4.73,14.85,8.25,20.68,42.46,879.56,94.27
16.8588,134.64,176.55,288.86,63.69,47.3,60.72,116.27,31.68,0.0,3.3,0.0,4.73,8.25,7.04,15.18,24.86,919.71,63.36
16.8688,138.16,178.31,296.34,62.26,48.73,59.29,121.11,31.68,0.0,0.0,0.0,4.73,8.25,5.83,11.0,8.8,935.88,38.61
16.8788,143.33,181.83,300.08,60.83,51.48,62.15,127.49,31.68,0.0,0.0,0.0,4.73,6.6,3.52,11.0,5.83,958.87,31.68
16.8888,146.85,180.07,303.82,59.4,51.48,60.72,129.14,34.43,0.0,3.3,0.0,4.73,3.3,4.73,6.82,5.83,965.91,28.71
16.8988,148.61,181.83,301.95,56.76,51.48,60.72,129.14,35.86,0.0,0.0,0.0,3.08,0.0,3.52,9.57,7.26,966.35,23.43
16.9088,146.85,178.31,300.08,56.76,51.48,60.72,132.33,35.86,0.0,0.0,0.0,0.0,3.3,3.52,8.25,4.4,962.39,19.47
16.9188,143.33,174.79,294.47,56.76,52.91,62.15,133.98,37.18,0.0,0.0,0.0,3.08,3.3,2.31,5.5,4.4,955.57,18.59
16.9288,138.16,167.75,288.86,56.76,51.48,62.15,137.17,37.18,0.0,0.0,0.0,3.08,3.3,2.31,6.82,5.83,939.51,21.34
16.9388,131.12,164.34,277.75,56.76,51.48,62.15,138.71,38.61,0.0,0.0,0.0,3.08,0.0,2.31,4.07,2.86,920.92,12.32
16.9488,125.84,157.63,270.6,54.34,52.91,64.9,137.17,38.61,0.0,0.0,0.0,3.08,3.3,2.31,5.5,2.86,902.0,17.05
16.9588,118.91,152.68,261.69,54.34,54.34,62.15,140.36,38.61,0.0,0.0,0.0,0.0,3.3,2.31,4.07,4.4,883.08,14.08
16.9688,111.87,145.97,249.26,55.55,55.77,64.9,140.36,38.61,0.0,0.0,0.0,3.08,3.3,3.52,4.07,4.4,862.29,18.37
16.9788,106.7,139.26,242.11,56.76,55.77,64.9,143.55,39.93,0.0,0.0,0.0,0.0,0.0,0.0,5.5,0.0,848.98,5.5
16.9888,98.12,132.55,233.31,56.76,54.34,64.9,146.85,38.61,0.0,0.0,0.0,0.0,0.0,2.31,2.75,4.4,825.44,9.46
16.9988,94.71,125.84,226.16,56.76,57.2,67.76,146.85,39.93,0.0,0.0,0.0,0.0,0.0,2.31,2.75,2.86,815.21,7.92
17.0088,87.78,122.43,218.9,56.76,58.63,67.76,151.58,41.36,0.0,0.0,0.0,3.08,0.0,2.31,2.75,0.0,805.2,8.14
17.0188,82.61,115.72,208.01,59.4,60.17,69.19,156.42,45.54,0.0,0.0,0.0,3.08,0.0,0.0,0.0,0.0,797.06,3.08
17.0288,77.44,107.47,200.64,62.26,63.03,70.62,162.91,45.54,0.0,0.0,0.0,0.0,0.0,0.0,4.07,2.86,789.91,6.93
17.0388,72.27,104.17,193.38,63.69,64.57,73.48,167.75,49.61,0.0,0.0,0.0,0.0,0.0,0.0,0.0,2.86,788.92,2.86
17.0488,67.1,97.68,186.01,66.55,67.54,74.8,174.24,52.36,0.0,0.0,0.0,0.0,0.0,0.0,0.0,2.86,786.28,2.86
17.0588,61.93,92.73,175.01,69.41,68.97,79.09,181.28,53.79,0.0,0.0,0.0,3.08,0.0,0.0,2.75,2.86,782.21,8.69
17.0688,58.52,84.48,166.32,72.27,74.8,83.38,191.84,60.94,0.0,0.0,0.0,0.0,0.0,0.0,4.07,2.86,792.55,6.93
17.0788,53.35,77.99,154.77,77.99,77.77,87.56,204.05,63.91,0.0,0.0,0.0,0.0,0.0,0.0,2.75,2.86,797.39,5.61
17.0888,49.94,71.39,143.33,79.42,82.17,90.42,216.37,71.28,0.0,0.0,0.0,3.08,0.0,0.0,0.0,0.0,804.32,3.08
17.0988,46.42,61.6,128.59,85.14,88.11,94.6,230.12,78.76,0.0,0.0,0.0,0.0,0.0,0.0,2.75,2.86,813.34,5.61
17.1088,43.01,53.46,115.39,89.43,92.51,98.89,240.35,84.7,0.0,0.0,0.0,0.0,0.0,0.0,2.75,2.86,817.74,5.61
17.1188,39.6,43.67,102.85,90.86,96.91,101.75,253.99,93.72,0.0,0.0,0.0,0.0,0.0,0.0,2.75,2.86,823.35,5.61
17.1288,34.43,33.99,85.8,96.58,102.85,105.93,267.63,99.66,0.0,0.0,0.0,0.0,0.0,0.0,2.75,2.86,826.87,5.61
17.1388,30.91,27.5,68.64,98.01,107.25,111.65,282.81,107.14,0.0,0.0,0.0,0.0,0.0,0.0,2.75,2.86,833.91,5.61
17.1488,29.26,17.82,53.79,99.44,111.87,114.62,299.42,119.35,0.0,0.0,0.0,0.0,0.0,0.0,2.75,0.0,845.57,2.75
17.1588,25.74,14.52,35.86,99.44,118.69,119.24,314.38,128.59,0.0,0.0,0.0,0.0,0.0,2.31,0.0,2.86,856.46,5.17
17.1688,24.09,11.33,22.0,96.58,123.86,122.32,330.99,136.29,0.0,0.0,0.0,0.0,0.0,0.0,0.0,4.4,867.46,4.4
17.1788,20.57,9.68,16.5,93.72,127.27,123.86,350.68,147.18,0.0,0.0,0.0,0.0,0.0,0.0,0.0,2.86,889.46,2.86
17.1888,17.16,8.03,15.18,83.71,128.92,122.32,367.07,159.5,0.0,0.0,0.0,0.0,0.0,0.0,0.0,0.0,901.89,0.0
17.1988,13.75,8.03,11.0,75.13,127.27,125.4,388.74,170.39,0.0,0.0,0.0,0.0,0.0,0.0,2.75,2.86,919.71,5.61
17.2088,5.06,6.38,9.57,66.55,128.92,126.94,406.89,178.97,0.0,0.0,0.0,0.0,0.0,0.0,0.0,2.86,929.28,2.86
17.2188,0.0,6.38,8.25,57.97,127.27,125.4,423.17,194.59,0.0,0.0,0.0,0.0,0.0,0.0,0.0,2.86,943.03,2.86
17.2288,0.0,4.84,5.5,48.4,118.69,125.4,439.56,203.28,0.0,0.0,0.0,0.0,0.0,0.0,0.0,2.86,945.67,2.86
17.2388,0.0,4.84,5.5,38.94,113.63,125.4,457.6,215.38,2.42,0.0,0.0,0.0,0.0,0.0,0.0,0.0,961.29,2.42
17.2488,0.0,4.84,5.5,30.69,104.28,123.86,472.01,224.07,4.84,0.0,0.0,0.0,0.0,0.0,0.0,0.0,965.25,4.84
17.2588,0.0,4.84,6.82,22.44,93.94,117.7,481.03,234.3,7.37,0.0,0.0,3.08,0.0,0.0,0.0,0.0,961.07,10.45
17.2688,0.0,3.19,6.82,14.19,82.17,113.08,491.92,237.71,15.95,0.0,0.0,3.08,0.0,0.0,0.0,0.0,949.08,19.03
17.2788,0.0,3.19,5.5,8.25,70.4,103.07,497.31,241.23,28.27,0.0,0.0,3.08,0.0,2.31,0.0,0.0,928.95,33.66
17.2888,0.0,3.19,5.5,7.04,55.77,93.17,501.05,241.23,41.91,0.0,0.0,0.0,4.95,2.31,2.75,0.0,906.95,51.92
17.2988,0.0,4.84,5.5,4.73,40.37,80.52,495.55,234.3,60.61,0.0,0.0,4.73,3.3,2.31,2.75,0.0,865.81,73.7
17.3088,0.0,4.84,5.5,4.73,30.58,63.58,477.4,225.72,98.12,37.95,2.86,4.73,8.25,4.73,4.07,2.86,812.35,163.57
17.3188,0.0,4.84,5.5,4.73,27.83,47.19,446.71,215.38,111.54,156.2,78.87,6.27,6.6,3.52,0.0,0.0,752.18,363.0
17.3288,0.0,4.84,5.5,3.52,30.58,34.1,374.33,203.28,95.48,223.41,148.28,25.41,14.85,7.04,5.5,4.4,656.15,524.37
17.3388,0.0,4.84,4.07,0.0,29.26,26.18,267.63,192.83,86.02,255.2,202.4,75.13,29.81,12.98,9.57,10.23,524.81,681.34
17.3488,0.0,4.84,5.5,3.52,25.08,24.86,146.85,175.56,84.7,255.2,235.18,89.98,51.26,14.19,15.18,13.2,386.21,758.89
17.3588,0.0,4.84,4.07,0.0,23.65,23.54,77.22,147.18,84.7,253.44,251.68,95.92,62.59,14.19,23.43,17.6,280.5,803.55
17.3688,0.0,4.84,4.07,0.0,19.47,20.9,49.17,101.2,83.38,253.44,254.98,97.46,70.29,20.13,37.18,20.46,199.65,837.32
17.3788,0.0,3.19,2.75,0.0,13.86,15.73,36.19,65.34,82.06,255.2,258.28,103.4,71.83,26.07,46.86,19.03,137.06,862.73
17.3888,0.0,3.19,2.75,0.0,9.68,11.77,24.53,35.86,83.38,262.24,256.63,104.94,73.37,30.8,51.04,20.46,87.78,882.86
17.3988,0.0,3.19,2.75,0.0,5.5,6.49,17.38,16.5,84.7,264.0,256.63,107.91,74.91,30.8,57.97,23.43,51.81,900.35
17.4088,0.0,3.19,2.75,0.0,4.18,5.17,11.55,8.25,87.34,271.04,256.63,109.34,76.45,33.22,60.94,24.86,35.09,919.82
17.4188,0.0,0.0,2.75,0.0,2.75,3.85,11.55,4.07,90.09,278.08,256.63,112.42,76.45,35.53,63.91,23.43,24.97,936.54
17.4288,0.0,0.0,0.0,0.0,0.0,2.53,8.69,0.0,88.77,279.73,251.68,115.5,79.64,34.32,68.31,24.86,11.22,942.81
17.4388,0.0,3.19,0.0,0.0,2.75,2.53,7.15,4.07,87.34,279.73,246.73,118.69,79.64,39.05,72.82,26.4,19.69,950.4
17.4488,0.0,0.0,2.75,0.0,0.0,2.53,7.15,2.75,82.06,278.08,240.13,123.42,79.64,40.26,77.33,27.83,15.18,948.75
17.4588,0.0,3.19,2.75,0.0,0.0,0.0,5.72,2.75,76.67,271.04,231.88,126.61,82.72,42.68,81.84,27.83,14.41,941.27
17.4688,0.0,3.19,2.75,0.0,0.0,0.0,4.29,0.0,69.96,264.0,220.33,129.69,84.26,46.2,86.24,27.83,10.23,928.51
17.4788,0.0,0.0,2.75,0.0,0.0,0.0,5.72,0.0,63.25,255.2,208.89,131.34,85.8,48.62,89.21,29.26,8.47,911.57
17.4888,0.0,0.0,0.0,0.0,0.0,0.0,4.29,0.0,56.65,242.77,195.8,136.07,84.26,50.93,96.69,29.26,4.29,892.43
17.4988,0.0,0.0,0.0,0.0,0.0,2.53,4.29,0.0,49.28,228.69,181.17,137.61,88.88,52.14,99.66,30.8,6.82,868.23
17.5088,0.0,3.19,2.75,0.0,0.0,0.0,4.29,0.0,44.33,214.94,166.65,139.15,90.42,55.77,104.17,32.23,10.23,847.66
17.5188,0.0,0.0,0.0,0.0,0.0,0.0,4.29,0.0,40.7,203.17,155.87,137.61,90.42,60.28,110.22,32.23,4.29,830.5
17.5288,0.0,0.0,0.0,0.0,0.0,0.0,0.0,0.0,35.75,186.23,143.66,142.34,93.5,61.71,114.73,33.66,0.0,811.58
17.5388,0.0,0.0,2.75,0.0,0.0,0.0,0.0,0.0,33.22,172.81,132.88,142.34,98.23,64.79,120.89,32.23,2.75,797.39
17.5488,0.0,0.0,0.0,0.0,0.0,0.0,2.86,0.0,32.01,161.15,123.75,143.99,99.77,69.3,125.51,35.2,2.86,790.68
17.5588,0.0,0.0,2.75,0.0,0.0,0.0,0.0,0.0,29.59,152.9,114.51,147.07,102.85,72.27,131.56,35.2,2.75,785.95
17.5688,0.0,0.0,2.75,0.0,0.0,0.0,2.86,0.0,28.27,141.35,105.27,148.72,105.93,76.78,140.8,38.06,5.61,785.18
17.5788,0.0,0.0,2.75,0.0,0.0,0.0,0.0,0.0,27.06,131.56,95.92,148.72,109.01,79.86,146.96,38.06,2.75,777.15
17.5888,0.0,0.0,0.0,0.0,0.0,0.0,0.0,0.0,24.64,121.66,86.68,153.45,112.09,81.4,154.55,38.06,0.0,772.53
17.5988,0.0,0.0,2.75,0.0,0.0,0.0,0.0,0.0,23.43,110.22,78.87,154.99,113.63,85.91,160.71,39.6,2.75,767.36
17.6088,0.0,0.0,2.75,0.0,0.0,0.0,0.0,0.0,22.11,102.52,72.71,154.99,118.47,88.88,168.52,39.6,2.75,767.8
17.6188,0.0,0.0,2.75,0.0,0.0,0.0,0.0,0.0,20.9,91.74,63.36,154.99,121.66,91.96,175.01,39.6,2.75,759.22
17.6288,0.0,0.0,2.75,0.0,0.0,0.0,0.0,0.0,19.69,79.42,54.34,158.18,126.61,94.93,186.34,41.03,2.75,760.54
17.6388,0.0,0.0,0.0,0.0,0.0,0.0,0.0,0.0,18.48,71.72,47.19,159.72,131.45,97.9,196.02,42.46,0.0,764.94
17.6488,0.0,0.0,2.75,0.0,0.0,0.0,0.0,0.0,17.16,57.75,38.61,158.18,136.29,100.98,207.46,44.0,2.75,760.43
17.6588,0.0,0.0,2.75,0.0,0.0,0.0,0.0,0.0,17.16,49.5,31.46,154.99,139.59,105.49,221.98,45.43,2.75,765.6
17.6688,0.0,0.0,2.75,0.0,0.0,0.0,0.0,0.0,15.95,39.6,22.88,150.26,145.97,108.46,237.16,46.86,2.75,767.14
17.6788,0.0,0.0,2.75,0.0,0.0,0.0,0.0,0.0,15.95,28.05,12.87,148.72,149.27,108.46,252.67,51.26,2.75,767.25
17.6888,0.0,0.0,2.75,0.0,0.0,0.0,0.0,0.0,13.53,18.15,11.44,139.15,152.46,110.0,268.18,52.8,2.75,765.71
17.6988,0.0,0.0,2.75,0.0,0.0,0.0,0.0,0.0,9.79,14.85,8.58,131.34,155.76,111.54,286.99,58.74,2.75,777.59
17.7088,0.0,0.0,2.75,0.0,0.0,0.0,0.0,0.0,7.37,14.85,8.58,124.96,158.95,114.73,304.04,64.9,2.75,798.38
17.7188,0.0,0.0,2.75,0.0,0.0,0.0,0.0,0.0,6.16,13.2,7.15,117.15,163.9,118.25,320.98,71.06,2.75,817.85
17.7288,0.0,0.0,0.0,0.0,0.0,0.0,0.0,0.0,4.84,9.9,7.15,106.37,165.44,118.25,341.44,83.27,0.0,836.66
17.7388,0.0,0.0,2.75,0.0,0.0,0.0,0.0,0.0,3.63,8.25,2.86,95.92,168.74,123.42,360.25,93.94,2.75,857.01
17.7488,0.0,0.0,0.0,0.0,0.0,0.0,0.0,0.0,2.42,8.25,4.29,84.04,168.74,121.77,380.71,104.72,0.0,874.94
17.7588,0.0,0.0,0.0,0.0,0.0,0.0,0.0,0.0,2.42,6.6,4.29,72.16,167.09,121.77,403.37,113.96,0.0,891.66
17.7688,0.0,0.0,0.0,0.0,0.0,0.0,0.0,0.0,2.42,6.6,0.0,60.17,167.09,118.25,419.54,123.53,0.0,897.6
17.7788,0.0,0.0,0.0,0.0,0.0,0.0,0.0,0.0,0.0,6.6,4.29,47.74,163.9,114.73,439.23,128.37,0.0,904.86
17.7888,5.06,0.0,0.0,0.0,0.0,0.0,0.0,0.0,0.0,3.3,2.86,38.17,158.95,110.0,453.64,139.48,5.06,906.4
17.7988,8.58,0.0,0.0,2.31,0.0,0.0,0.0,0.0,0.0,4.95,4.29,28.6,154.11,105.49,464.53,142.78,10.89,904.75
17.8088,18.92,0.0,0.0,2.31,2.75,0.0,0.0,0.0,2.42,4.95,4.29,19.03,147.62,103.95,473.66,147.51,23.98,903.43
17.8188,43.01,0.0,0.0,3.52,2.75,0.0,0.0,0.0,0.0,3.3,0.0,12.65,139.59,94.93,480.92,149.16,49.28,880.55
17.8288,68.86,0.0,0.0,2.31,2.75,0.0,0.0,0.0,0.0,0.0,0.0,9.46,126.61,85.91,484.55,149.16,73.92,855.69
17.8388,92.95,0.0,0.0,4.73,5.5,2.53,0.0,0.0,0.0,3.3,2.86,9.46,109.01,72.27,479.05,147.51,105.71,823.46
17.8488,120.67,11.33,34.43,3.52,4.18,3.85,0.0,2.75,0.0,3.3,2.86,11.11,93.5,58.74,462.77,142.78,180.73,775.06
17.8587,131.12,87.78,109.12,5.83,4.18,5.17,4.29,2.75,0.0,3.3,2.86,11.11,73.37,48.62,437.36,136.29,350.24,712.91
17.8687,124.19,140.91,164.67,27.17,6.93,3.85,4.29,4.07,0.0,0.0,2.86,12.65,59.51,42.68,398.09,128.37,476.08,644.16
17.8787,118.91,164.34,208.01,53.13,11.11,9.13,5.72,8.25,0.0,0.0,2.86,15.84,54.56,36.74,314.16,129.91,578.6,554.07
17.8887,118.91,167.75,233.31,60.83,27.83,20.9,17.38,15.18,0.0,3.3,0.0,12.65,46.31,29.59,194.48,128.37,662.09,414.7
17.8987,120.67,169.51,249.26,65.12,33.44,32.78,40.48,20.68,0.0,0.0,2.86,14.3,36.41,27.28,107.14,117.15,731.94,305.14
17.9087,120.67,171.27,259.93,66.55,38.94,41.91,59.4,22.0,0.0,0.0,2.86,12.65,31.46,23.65,51.04,92.51,780.67,214.17
17.9187,124.19,174.79,267.08,67.98,43.12,49.83,75.79,23.43,0.0,3.3,0.0,7.92,24.75,16.61,35.86,63.36,826.21,151.8
17.9287,127.6,178.31,275.99,69.41,44.55,52.47,89.21,26.18,0.0,0.0,0.0,7.92,18.15,12.98,27.5,48.4,863.72,114.95
17.9387,131.12,183.59,279.51,69.41,47.3,56.43,96.58,26.18,0.0,3.3,0.0,3.08,14.85,10.67,20.68,32.23,890.12,84.81
17.9487,136.4,185.35,283.25,67.98,48.73,55.11,102.63,26.18,0.0,3.3,0.0,3.08,9.9,7.04,16.5,23.43,905.63,63.25
17.9587,139.92,190.63,288.86,67.98,50.16,57.86,107.03,26.18,0.0,3.3,0.0,4.73,4.95,4.73,12.32,10.23,928.62,40.26
17.9687,143.33,192.39,292.6,69.41,48.73,57.86,108.57,26.18,0.0,0.0,0.0,3.08,6.6,3.52,9.57,5.83,939.07,28.6
17.9787,146.85,195.91,290.73,67.98,51.48,59.29,108.57,26.18,0.0,0.0,0.0,4.73,3.3,4.73,11.0,5.83,946.99,29.59
17.9887,146.85,195.91,286.99,67.98,51.48,57.86,108.57,27.5,0.0,0.0,0.0,3.08,3.3,3.52,8.25,4.4,943.14,22.55
17.9987,145.09,190.63,283.25,69.41,50.16,59.29,108.57,26.18,0.0,0.0,0.0,0.0,3.3,2.31,6.82,5.83,932.58,18.26
18.0087,141.57,190.63,275.99,69.41,51.48,59.29,108.57,26.18,0.0,3.3,0.0,3.08,3.3,3.52,8.25,5.83,923.12,27.28
18.0187,134.64,187.11,267.08,70.84,51.48,60.72,110.0,26.18,0.0,0.0,0.0,0.0,4.95,0.0,8.25,4.4,908.05,17.6
18.0287,127.6,181.83,259.93,70.84,51.48,62.15,110.0,26.18,0.0,0.0,0.0,3.08,0.0,2.31,6.82,2.86,890.01,15.07
18.0387,117.15,176.55,247.5,75.13,50.16,60.72,111.54,27.5,0.0,0.0,0.0,3.08,0.0,2.31,6.82,4.4,866.25,16.61
18.0487,110.22,171.27,236.83,77.99,51.48,63.58,113.08,27.5,0.0,0.0,0.0,3.08,3.3,2.31,2.75,2.86,851.95,14.3
18.0587,101.53,166.1,224.4,79.42,52.91,67.76,114.62,27.5,0.0,0.0,0.0,0.0,3.3,2.31,5.5,4.4,834.24,15.51
18.0687,92.95,161.04,211.64,86.57,54.34,69.19,116.27,27.5,0.0,0.0,0.0,3.08,3.3,2.31,2.75,0.0,819.5,11.44
18.0787,84.37,155.98,200.64,90.86,54.34,72.05,117.81,28.93,0.0,0.0,0.0,3.08,3.3,0.0,5.5,2.86,804.98,14.74
18.0887,77.44,150.92,187.88,93.72,55.77,74.8,121.11,30.36,0.0,0.0,0.0,3.08,0.0,0.0,4.07,2.86,792.0,10.01
18.0987,70.51,144.21,178.75,99.44,57.2,77.66,124.3,30.36,0.0,0.0,0.0,3.08,3.3,0.0,4.07,2.86,782.43,13.31
18.1087,65.34,137.5,167.97,103.73,58.63,80.52,132.33,31.68,0.0,0.0,0.0,0.0,0.0,0.0,4.07,0.0,777.7,4.07
18.1187,61.93,129.14,161.37,108.02,60.17,84.7,137.17,31.68,0.0,0.0,0.0,3.08,0.0,2.31,4.07,0.0,774.18,9.46
18.1287,56.76,120.78,154.77,110.88,63.03,86.13,142.01,34.43,0.0,0.0,0.0,0.0,0.0,2.31,2.75,0.0,768.79,5.06
18.1387,55.11,115.72,144.98,113.96,67.54,88.99,150.04,37.18,0.0,0.0,0.0,0.0,0.0,0.0,4.07,2.86,773.52,6.93
18.1487,51.59,105.82,138.38,118.58,68.97,94.6,158.07,41.36,0.0,0.0,0.0,0.0,0.0,0.0,4.07,0.0,777.37,4.07
18.1587,48.18,99.22,128.59,120.12,71.94,97.46,166.1,45.54,0.0,0.0,0.0,3.08,0.0,2.31,0.0,0.0,777.15,5.39
18.1687,46.42,92.73,121.99,126.28,76.34,101.75,177.76,49.61,0.0,0.0,0.0,0.0,0.0,0.0,0.0,0.0,792.88,0.0
18.1787,43.01,84.48,115.39,129.36,80.74,104.5,188.32,53.79,0.0,0.0,0.0,0.0,0.0,0.0,2.75,0.0,799.59,2.75
18.1887,39.6,76.34,106.04,135.63,83.71,107.36,198.77,59.4,0.0,0.0,0.0,3.08,0.0,0.0,2.75,2.86,806.85,8.69
18.1987,36.08,66.55,95.15,140.25,88.11,111.65,209.33,62.37,0.0,0.0,0.0,0.0,0.0,0.0,0.0,2.86,809.49,2.86
18.2087,34.43,59.95,87.34,144.87,92.51,116.16,219.89,68.31,0.0,0.0,0.0,0.0,0.0,0.0,2.75,2.86,823.46,5.61
18.2187,30.91,50.16,74.91,147.95,96.91,117.7,233.53,77.33,0.0,0.0,0.0,3.08,0.0,0.0,2.75,2.86,829.4,8.69
18.2287,29.26,42.13,60.94,151.14,104.28,123.86,248.93,84.7,0.0,0.0,0.0,0.0,0.0,0.0,2.75,2.86,845.24,5.61
18.2387,25.74,30.69,49.72,151.14,107.25,128.48,264.22,95.15,0.0,0.0,0.0,0.0,0.0,0.0,2.75,0.0,852.39,2.75
18.2487,25.74,22.66,35.86,149.49,110.22,128.48,279.51,104.17,0.0,0.0,0.0,0.0,0.0,0.0,0.0,0.0,856.13,0.0
18.2587,24.09,17.82,23.43,146.41,115.28,131.45,294.47,113.19,0.0,0.0,0.0,0.0,0.0,0.0,0.0,0.0,866.14,0.0
18.2687,20.57,14.52,17.93,138.71,117.04,132.99,311.08,125.51,0.0,0.0,0.0,0.0,0.0,0.0,0.0,0.0,878.35,0.0
18.2787,17.16,11.33,12.43,134.09,120.45,136.07,326.04,134.75,0.0,0.0,0.0,0.0,0.0,0.0,0.0,2.86,892.32,2.86
18.2887,13.75,9.68,12.43,126.28,122.1,139.15,339.79,144.1,0.0,0.0,0.0,0.0,0.0,0.0,0.0,0.0,907.28,0.0
18.2987,6.82,8.03,9.57,118.58,122.1,139.15,361.57,159.5,0.0,0.0,0.0,0.0,0.0,0.0,0.0,2.86,925.32,2.86
18.3087,3.41,6.38,8.25,103.73,120.45,142.23,381.59,173.8,0.0,0.0,0.0,0.0,0.0,0.0,0.0,0.0,939.84,0.0
18.3187,0.0,4.84,6.82,88.0,117.04,142.23,397.87,185.9,0.0,0.0,0.0,0.0,0.0,0.0,0.0,0.0,942.7,0.0
18.3287,0.0,4.84,6.82,72.27,113.63,140.69,414.15,198.0,0.0,0.0,0.0,3.08,0.0,0.0,0.0,2.86,950.4,5.94
18.3387,0.0,4.84,6.82,59.4,107.25,139.15,426.8,208.45,3.63,0.0,0.0,0.0,0.0,0.0,0.0,0.0,952.71,3.63
18.3487,0.0,4.84,6.82,48.4,99.88,137.61,437.69,217.14,3.63,0.0,0.0,3.08,0.0,0.0,0.0,0.0,952.38,6.71
18.3587,0.0,4.84,4.07,38.94,89.54,136.07,446.71,224.07,6.16,0.0,0.0,3.08,0.0,0.0,0.0,0.0,944.24,9.24
18.3687,0.0,4.84,5.5,28.38,80.74,130.02,457.6,230.89,13.53,0.0,0.0,0.0,3.3,0.0,2.75,0.0,937.97,19.58
18.3787,0.0,3.19,4.07,17.71,66.0,123.86,466.62,236.06,28.27,0.0,0.0,4.73,3.3,2.31,0.0,0.0,917.51,38.61
18.3887,0.0,4.84,5.5,10.56,52.91,114.62,470.25,234.3,44.33,0.0,0.0,4.73,3.3,3.52,0.0,0.0,892.98,55.88
18.3987,0.0,4.84,4.07,5.83,38.94,98.89,468.38,230.89,64.57,4.95,0.0,6.27,6.6,3.52,2.75,2.86,851.84,91.52
18.4087,0.0,4.84,4.07,5.83,30.58,83.38,455.73,225.72,96.8,107.14,37.18,7.92,8.25,4.73,2.75,0.0,810.15,264.77
18.4187,0.0,4.84,4.07,5.83,30.58,64.9,425.04,213.62,92.73,174.46,120.67,9.46,9.9,4.73,5.5,0.0,748.88,417.45
18.4287,0.0,4.84,5.5,4.73,30.58,45.87,359.81,201.52,82.06,220.0,179.52,57.2,24.75,10.67,9.57,8.8,652.85,592.57
18.4387,0.0,4.84,4.07,3.52,29.26,34.1,245.52,194.59,80.74,232.21,225.28,79.53,43.01,14.19,9.57,11.66,515.9,696.19
18.4487,0.0,4.84,4.07,2.31,25.08,27.5,130.68,182.49,82.06,237.49,248.38,87.01,61.05,12.98,13.75,14.63,376.97,757.35
18.4587,0.0,4.84,4.07,0.0,20.9,24.86,66.77,153.34,79.31,232.21,253.33,91.52,71.83,16.61,26.18,17.6,274.78,788.59
18.4687,0.0,4.84,4.07,0.0,18.04,20.9,44.88,102.63,77.99,237.49,258.28,95.92,73.37,20.13,38.61,22.0,195.36,823.79
18.4787,0.0,3.19,5.5,0.0,13.86,17.05,31.79,71.28,77.99,242.77,256.63,99.0,76.45,24.86,48.29,23.43,142.67,849.42
18.4887,0.0,3.19,2.75,0.0,9.68,11.77,24.53,44.11,76.67,248.05,248.38,107.91,78.1,29.59,51.04,24.86,96.03,864.6
18.4987,0.0,3.19,4.07,0.0,6.93,6.49,17.38,19.25,76.67,253.44,245.08,112.42,79.64,30.8,57.97,23.43,57.31,879.45
18.5087,0.0,0.0,0.0,0.0,4.18,3.85,10.12,11.0,76.67,260.48,241.78,118.69,81.18,34.32,62.37,24.86,29.15,900.35
18.5187,0.0,3.19,0.0,0.0,2.75,3.85,10.12,2.75,76.67,265.76,236.83,126.61,78.1,35.53,66.88,26.4,22.66,912.78
18.5287,0.0,3.19,2.75,0.0,0.0,2.53,7.15,2.75,74.03,269.28,231.88,132.88,82.72,37.95,72.82,27.83,18.37,929.39
18.5387,0.0,0.0,0.0,0.0,2.75,2.53,5.72,0.0,69.96,269.28,225.28,139.15,84.26,41.47,75.79,27.83,11.0,933.02
18.5487,0.0,0.0,2.75,0.0,2.75,2.53,7.15,2.75,66.0,265.76,217.03,142.34,85.8,44.99,81.84,26.4,17.93,930.16
18.5587,0.0,3.19,0.0,0.0,2.75,2.53,5.72,0.0,60.61,262.24,208.89,148.72,88.88,48.62,84.81,30.8,14.19,933.57
18.5687,0.0,0.0,2.75,0.0,0.0,2.53,5.72,0.0,54.23,253.44,197.45,156.53,88.88,50.93,92.29,30.8,11.0,924.55
18.5787,0.0,3.19,0.0,0.0,2.75,0.0,2.86,0.0,49.28,241.01,181.17,159.72,93.5,54.56,95.26,32.23,8.8,906.73
18.5887,0.0,3.19,2.75,0.0,0.0,2.53,4.29,0.0,43.12,228.69,166.65,164.45,96.69,57.2,96.69,30.8,12.76,884.29
18.5987,0.0,3.19,2.75,0.0,0.0,0.0,4.29,0.0,36.96,213.29,155.87,171.27,98.23,60.28,101.2,30.8,10.23,867.9
18.6087,0.0,3.19,0.0,0.0,0.0,0.0,4.29,0.0,34.43,201.41,140.58,176.44,99.77,64.79,102.74,33.66,7.48,853.82
18.6187,0.0,3.19,0.0,0.0,0.0,2.53,4.29,0.0,32.01,191.29,126.83,181.61,101.31,64.79,105.71,33.66,10.01,837.21
18.6287,0.0,0.0,2.75,0.0,0.0,0.0,2.86,0.0,29.59,179.52,111.43,188.54,102.85,69.3,105.71,35.2,5.61,822.14
18.6387,0.0,0.0,2.75,0.0,0.0,0.0,2.86,0.0,27.06,166.1,99.0,193.71,102.85,72.27,110.22,35.2,5.61,806.41
18.6487,0.0,0.0,0.0,0.0,0.0,0.0,2.86,0.0,25.85,151.25,83.49,200.64,105.93,75.35,111.65,36.63,2.86,790.79
18.6587,0.0,0.0,0.0,0.0,0.0,0.0,0.0,0.0,23.43,139.7,74.25,200.64,109.01,78.32,117.81,36.63,0.0,779.79
18.6687,0.0,0.0,2.75,0.0,0.0,0.0,0.0,0.0,20.9,124.96,64.9,207.46,112.09,76.78,122.43,38.06,2.75,767.58
18.6787,0.0,0.0,2.75,0.0,0.0,0.0,0.0,0.0,19.69,111.76,57.2,207.46,113.63,82.83,128.59,35.2,2.75,756.36
18.6887,0.0,3.19,0.0,0.0,0.0,0.0,0.0,0.0,18.48,102.52,50.05,209.22,116.82,85.91,131.56,38.06,3.19,752.62
18.6987,0.0,0.0,2.75,0.0,0.0,0.0,0.0,0.0,17.16,90.2,44.33,212.74,120.12,87.34,139.26,39.6,2.75,750.75
18.7087,0.0,3.19,0.0,0.0,0.0,0.0,0.0,0.0,15.95,82.5,38.61,214.39,123.31,90.42,145.42,39.6,3.19,750.2
18.7187,0.0,3.19,0.0,0.0,0.0,0.0,0.0,0.0,14.74,71.72,32.89,216.15,128.15,90.42,151.47,42.46,3.19,748.0
18.7287,0.0,0.0,2.75,0.0,0.0,0.0,0.0,0.0,14.74,64.02,27.17,216.15,129.8,94.93,159.17,42.46,2.75,748.44
18.7387,0.0,0.0,0.0,0.0,0.0,0.0,0.0,0.0,14.74,54.45,21.45,217.91,131.45,97.9,166.87,42.46,0.0,747.23
18.7487,0.0,3.19,2.75,0.0,0.0,0.0,0.0,0.0,13.53,46.2,17.16,216.15,136.29,100.98,171.71,42.46,5.94,744.48
18.7587,0.0,0.0,0.0,0.0,0.0,0.0,0.0,0.0,14.74,39.6,12.87,214.39,137.94,100.98,184.69,44.0,0.0,749.21
18.7687,0.0,0.0,0.0,0.0,0.0,0.0,0.0,0.0,13.53,29.7,10.01,212.74,139.59,105.49,192.83,45.43,0.0,749.32
18.7787,0.0,0.0,2.75,0.0,0.0,0.0,0.0,0.0,12.32,19.8,8.58,209.22,141.13,110.0,204.16,45.43,2.75,750.64
18.7887,0.0,0.0,2.75,0.0,0.0,0.0,0.0,0.0,9.79,18.15,8.58,200.64,141.13,113.08,221.98,48.4,2.75,761.75
18.7987,0.0,0.0,2.75,0.0,0.0,0.0,0.0,0.0,7.37,14.85,8.58,190.19,142.78,116.49,242.33,48.4,2.75,770.99
18.8087,0.0,0.0,0.0,0.0,0.0,0.0,0.0,0.0,4.84,11.55,5.72,181.61,147.62,121.77,261.25,54.23,0.0,788.59
18.8187,0.0,3.19,2.75,0.0,0.0,0.0,0.0,0.0,4.84,9.9,5.72,169.51,150.92,128.7,276.76,61.82,5.94,808.17
18.8287,0.0,3.19,0.0,0.0,0.0,0.0,0.0,0.0,3.63,8.25,4.29,161.26,154.11,128.7,298.87,69.52,3.19,828.63
18.8387,0.0,0.0,2.75,0.0,0.0,0.0,0.0,0.0,3.63,6.6,4.29,150.26,152.46,132.22,314.16,78.65,2.75,842.27
18.8487,0.0,0.0,2.75,0.0,0.0,0.0,0.0,0.0,2.42,6.6,2.86,137.61,155.76,135.63,331.21,89.43,2.75,861.52
18.8587,0.0,0.0,0.0,0.0,0.0,0.0,0.0,0.0,0.0,4.95,2.86,120.23,157.41,133.87,353.43,97.02,0.0,869.77
18.8687,0.0,0.0,2.75,0.0,0.0,0.0,0.0,0.0,0.0,4.95,4.29,103.4,157.41,133.87,370.48,104.72,2.75,879.12
18.8787,0.0,0.0,0.0,0.0,0.0,0.0,0.0,0.0,0.0,3.3,0.0,85.58,154.11,132.22,387.53,113.96,0.0,876.7
18.8887,3.41,0.0,0.0,0.0,0.0,0.0,0.0,0.0,0.0,4.95,2.86,69.08,150.92,130.46,403.37,120.34,3.41,881.98
18.8987,6.82,0.0,0.0,0.0,0.0,0.0,0.0,0.0,0.0,4.95,0.0,58.74,149.27,125.18,412.39,125.18,6.82,875.71
18.9087,15.4,0.0,0.0,0.0,0.0,0.0,0.0,0.0,0.0,3.3,2.86,46.2,141.13,121.77,417.78,128.37,15.4,861.41
18.9187,41.25,0.0,0.0,3.52,0.0,2.53,0.0,0.0,0.0,0.0,2.86,36.63,136.29,118.25,423.06,129.91,47.3,847.0
18.9287,65.34,0.0,0.0,2.31,4.18,2.53,0.0,0.0,0.0,4.95,2.86,23.87,126.61,110.0,419.54,131.56,74.36,819.39
18.9387,89.54,0.0,0.0,3.52,5.5,3.85,0.0,0.0,0.0,4.95,0.0,14.3,113.63,99.44,415.91,128.37,102.41,776.6
18.9487,115.39,9.68,40.04,5.83,4.18,2.53,0.0,0.0,0.0,3.3,2.86,14.3,96.69,84.37,401.61,126.72,177.65,729.85
18.9587,125.84,96.03,120.34,7.04,6.93,5.17,2.86,2.75,0.0,0.0,0.0,15.84,78.1,72.27,375.54,121.99,366.96,663.74
18.9687,118.91,144.21,176.88,35.42,6.93,6.49,4.29,4.07,0.0,3.3,2.86,15.84,57.97,55.77,331.21,123.53,497.2,590.48
18.9787,115.39,162.69,220.77,56.76,18.04,10.45,8.69,9.57,0.0,3.3,2.86,15.84,51.26,46.2,238.92,131.56,602.36,489.94
18.9887,115.39,162.69,245.74,60.83,32.01,24.86,28.93,17.93,0.0,3.3,2.86,12.65,43.01,34.32,136.18,139.48,688.38,371.8
18.9987,118.91,162.69,267.08,65.12,37.62,37.95,53.57,20.68,0.0,0.0,0.0,12.65,34.76,26.07,66.88,117.15,763.62,257.51
19.0087,120.67,164.34,277.75,66.55,43.12,48.51,77.22,23.43,0.0,0.0,0.0,11.11,28.05,21.34,39.93,81.73,821.59,182.16
19.0187,124.19,164.34,290.73,65.12,47.3,55.11,96.58,23.43,0.0,3.3,0.0,9.46,21.45,15.4,31.68,58.74,866.8,140.03
19.0287,129.36,167.75,298.21,66.55,48.73,57.86,110.0,26.18,0.0,3.3,0.0,6.27,18.15,11.77,22.0,46.86,904.64,108.35
19.0387,132.88,171.27,303.82,65.12,51.48,62.15,116.27,27.5,0.0,3.3,0.0,6.27,9.9,9.46,15.18,33.66,930.49,77.77
19.0487,136.4,173.03,303.82,66.55,54.34,62.15,122.65,28.93,0.0,3.3,0.0,4.73,8.25,4.73,13.75,19.03,947.87,53.79
19.0587,139.92,176.55,309.43,67.98,54.34,63.58,124.3,27.5,0.0,0.0,0.0,6.27,6.6,3.52,11.0,5.83,963.6,33.22
19.0687,141.57,178.31,307.56,66.55,54.34,63.58,127.49,27.5,0.0,0.0,0.0,3.08,4.95,2.31,8.25,5.83,966.9,24.42
19.0787,139.92,178.31,303.82,67.98,54.34,66.33,125.84,28.93,0.0,0.0,0.0,4.73,0.0,3.52,8.25,4.4,965.47,20.9
19.0887,136.4,176.55,298.21,69.41,55.77,66.33,129.14,30.36,0.0,0.0,0.0,4.73,4.95,2.31,8.25,4.4,962.17,24.64
19.0987,132.88,173.03,288.86,70.84,55.77,66.33,129.14,30.36,0.0,0.0,0.0,4.73,3.3,3.52,6.82,4.4,947.21,22.77
19.1087,125.84,167.75,283.25,72.27,55.77,69.19,132.33,31.68,0.0,0.0,0.0,3.08,3.3,3.52,5.5,2.86,938.08,18.26
19.1187,117.15,164.34,272.47,72.27,55.77,69.19,132.33,30.36,0.0,0.0,0.0,4.73,3.3,2.31,5.5,2.86,913.88,18.7
19.1287,110.22,157.63,259.93,73.7,55.77,72.05,132.33,31.68,0.0,0.0,0.0,3.08,3.3,3.52,2.75,0.0,893.31,12.65
19.1387,103.29,152.68,249.26,75.13,57.2,72.05,135.52,31.68,0.0,0.0,0.0,3.08,0.0,2.31,5.5,2.86,876.81,13.75
19.1487,94.71,145.97,236.83,77.99,55.77,73.48,135.52,30.36,0.0,0.0,0.0,3.08,0.0,0.0,4.07,2.86,850.63,10.01
19.1587,86.02,140.91,224.4,80.85,57.2,74.8,135.52,31.68,0.0,0.0,0.0,3.08,3.3,3.52,2.75,0.0,831.38,12.65
19.1687,79.2,134.2,213.4,83.71,57.2,74.8,137.17,33.11,0.0,0.0,0.0,3.08,0.0,2.31,4.07,2.86,812.79,12.32
19.1787,72.27,129.14,197.01,86.57,58.63,79.09,135.52,34.43,0.0,0.0,0.0,3.08,0.0,2.31,0.0,0.0,792.66,5.39
19.1887,65.34,120.78,186.01,88.0,57.2,79.09,142.01,34.43,0.0,0.0,0.0,3.08,0.0,0.0,0.0,2.86,772.86,5.94
19.1987,61.93,114.07,175.01,90.86,60.17,80.52,143.55,35.86,0.0,0.0,0.0,3.08,0.0,0.0,2.75,0.0,761.97,5.83
19.2087,58.52,105.82,167.97,92.29,63.03,81.95,148.39,35.86,0.0,0.0,0.0,3.08,0.0,0.0,0.0,0.0,753.83,3.08
19.2187,55.11,100.87,158.07,95.15,64.57,86.13,153.23,39.93,0.0,0.0,0.0,3.08,0.0,0.0,2.75,0.0,753.06,5.83
19.2287,53.35,94.38,149.93,99.44,66.0,88.99,161.26,42.68,0.0,0.0,0.0,0.0,0.0,0.0,0.0,0.0,756.03,0.0
19.2387,49.94,87.78,141.68,100.87,70.4,91.85,169.29,45.54,0.0,0.0,0.0,0.0,0.0,0.0,2.75,2.86,757.35,5.61
19.2487,48.18,81.29,135.08,102.3,74.8,91.85,174.24,46.86,0.0,0.0,0.0,0.0,0.0,0.0,2.75,0.0,754.6,2.75
19.2587,46.42,73.04,128.59,105.16,77.77,94.6,184.8,52.36,0.0,0.0,0.0,0.0,0.0,0.0,0.0,0.0,762.74,0.0
19.2687,43.01,69.74,120.34,108.02,82.17,98.89,197.12,56.54,0.0,0.0,0.0,0.0,0.0,0.0,0.0,0.0,775.83,0.0
19.2787,41.25,64.9,113.85,110.88,86.57,103.07,207.57,59.4,0.0,0.0,0.0,3.08,0.0,0.0,0.0,0.0,787.49,3.08
19.2886,37.84,58.3,107.58,115.5,89.54,104.5,216.37,66.88,0.0,0.0,0.0,0.0,0.0,0.0,0.0,0.0,796.51,0.0
19.2986,36.08,51.81,99.77,118.58,93.94,110.22,230.12,71.28,0.0,0.0,0.0,0.0,0.0,0.0,0.0,0.0,811.8,0.0
19.3086,32.67,45.32,87.34,123.2,96.91,111.65,242.11,78.76,0.0,0.0,0.0,0.0,0.0,0.0,0.0,0.0,817.96,0.0
19.3186,30.91,38.83,76.45,123.2,102.85,114.62,253.99,83.27,0.0,0.0,0.0,0.0,0.0,0.0,0.0,0.0,824.12,0.0
19.3286,29.26,32.34,64.02,127.82,107.25,120.78,267.63,92.18,0.0,0.0,0.0,0.0,0.0,0.0,0.0,0.0,841.28,0.0
19.3386,27.5,25.85,53.79,129.36,113.63,123.86,281.16,101.2,0.0,0.0,0.0,3.08,0.0,0.0,0.0,0.0,856.35,3.08
19.3486,25.74,21.01,41.36,129.36,117.04,128.48,292.82,105.6,0.0,0.0,0.0,3.08,0.0,0.0,0.0,2.86,861.41,5.94
19.3586,22.33,16.17,27.61,129.36,122.1,128.48,306.02,117.81,0.0,0.0,0.0,0.0,0.0,0.0,0.0,0.0,869.88,0.0
19.3686,20.57,12.87,19.25,127.82,125.51,132.99,321.09,127.05,0.0,0.0,0.0,0.0,0.0,0.0,0.0,0.0,887.15,0.0
19.3786,17.16,11.33,16.5,126.28,125.51,134.53,334.4,136.29,0.0,0.0,0.0,0.0,0.0,0.0,0.0,0.0,902.0,0.0
19.3886,13.75,9.68,12.43,117.04,127.27,136.07,354.31,147.18,0.0,0.0,0.0,0.0,0.0,0.0,0.0,0.0,917.73,0.0
19.3986,8.58,6.38,11.0,108.02,127.27,139.15,372.46,159.5,0.0,0.0,0.0,0.0,0.0,0.0,0.0,0.0,932.36,0.0
19.4086,0.0,4.84,9.57,96.58,125.51,140.69,388.74,168.74,0.0,0.0,0.0,0.0,0.0,0.0,0.0,0.0,934.67,0.0
19.4186,0.0,4.84,6.82,80.85,120.45,139.15,405.13,180.73,0.0,0.0,0.0,0.0,0.0,0.0,0.0,0.0,937.97,0.0
19.4286,0.0,4.84,6.82,67.98,115.28,140.69,419.54,191.07,0.0,0.0,0.0,0.0,0.0,0.0,0.0,0.0,946.22,0.0
19.4386,0.0,4.84,5.5,56.76,108.68,139.15,428.67,201.52,3.63,0.0,0.0,0.0,0.0,0.0,0.0,0.0,945.12,3.63
19.4486,0.0,3.19,6.82,46.09,99.88,137.61,439.56,208.45,4.84,0.0,0.0,0.0,0.0,0.0,0.0,0.0,941.6,4.84
19.4586,0.0,3.19,5.5,34.21,92.51,134.53,453.97,220.55,6.16,0.0,0.0,0.0,0.0,0.0,0.0,0.0,944.46,6.16
19.4686,0.0,3.19,5.5,23.65,80.74,126.94,464.75,227.48,13.53,0.0,0.0,0.0,0.0,0.0,0.0,0.0,932.25,13.53
19.4786,0.0,3.19,5.5,15.29,68.97,120.78,475.64,232.65,27.06,3.3,0.0,3.08,3.3,0.0,0.0,0.0,922.02,36.74
19.4886,0.0,3.19,5.5,8.25,55.77,110.22,481.03,237.71,38.17,0.0,0.0,4.73,0.0,0.0,0.0,0.0,901.67,42.9
19.4986,0.0,3.19,4.07,5.83,40.37,97.46,481.03,236.06,49.28,0.0,0.0,4.73,4.95,2.31,0.0,0.0,868.01,61.27
19.5086,0.0,3.19,5.5,5.83,30.58,81.95,466.62,230.89,66.0,3.3,0.0,6.27,6.6,2.31,0.0,0.0,824.56,84.48
19.5186,0.0,4.84,5.5,4.73,29.26,64.9,439.56,222.31,94.05,91.74,8.58,4.73,8.25,5.83,4.07,2.86,771.1,220.11
19.5286,0.0,3.19,5.5,3.52,29.26,51.15,386.98,211.86,102.08,179.52,67.98,7.92,8.25,4.73,2.75,0.0,691.46,373.23
19.5386,0.0,3.19,5.5,2.31,29.26,39.27,291.06,206.69,91.41,232.21,123.75,14.3,13.2,7.04,5.5,2.86,577.28,490.27
19.5486,0.0,4.84,5.5,2.31,26.4,28.82,174.24,203.28,86.02,269.28,169.73,64.68,18.15,10.67,6.82,5.83,445.39,631.18
19.5586,0.0,4.84,5.5,2.31,23.65,27.5,93.61,185.9,84.7,276.43,199.1,89.98,31.46,12.98,12.32,8.8,343.31,715.77
19.5686,0.0,4.84,2.75,2.31,20.9,24.86,55.0,139.37,83.38,278.08,213.73,103.4,41.36,14.19,11.0,11.66,250.03,756.8
19.5786,0.0,4.84,4.07,0.0,16.72,19.58,40.48,99.66,80.74,278.08,220.33,110.88,54.56,15.4,11.0,13.2,185.35,784.19
19.5886,0.0,3.19,2.75,0.0,12.54,17.05,30.36,69.85,76.67,276.43,223.63,120.23,64.13,15.4,13.75,14.63,135.74,804.87
19.5986,0.0,3.19,2.75,0.0,6.93,11.77,23.1,42.68,76.67,278.08,228.58,126.61,68.75,17.71,22.0,17.6,90.42,836.0
19.6086,0.0,0.0,2.75,0.0,5.5,7.81,12.98,23.43,77.99,281.38,231.88,126.61,73.37,20.13,26.18,19.03,52.47,856.57
19.6186,0.0,3.19,2.75,0.0,2.75,5.17,11.55,9.57,77.99,281.38,235.18,131.34,74.91,23.65,35.86,20.46,34.98,880.77
19.6286,0.0,0.0,2.75,0.0,2.75,3.85,8.69,4.07,77.99,279.73,238.48,128.15,79.64,28.38,42.68,22.0,22.11,897.05
19.6386,0.0,0.0,0.0,0.0,2.75,3.85,8.69,2.75,79.31,279.73,243.43,128.15,79.64,32.01,55.11,22.0,18.04,919.38
19.6486,0.0,0.0,2.75,0.0,0.0,2.53,7.15,2.75,76.67,271.04,243.43,128.15,81.18,36.74,68.31,24.86,15.18,930.38
19.6586,0.0,3.19,2.75,0.0,0.0,0.0,7.15,0.0,75.35,265.76,251.68,126.61,82.72,40.26,75.79,26.4,13.09,944.57
19.6686,0.0,3.19,4.07,0.0,0.0,2.53,5.72,0.0,74.03,255.2,253.33,126.61,84.26,43.89,87.78,27.83,15.51,952.93
19.6786,0.0,3.19,2.75,0.0,0.0,2.53,5.72,0.0,69.96,246.29,253.33,120.23,85.8,47.41,96.69,29.26,14.19,948.97
19.6886,0.0,3.19,4.07,0.0,0.0,2.53,4.29,0.0,66.0,233.97,250.03,121.88,88.88,50.93,101.2,30.8,14.08,943.69
19.6986,0.0,0.0,0.0,0.0,0.0,2.53,4.29,0.0,60.61,221.65,238.48,123.42,93.5,52.14,111.65,29.26,6.82,930.71
19.7086,0.0,0.0,2.75,0.0,0.0,2.53,4.29,0.0,56.65,214.94,226.93,121.88,93.5,53.35,116.27,32.23,9.57,915.75
19.7186,0.0,0.0,0.0,0.0,0.0,0.0,2.86,0.0,50.49,204.82,212.19,123.42,96.69,58.74,117.81,33.66,2.86,897.82
19.7286,0.0,0.0,0.0,0.0,0.0,0.0,2.86,0.0,45.54,196.35,195.8,124.96,98.23,60.28,122.43,33.66,2.86,877.25
19.7386,0.0,3.19,2.75,0.0,0.0,0.0,2.86,0.0,40.7,186.23,177.87,131.34,101.31,61.71,125.51,33.66,8.8,858.33
19.7486,0.0,0.0,0.0,0.0,0.0,0.0,0.0,0.0,35.75,172.81,160.49,136.07,101.31,66.22,131.56,35.2,0.0,839.41
19.7586,0.0,3.19,0.0,0.0,0.0,0.0,0.0,0.0,32.01,159.5,140.58,139.15,107.47,70.84,137.72,35.2,3.19,822.47
19.7686,0.0,0.0,0.0,0.0,0.0,0.0,0.0,0.0,29.59,149.6,125.29,140.8,107.47,73.81,140.8,36.63,0.0,803.99
19.7786,0.0,0.0,0.0,0.0,0.0,2.53,0.0,0.0,27.06,134.86,111.43,142.34,110.55,76.78,148.39,39.6,2.53,791.01
19.7886,0.0,0.0,2.75,0.0,0.0,0.0,0.0,0.0,25.85,123.31,97.46,143.99,116.82,81.4,154.55,38.06,2.75,781.44
19.7986,0.0,0.0,2.75,0.0,0.0,0.0,0.0,0.0,23.43,111.76,88.22,145.53,115.28,81.4,165.33,39.6,2.75,770.55
19.8086,0.0,0.0,0.0,0.0,0.0,0.0,0.0,0.0,22.11,102.52,78.87,145.53,118.47,85.91,173.36,38.06,0.0,764.83
19.8186,0.0,0.0,0.0,0.0,0.0,0.0,0.0,0.0,22.11,93.28,69.52,145.53,126.61,85.91,183.15,41.03,0.0,767.14
19.8286,0.0,0.0,2.75,0.0,0.0,0.0,0.0,0.0,19.69,80.96,61.82,143.99,131.45,88.88,194.48,44.0,2.75,765.27
19.8386,0.0,0.0,0.0,0.0,0.0,0.0,0.0,0.0,18.48,70.18,54.34,143.99,136.29,91.96,204.16,44.0,0.0,763.4
19.8486,0.0,3.19,2.75,0.0,0.0,0.0,0.0,0.0,18.48,59.4,44.33,140.8,141.13,94.93,213.95,44.0,5.94,757.02
19.8586,0.0,0.0,2.75,0.0,0.0,0.0,0.0,0.0,17.16,51.15,38.61,139.15,144.43,96.47,225.28,46.86,2.75,759.11
19.8686,0.0,0.0,0.0,0.0,0.0,0.0,0.0,0.0,17.16,39.6,32.89,136.07,147.62,99.44,240.68,49.83,0.0,763.29
19.8786,0.0,0.0,2.75,0.0,0.0,0.0,0.0,0.0,15.95,29.7,24.31,131.34,154.11,102.52,250.91,51.26,2.75,760.1
19.8886,0.0,3.19,2.75,0.0,0.0,0.0,0.0,0.0,15.95,24.75,20.02,126.61,158.95,99.44,266.42,58.74,5.94,770.88
19.8986,0.0,3.19,2.75,0.0,0.0,0.0,0.0,0.0,15.95,21.45,12.87,123.42,163.9,103.95,280.17,61.82,5.94,783.53
19.9086,0.0,0.0,2.75,0.0,0.0,0.0,0.0,0.0,12.32,14.85,10.01,121.88,167.09,105.49,293.81,66.44,2.75,791.89
19.9186,0.0,3.19,2.75,0.0,0.0,0.0,0.0,0.0,9.79,14.85,10.01,117.15,175.78,107.03,305.69,71.06,5.94,811.36
19.9286,0.0,0.0,0.0,0.0,0.0,0.0,0.0,0.0,8.58,14.85,8.58,117.15,175.78,110.0,322.74,80.19,0.0,837.87
19.9386,0.0,0.0,2.75,0.0,0.0,0.0,0.0,0.0,6.16,9.9,8.58,112.42,181.17,111.54,339.79,90.97,2.75,860.53
19.9486,0.0,0.0,2.75,0.0,0.0,0.0,0.0,0.0,4.84,11.55,5.72,104.94,186.56,116.49,353.43,98.56,2.75,882.09
19.9586,0.0,0.0,2.75,0.0,0.0,0.0,0.0,0.0,3.63,9.9,5.72,95.92,186.56,116.49,375.54,109.34,2.75,903.1
19.9686,0.0,0.0,0.0,0.0,0.0,0.0,0.0,0.0,2.42,4.95,2.86,85.58,186.56,120.01,389.18,118.8,0.0,910.36
19.9786,0.0,0.0,0.0,0.0,0.0,0.0,0.0,0.0,2.42,4.95,4.29,73.59,184.8,118.25,403.37,126.72,0.0,918.39
19.9886,3.41,0.0,0.0,0.0,0.0,0.0,0.0,0.0,0.0,3.3,2.86,64.68,181.17,116.49,415.91,133.1,3.41,917.51
19.9986,3.41,0.0,0.0,0.0,0.0,0.0,0.0,0.0,0.0,3.3,2.86,55.77,173.91,114.73,424.93,139.48,3.41,914.98
20.0086,8.58,0.0,0.0,0.0,0.0,0.0,0.0,0.0,2.42,6.6,4.29,44.55,167.09,110.0,435.6,142.78,8.58,913.33
20.0186,17.16,0.0,0.0,2.31,2.75,0.0,0.0,0.0,0.0,4.95,4.29,34.98,157.41,108.46,442.75,147.51,22.22,900.35
20.0286,41.25,0.0,0.0,2.31,2.75,0.0,0.0,0.0,0.0,3.3,0.0,25.41,150.92,103.95,446.38,149.16,46.31,879.12
20.0386,65.34,0.0,0.0,3.52,4.18,2.53,0.0,0.0,0.0,3.3,0.0,15.84,141.13,96.47,451.88,145.97,75.57,854.59
20.0486,86.02,0.0,0.0,3.52,4.18,3.85,0.0,0.0,0.0,3.3,2.86,11.11,129.8,85.91,451.88,149.16,97.57,834.02
20.0586,105.05,0.0,5.5,4.73,4.18,2.53,0.0,0.0,0.0,3.3,2.86,9.46,112.09,76.78,439.23,145.97,121.99,789.69
20.0686,120.67,53.46,81.07,5.83,5.5,5.17,2.86,0.0,0.0,4.95,2.86,9.46,96.69,61.71,424.93,137.94,274.56,738.54
20.0786,111.87,114.07,131.89,11.77,6.93,5.17,2.86,2.75,0.0,4.95,2.86,11.11,78.1,49.83,396.22,133.1,387.31,676.17
20.0886,105.05,147.62,171.38,48.4,11.11,7.81,7.15,5.5,0.0,4.95,2.86,11.11,59.51,41.47,355.08,121.99,504.02,596.97
20.0986,105.05,157.63,202.51,62.26,26.4,14.41,12.98,12.32,0.0,3.3,0.0,12.65,51.26,33.22,278.52,121.99,593.56,500.94
20.1086,106.7,162.69,222.64,67.98,34.76,27.5,30.36,17.93,0.0,3.3,0.0,14.3,44.66,28.38,168.52,120.34,670.56,379.5
20.1186,110.22,166.1,233.31,70.84,41.8,37.95,55.0,19.25,0.0,3.3,2.86,9.46,36.41,24.86,92.29,106.26,734.47,275.44
20.1286,111.87,171.27,243.98,72.27,45.98,45.87,74.25,20.68,0.0,0.0,0.0,9.46,31.46,20.13,46.86,78.65,786.17,186.56
20.1386,117.15,174.79,249.26,73.7,47.3,52.47,87.67,23.43,0.0,3.3,0.0,7.92,24.75,15.4,33.11,51.26,825.77,135.74
20.1486,118.91,181.83,256.41,75.13,48.73,56.43,96.58,24.75,0.0,3.3,0.0,4.73,18.15,12.98,24.75,44.0,858.77,107.91
20.1586,122.43,185.35,258.17,77.99,50.16,59.29,102.63,24.75,0.0,3.3,0.0,6.27,14.85,9.46,17.93,32.23,880.77,84.04
20.1686,125.84,190.63,259.93,79.42,50.16,62.15,104.06,23.43,0.0,0.0,0.0,4.73,11.55,7.04,15.18,17.6,895.62,56.1
20.1786,129.36,195.91,261.69,79.42,52.91,62.15,108.57,26.18,0.0,3.3,0.0,3.08,8.25,4.73,9.57,7.26,916.19,36.19
20.1886,131.12,199.43,263.56,79.42,54.34,63.58,110.0,26.18,0.0,0.0,0.0,3.08,4.95,3.52,9.57,5.83,927.63,26.95
20.1986,132.88,199.43,261.69,80.85,54.34,63.58,110.0,26.18,0.0,0.0,0.0,3.08,4.95,3.52,6.82,4.4,928.95,22.77
20.2086,131.12,199.43,259.93,80.85,54.34,64.9,108.57,26.18,0.0,0.0,0.0,3.08,4.95,2.31,8.25,4.4,925.32,22.99
20.2186,129.36,197.67,252.89,82.28,52.91,66.33,111.54,27.5,0.0,0.0,0.0,0.0,4.95,2.31,8.25,4.4,920.48,19.91
20.2286,124.19,194.15,247.5,83.71,54.34,66.33,111.54,26.18,0.0,3.3,0.0,3.08,0.0,2.31,6.82,4.4,907.94,19.91
20.2386,118.91,188.87,240.35,82.28,54.34,67.76,110.0,26.18,0.0,0.0,0.0,3.08,3.3,0.0,6.82,2.86,888.69,16.06
20.2486,111.87,183.59,235.07,85.14,52.91,66.33,110.0,24.75,0.0,0.0,0.0,3.08,0.0,2.31,4.07,2.86,869.66,12.32
20.2586,106.7,178.31,224.4,86.57,54.34,69.19,111.54,26.18,0.0,0.0,0.0,3.08,3.3,2.31,5.5,2.86,857.23,17.05
20.2686,99.88,173.03,218.9,88.0,54.34,69.19,111.54,27.5,0.0,0.0,0.0,0.0,0.0,2.31,4.07,2.86,842.38,9.24
20.2786,92.95,166.1,208.01,92.29,54.34,70.62,110.0,26.18,0.0,0.0,0.0,3.08,3.3,0.0,5.5,2.86,820.49,14.74
20.2886,86.02,162.69,200.64,95.15,54.34,73.48,113.08,27.5,0.0,0.0,0.0,3.08,3.3,2.31,4.07,2.86,812.9,15.62
20.2986,80.85,157.63,191.51,98.01,55.77,74.8,116.27,28.93,0.0,0.0,0.0,0.0,0.0,0.0,5.5,2.86,803.77,8.36
20.3086,75.68,150.92,184.14,100.87,57.2,77.66,119.46,27.5,0.0,0.0,0.0,0.0,0.0,0.0,4.07,0.0,793.43,4.07
20.3186,70.51,145.97,175.01,103.73,58.63,80.52,121.11,27.5,0.0,0.0,0.0,3.08,0.0,0.0,4.07,2.86,782.98,10.01
20.3286,65.34,139.26,167.97,106.59,60.17,83.38,127.49,28.93,0.0,0.0,0.0,0.0,0.0,2.31,2.75,0.0,779.13,5.06
20.3386,61.93,132.55,163.02,108.02,60.17,86.13,133.98,31.68,0.0,0.0,0.0,0.0,0.0,0.0,4.07,2.86,777.48,6.93
20.3486,58.52,125.84,158.07,112.42,64.57,90.42,138.71,33.11,0.0,0.0,0.0,0.0,0.0,0.0,0.0,0.0,781.66,0.0
20.3586,55.11,119.13,149.93,117.04,66.0,91.85,146.85,37.18,0.0,0.0,0.0,0.0,0.0,0.0,2.75,0.0,783.09,2.75
20.3686,53.35,112.42,144.98,118.58,68.97,96.03,151.58,39.93,0.0,0.0,0.0,0.0,0.0,0.0,0.0,2.86,785.84,2.86
20.3786,51.59,105.82,138.38,123.2,71.94,96.03,158.07,44.11,0.0,0.0,0.0,3.08,0.0,0.0,0.0,2.86,789.14,5.94
20.3886,48.18,97.68,133.43,124.74,74.8,100.32,166.1,46.86,0.0,0.0,0.0,0.0,0.0,0.0,2.75,0.0,792.11,2.75
20.3986,44.77,91.08,125.29,129.36,77.77,103.07,176.0,55.11,0.0,0.0,0.0,0.0,0.0,0.0,2.75,0.0,802.45,2.75
20.4086,43.01,82.94,117.04,130.9,80.74,110.22,188.32,59.4,0.0,0.0,0.0,0.0,0.0,0.0,0.0,0.0,812.57,0.0
20.4186,39.6,74.69,106.04,137.17,88.11,111.65,202.29,66.88,0.0,0.0,0.0,0.0,0.0,0.0,2.75,0.0,826.43,2.75
20.4286,36.08,64.9,96.69,141.79,91.08,116.16,212.85,74.36,0.0,0.0,0.0,0.0,0.0,0.0,0.0,0.0,833.91,0.0
20.4386,34.43,55.11,87.34,141.79,93.94,120.78,223.41,83.27,0.0,0.0,0.0,0.0,0.0,0.0,0.0,2.86,840.07,2.86
20.4486,30.91,46.97,74.91,146.41,99.88,120.78,235.29,89.21,0.0,0.0,0.0,0.0,0.0,0.0,2.75,0.0,844.36,2.75
20.4586,29.26,38.83,62.48,146.41,102.85,125.4,247.17,95.15,0.0,0.0,0.0,0.0,0.0,0.0,0.0,2.86,847.55,2.86
20.4686,29.26,30.69,51.04,151.14,104.28,126.94,257.4,104.17,0.0,0.0,0.0,0.0,0.0,0.0,0.0,0.0,854.92,0.0
20.4786,25.74,25.85,41.36,149.49,110.22,131.45,271.04,113.19,0.0,0.0,0.0,0.0,0.0,0.0,0.0,0.0,868.34,0.0
20.4886,25.74,19.36,31.68,149.49,113.63,131.45,281.16,122.43,0.0,0.0,0.0,0.0,0.0,0.0,0.0,0.0,874.94,0.0
20.4986,24.09,16.17,20.68,149.49,115.28,134.53,294.47,128.59,2.42,0.0,0.0,0.0,0.0,0.0,0.0,0.0,883.3,2.42
20.5086,20.57,14.52,15.18,143.33,117.04,136.07,306.02,139.37,3.63,3.3,0.0,0.0,0.0,0.0,0.0,0.0,892.1,6.93
20.5186,15.4,11.33,12.43,138.71,117.04,137.61,319.33,147.18,2.42,3.3,0.0,0.0,0.0,0.0,0.0,2.86,899.03,8.58
20.5286,11.99,11.33,9.57,129.36,118.69,139.15,334.4,157.96,3.63,0.0,0.0,0.0,0.0,0.0,0.0,0.0,912.45,3.63
20.5386,5.06,8.03,8.25,118.58,117.04,139.15,347.05,167.2,3.63,0.0,0.0,0.0,0.0,0.0,0.0,0.0,910.36,3.63
20.5486,0.0,6.38,8.25,106.59,111.87,140.69,359.81,173.8,4.84,0.0,0.0,3.08,0.0,0.0,0.0,0.0,907.39,7.92
20.5586,0.0,4.84,5.5,93.72,110.22,140.69,367.07,180.73,6.16,0.0,0.0,0.0,0.0,0.0,0.0,0.0,902.77,6.16
20.5686,0.0,4.84,5.5,80.85,102.85,139.15,376.09,189.42,9.79,0.0,0.0,3.08,0.0,2.31,0.0,0.0,898.7,15.18
20.5786,0.0,4.84,6.82,67.98,98.34,139.15,379.72,194.59,15.95,0.0,0.0,3.08,3.3,2.31,0.0,0.0,891.44,24.64
20.5886,0.0,4.84,5.5,56.76,91.08,137.61,386.98,198.0,28.27,0.0,0.0,3.08,0.0,0.0,0.0,0.0,880.77,31.35
20.5986,0.0,4.84,4.07,47.3,83.71,136.07,392.37,201.52,38.17,0.0,0.0,4.73,4.95,3.52,0.0,0.0,869.88,51.37
20.6086,0.0,4.84,5.5,36.63,73.37,131.45,394.24,201.52,50.49,4.95,0.0,0.0,6.6,3.52,0.0,0.0,847.55,65.56
20.6186,0.0,4.84,4.07,25.96,64.57,123.86,399.63,203.28,61.93,82.5,4.29,6.27,8.25,2.31,0.0,0.0,826.21,165.55
20.6286,0.0,4.84,4.07,15.29,52.91,113.08,396.0,203.28,60.61,159.5,66.44,11.11,8.25,3.52,5.5,0.0,789.47,314.93
20.6386,0.0,3.19,5.5,9.46,38.94,101.75,392.37,196.35,54.23,198.11,116.05,63.14,23.1,10.67,6.82,8.8,747.56,480.92
20.6486,0.0,4.84,5.5,8.25,27.83,84.7,374.33,189.42,55.44,213.29,155.87,87.01,34.76,11.77,11.0,11.66,694.87,580.8
20.6586,0.0,4.84,5.5,5.83,26.4,62.15,334.4,177.21,57.97,214.94,171.38,92.95,52.91,14.19,12.32,13.2,616.33,629.86
20.6686,0.0,4.84,5.5,5.83,23.65,40.59,255.64,165.66,54.23,209.88,176.33,95.92,61.05,14.19,17.93,17.6,501.71,647.13
20.6786,0.0,4.84,2.75,4.73,22.22,28.82,153.23,157.96,50.49,208.23,176.33,101.97,67.21,20.13,28.93,20.46,374.55,673.75
20.6886,0.0,4.84,4.07,2.31,19.47,24.86,80.19,140.91,46.86,206.47,174.68,112.42,71.83,24.86,38.61,19.03,276.65,694.76
20.6986,0.0,4.84,4.07,2.31,15.29,20.9,43.45,105.6,46.86,211.53,174.68,121.88,76.45,29.59,46.86,23.43,196.46,731.28
20.7086,0.0,3.19,4.07,2.31,13.86,17.05,30.36,66.88,46.86,218.35,173.03,129.69,78.1,35.53,53.79,24.86,137.72,760.21
20.7185,0.0,4.84,2.75,2.31,9.68,13.09,23.1,49.61,48.07,226.93,171.38,136.07,79.64,39.05,60.94,26.4,105.38,788.48
20.7285,0.0,3.19,4.07,2.31,6.93,10.45,15.84,30.36,45.54,228.69,169.73,148.72,81.18,43.89,68.31,27.83,73.15,813.89
20.7385,0.0,3.19,2.75,0.0,5.5,7.81,11.55,11.0,44.33,228.69,163.57,158.18,87.34,48.62,74.36,27.83,41.8,832.92
20.7485,0.0,3.19,4.07,0.0,4.18,3.85,8.69,4.07,43.12,232.21,160.49,166.1,88.88,53.35,80.3,29.26,28.05,853.71
20.7585,0.0,0.0,2.75,0.0,2.75,2.53,7.15,2.75,40.7,228.69,157.41,176.44,91.96,60.28,92.29,33.66,17.93,881.43
20.7685,0.0,3.19,0.0,0.0,2.75,3.85,7.15,2.75,39.38,225.17,152.79,183.37,96.69,66.22,99.66,35.2,19.69,898.48
20.7785,0.0,3.19,2.75,0.0,0.0,3.85,4.29,0.0,36.96,220.0,146.74,188.54,101.31,72.27,105.71,35.2,14.08,906.73
20.7885,0.0,3.19,2.75,0.0,0.0,2.53,4.29,0.0,35.75,211.53,139.04,198.88,102.85,76.78,111.65,38.06,12.76,914.54
20.7985,0.0,0.0,0.0,0.0,0.0,3.85,5.72,0.0,33.22,201.41,128.37,204.05,107.47,79.86,120.89,35.2,9.57,910.47
20.8085,0.0,3.19,2.75,0.0,0.0,0.0,4.29,0.0,32.01,191.29,116.05,205.81,110.55,84.37,125.51,36.63,10.23,902.22
20.8185,0.0,0.0,2.75,0.0,0.0,2.53,2.86,0.0,29.59,177.87,103.73,210.98,112.09,88.88,131.56,38.06,8.14,892.76
20.8285,0.0,0.0,0.0,0.0,0.0,0.0,2.86,0.0,25.85,161.15,86.68,216.15,116.82,90.42,139.26,41.03,2.86,877.36
20.8385,0.0,0.0,2.75,0.0,0.0,0.0,2.86,0.0,23.43,146.3,72.71,217.91,121.66,90.42,146.96,41.03,5.61,860.42
20.8485,0.0,0.0,2.75,0.0,0.0,2.53,2.86,0.0,22.11,129.91,60.28,219.56,121.66,93.39,154.55,42.46,8.14,843.92
20.8585,0.0,3.19,2.75,0.0,0.0,2.53,2.86,0.0,19.69,115.06,48.62,219.56,124.96,96.47,162.25,44.0,11.33,830.61
20.8685,0.0,0.0,0.0,0.0,0.0,2.53,2.86,0.0,18.48,102.52,37.18,221.32,128.15,100.98,166.87,41.03,5.39,816.53
20.8785,0.0,0.0,2.75,0.0,0.0,2.53,0.0,0.0,17.16,87.12,30.03,223.08,126.61,103.95,175.01,44.0,5.28,806.96
20.8885,0.0,0.0,0.0,0.0,0.0,2.53,0.0,0.0,15.95,74.8,22.88,219.56,128.15,107.03,179.85,45.43,2.53,793.65
20.8985,0.0,0.0,2.75,0.0,0.0,2.53,0.0,0.0,14.74,64.02,17.16,223.08,129.8,107.03,183.15,45.43,5.28,784.41
20.9085,0.0,3.19,0.0,0.0,0.0,2.53,0.0,0.0,14.74,52.8,12.87,219.56,131.45,107.03,191.18,46.86,5.72,776.49
20.9185,0.0,0.0,0.0,0.0,0.0,0.0,0.0,0.0,13.53,41.25,10.01,216.15,131.45,111.54,199.32,48.4,0.0,771.65
20.9285,0.0,0.0,2.75,0.0,0.0,0.0,0.0,0.0,12.32,33.0,11.44,210.98,131.45,113.08,207.46,51.26,2.75,770.99
20.9385,0.0,0.0,2.75,0.0,0.0,0.0,0.0,0.0,12.32,28.05,8.58,204.05,129.8,113.08,217.14,51.26,2.75,764.28
20.9485,0.0,0.0,2.75,0.0,0.0,0.0,0.0,0.0,11.0,19.8,7.15,198.88,134.64,116.49,220.44,54.23,2.75,762.63
20.9585,0.0,0.0,0.0,0.0,0.0,0.0,0.0,0.0,9.79,18.15,8.58,195.47,134.64,116.49,233.75,57.2,0.0,774.07
20.9685,0.0,0.0,0.0,0.0,0.0,0.0,0.0,0.0,8.58,14.85,7.15,190.19,134.64,118.25,242.33,57.2,0.0,773.19
20.9785,0.0,0.0,2.75,0.0,0.0,0.0,0.0,0.0,7.37,13.2,5.72,183.37,137.94,116.49,250.91,64.9,2.75,779.9
20.9885,0.0,0.0,2.75,0.0,0.0,0.0,0.0,0.0,6.16,13.2,5.72,178.09,134.64,120.01,259.6,66.44,2.75,783.86
20.9985,0.0,0.0,0.0,0.0,0.0,0.0,0.0,0.0,6.16,11.55,5.72,172.92,136.29,120.01,266.42,67.98,0.0,787.05
21.0085,0.0,0.0,2.75,0.0,0.0,0.0,0.0,0.0,6.16,11.55,4.29,166.1,139.59,121.77,269.83,74.14,2.75,793.43
21.0185,0.0,0.0,2.75,0.0,0.0,0.0,0.0,0.0,4.84,8.25,4.29,161.26,137.94,120.01,280.17,75.57,2.75,792.33
21.0285,0.0,0.0,2.75,0.0,0.0,0.0,0.0,0.0,3.63,9.9,2.86,154.99,137.94,121.77,283.58,78.65,2.75,793.32
21.0385,10.23,0.0,0.0,0.0,0.0,0.0,0.0,0.0,3.63,6.6,4.29,153.45,137.94,121.77,288.64,80.19,10.23,796.51
21.0485,8.58,0.0,0.0,0.0,0.0,0.0,0.0,0.0,2.42,6.6,2.86,148.72,139.59,123.42,292.05,81.73,8.58,797.39
21.0585,17.16,0.0,0.0,0.0,0.0,0.0,0.0,0.0,2.42,6.6,2.86,142.34,137.94,120.01,304.04,86.35,17.16,802.56
21.0685,29.26,0.0,0.0,2.31,0.0,0.0,0.0,0.0,3.63,6.6,2.86,134.42,139.59,123.42,307.34,89.43,31.57,807.29
21.0785,34.43,0.0,0.0,2.31,0.0,0.0,0.0,0.0,0.0,4.95,2.86,123.42,141.13,121.77,317.57,93.94,36.74,805.64
21.0885,41.25,0.0,0.0,2.31,2.75,0.0,0.0,0.0,0.0,3.3,0.0,113.96,141.13,121.77,327.8,97.02,46.31,804.98
21.0985,49.94,0.0,0.0,2.31,2.75,0.0,0.0,0.0,0.0,3.3,2.86,100.43,137.94,120.01,334.62,100.1,55.0,799.26
21.1085,58.52,0.0,0.0,2.31,4.18,0.0,0.0,0.0,0.0,3.3,2.86,92.95,134.64,118.25,341.44,103.18,65.01,796.62
21.1185,65.34,0.0,0.0,3.52,2.75,2.53,0.0,0.0,0.0,3.3,0.0,82.5,131.45,116.49,344.85,104.72,74.14,783.31
21.1285,74.03,3.19,6.82,3.52,4.18,2.53,0.0,0.0,0.0,0.0,0.0,72.16,131.45,114.73,346.61,104.72,94.27,769.67
21.1385,79.2,17.82,53.79,5.83,5.5,5.17,2.86,0.0,0.0,0.0,0.0,61.71,126.61,110.0,350.02,107.8,170.17,756.14
21.1485,77.44,50.16,93.61,22.44,11.11,6.49,2.86,2.75,0.0,0.0,0.0,52.58,120.12,105.49,348.26,107.8,266.86,734.25
21.1585,72.27,71.39,120.34,42.57,20.9,7.81,5.72,5.5,0.0,3.3,0.0,38.17,113.63,100.98,350.02,107.8,346.5,713.9
21.1685,70.51,89.43,136.73,56.76,32.01,19.58,27.5,13.75,0.0,3.3,0.0,28.6,105.93,88.88,344.85,107.8,446.27,679.36
21.1785,72.27,99.22,149.93,62.26,38.94,34.1,52.14,17.93,0.0,3.3,0.0,15.84,96.69,79.86,334.62,104.72,526.79,635.03
21.1885,70.51,97.68,159.72,66.55,41.8,45.87,74.25,20.68,0.0,0.0,0.0,12.65,79.64,64.79,322.74,100.1,577.06,579.92
21.1985,68.86,100.87,164.67,70.84,44.55,55.11,92.18,23.43,0.0,0.0,0.0,12.65,61.05,53.35,295.46,97.02,620.51,519.53
21.2085,68.86,107.47,169.62,77.99,47.3,63.58,104.06,24.75,0.0,3.3,0.0,14.3,43.01,40.26,256.08,97.02,663.63,453.97
21.2185,70.51,112.42,175.01,83.71,51.48,72.05,117.81,28.93,0.0,3.3,0.0,14.3,39.71,30.8,179.85,100.1,711.92,368.06
21.2285,70.51,115.72,178.75,90.86,52.91,80.52,129.14,31.68,0.0,3.3,0.0,11.11,31.46,26.07,101.2,104.72,750.09,277.86
21.2385,72.27,120.78,180.51,96.58,55.77,86.13,138.71,37.18,0.0,0.0,0.0,12.65,26.4,18.92,57.97,89.43,787.93,205.37
21.2485,70.51,124.08,184.14,102.3,58.63,91.85,146.85,42.68,0.0,0.0,0.0,11.11,21.45,15.4,28.93,63.36,821.04,140.25
21.2585,70.51,125.84,182.38,108.02,63.03,97.46,153.23,48.29,0.0,0.0,0.0,11.11,18.15,12.98,22.0,41.03,848.76,105.27
21.2685,68.86,127.49,180.51,113.96,64.57,98.89,161.26,53.79,0.0,3.3,0.0,7.92,14.85,7.04,16.5,30.8,869.33,80.41
21.2785,67.1,127.49,176.88,117.04,66.0,103.07,169.29,57.97,0.0,0.0,0.0,7.92,9.9,7.04,13.75,19.03,884.84,57.64
21.2885,65.34,124.08,173.25,123.2,68.97,107.36,176.0,62.37,0.0,0.0,0.0,6.27,9.9,4.73,11.0,8.8,900.57,40.7
21.2985,61.93,122.43,167.97,124.74,71.94,108.79,184.8,68.31,0.0,0.0,0.0,6.27,3.3,4.73,9.57,4.4,910.91,28.27
21.3085,58.52,119.13,159.72,129.36,74.8,113.08,191.84,71.28,0.0,0.0,0.0,6.27,4.95,4.73,5.5,4.4,917.73,25.85
21.3185,55.11,112.42,153.12,130.9,77.77,116.16,198.77,75.79,0.0,0.0,0.0,6.27,4.95,3.52,5.5,4.4,920.04,24.64
21.3285,51.59,105.82,143.33,132.55,80.74,117.7,205.81,80.3,0.0,0.0,0.0,4.73,4.95,4.73,4.07,4.4,917.84,22.88
21.3385,48.18,96.03,130.24,135.63,82.17,120.78,211.09,83.27,0.0,0.0,0.0,4.73,3.3,2.31,5.5,2.86,907.39,18.7
21.3485,44.77,89.43,121.99,135.63,85.14,120.78,216.37,86.24,0.0,0.0,0.0,4.73,4.95,0.0,5.5,2.86,900.35,18.04
21.3585,41.25,81.29,110.66,135.63,85.14,123.86,223.41,90.75,0.0,0.0,0.0,4.73,0.0,2.31,5.5,0.0,891.99,12.54
21.3685,37.84,71.39,101.31,137.17,86.57,125.4,230.12,92.18,0.0,0.0,0.0,4.73,0.0,3.52,6.82,2.86,881.98,17.93
21.3785,36.08,63.25,91.96,137.17,89.54,126.94,235.29,95.15,0.0,0.0,0.0,3.08,0.0,2.31,5.5,2.86,875.38,13.75
21.3885,34.43,55.11,82.72,138.71,92.51,126.94,240.35,99.66,0.0,0.0,0.0,0.0,3.3,3.52,2.75,0.0,870.43,9.57
21.3985,32.67,48.62,71.83,140.25,92.51,130.02,243.76,102.63,0.0,0.0,0.0,3.08,4.95,2.31,5.5,0.0,862.29,15.84
21.4085,29.26,42.13,62.48,141.79,93.94,130.02,248.93,104.17,0.0,0.0,0.0,3.08,3.3,0.0,4.07,2.86,852.72,13.31
21.4185,27.5,35.64,53.79,141.79,95.48,132.99,252.23,107.14,0.0,0.0,0.0,0.0,3.3,3.52,0.0,0.0,846.56,6.82
21.4285,27.5,32.34,48.29,141.79,95.48,132.99,257.4,108.57,0.0,0.0,0.0,3.08,0.0,2.31,2.75,0.0,844.36,8.14
21.4385,25.74,25.85,40.04,140.25,96.91,134.53,262.46,114.73,0.0,0.0,0.0,3.08,0.0,2.31,2.75,0.0,840.51,8.14
21.4485,24.09,21.01,33.11,140.25,96.91,134.53,267.63,117.81,0.0,0.0,0.0,3.08,0.0,0.0,0.0,0.0,835.34,3.08
21.4585,24.09,17.82,27.61,138.71,98.34,134.53,271.04,120.89,0.0,0.0,0.0,3.08,0.0,0.0,2.75,0.0,833.03,5.83
21.4685,22.33,14.52,22.0,135.63,96.91,136.07,277.86,125.51,0.0,0.0,0.0,3.08,3.3,2.31,0.0,0.0,830.83,8.69
21.4785,22.33,12.87,17.93,134.09,98.34,134.53,284.46,125.51,0.0,0.0,0.0,0.0,0.0,2.31,0.0,2.86,830.06,5.17
21.4885,18.92,11.33,16.5,132.55,102.85,137.61,287.76,131.67,0.0,0.0,0.0,3.08,0.0,2.31,0.0,0.0,839.19,5.39
21.4985,18.92,11.33,13.75,129.36,104.28,137.61,292.82,136.29,0.0,0.0,0.0,3.08,3.3,0.0,0.0,0.0,844.36,6.38
21.5085,17.16,11.33,12.43,129.36,104.28,139.15,297.77,139.37,0.0,0.0,0.0,3.08,0.0,0.0,2.75,0.0,850.85,5.83
21.5185,17.16,9.68,11.0,127.82,104.28,139.15,304.37,140.91,0.0,0.0,0.0,4.73,0.0,0.0,2.75,2.86,854.37,10.34
21.5285,15.4,9.68,8.25,123.2,105.71,139.15,309.43,145.64,0.0,0.0,0.0,0.0,3.3,2.31,2.75,2.86,856.46,11.22
21.5385,13.75,8.03,8.25,120.12,107.25,139.15,314.38,150.26,0.0,0.0,0.0,4.73,0.0,0.0,4.07,0.0,861.19,8.8
21.5485,11.99,8.03,8.25,115.5,107.25,139.15,319.33,151.8,2.42,3.3,0.0,11.11,4.95,0.0,2.75,0.0,861.3,24.53
21.5585,10.23,4.84,8.25,113.96,107.25,140.69,322.74,154.88,4.84,6.6,2.86,22.22,6.6,3.52,4.07,0.0,862.84,50.71
21.5685,8.58,6.38,6.82,109.45,102.85,137.61,327.69,157.96,4.84,9.9,2.86,28.6,9.9,2.31,5.5,4.4,857.34,68.31
21.5785,5.06,6.38,6.82,103.73,104.28,140.69,327.69,161.04,6.16,11.55,4.29,34.98,11.55,2.31,5.5,4.4,855.69,80.74
21.5885,3.41,4.84,6.82,98.01,101.31,139.15,334.4,162.58,7.37,16.5,4.29,47.74,9.9,5.83,2.75,4.4,850.52,98.78
21.5985,0.0,0.0,5.5,89.43,99.88,139.15,338.03,167.2,7.37,18.15,4.29,57.2,8.25,5.83,6.82,0.0,839.19,107.91
21.6085,0.0,3.19,4.07,77.99,93.94,137.61,338.03,168.74,7.37,23.1,4.29,72.16,11.55,8.25,6.82,7.26,823.57,140.8
21.6185,0.0,3.19,4.07,67.98,91.08,137.61,341.66,172.04,8.58,23.1,4.29,81.07,23.1,10.67,8.25,10.23,817.63,169.29
21.6285,0.0,0.0,4.07,59.4,85.14,136.07,345.29,172.04,11.0,23.1,2.86,88.55,38.06,11.77,12.32,11.66,802.01,199.32
21.6385,0.0,0.0,4.07,49.61,79.31,132.99,345.29,173.8,15.95,28.05,4.29,97.46,54.56,12.98,15.18,14.63,785.07,243.1
21.6485,0.0,3.19,4.07,41.36,70.4,130.02,345.29,175.56,19.69,34.65,7.15,106.37,68.75,14.19,19.25,16.06,769.89,286.11
21.6585,0.0,3.19,2.75,33.11,58.63,125.4,345.29,177.21,22.11,44.55,17.16,113.96,78.1,22.44,35.86,23.43,745.58,357.61
21.6685,0.0,0.0,4.07,22.44,51.48,119.24,339.79,175.56,23.43,52.8,31.46,121.88,85.8,30.8,55.11,24.86,712.58,426.14
21.6785,0.0,3.19,4.07,15.29,38.94,110.22,329.34,173.8,24.64,64.02,44.33,129.69,87.34,40.26,74.36,27.83,674.85,492.47
21.6885,0.0,3.19,4.07,9.46,26.4,97.46,314.38,167.2,27.06,82.5,50.05,137.61,93.5,43.89,83.27,29.26,622.16,547.14
21.6985,0.0,3.19,2.75,7.04,19.47,80.52,281.16,159.5,28.27,97.9,52.91,148.72,99.77,52.14,93.72,30.8,553.63,604.23
21.7085,0.0,3.19,4.07,5.83,16.72,57.86,228.47,151.8,29.59,108.68,58.74,154.99,101.31,57.2,105.71,33.66,467.94,649.88
21.7185,0.0,3.19,4.07,4.73,16.72,35.42,146.85,140.91,29.59,113.41,60.28,161.26,107.47,63.25,113.19,32.23,351.89,680.68
21.7285,0.0,3.19,2.75,4.73,15.29,20.9,78.76,127.05,29.59,121.66,66.44,166.1,107.47,66.22,125.51,36.63,252.67,719.62
21.7385,0.0,3.19,2.75,4.73,13.86,17.05,37.62,99.66,32.01,133.21,74.25,169.51,110.55,70.84,134.64,36.63,178.86,761.64
21.7485,0.0,3.19,0.0,3.52,12.54,13.09,26.07,53.79,32.01,139.7,85.03,171.27,116.82,70.84,140.8,38.06,112.2,794.53
21.7585,0.0,3.19,2.75,4.73,8.36,10.45,18.81,30.36,34.43,147.95,97.46,172.92,118.47,75.35,151.47,39.6,78.65,837.65
21.7685,0.0,3.19,2.75,3.52,5.5,9.13,14.41,15.18,35.75,156.2,109.89,174.68,124.96,79.86,160.71,39.6,53.68,881.65
21.7785,0.0,3.19,2.75,2.31,2.75,6.49,12.98,5.5,36.96,157.85,117.59,176.44,124.96,82.83,170.17,41.03,35.97,907.83
21.7885,0.0,0.0,2.75,3.52,4.18,6.49,10.12,4.07,38.17,162.8,122.21,176.44,129.8,87.34,178.2,39.6,31.13,934.56
21.7985,0.0,0.0,0.0,3.52,2.75,5.17,10.12,4.07,38.17,159.5,122.21,181.61,131.45,90.42,184.69,44.0,25.63,952.05
21.8085,0.0,0.0,2.75,0.0,2.75,6.49,8.69,4.07,36.96,159.5,120.67,179.85,134.64,91.96,186.34,42.46,24.75,952.38
21.8185,0.0,0.0,2.75,0.0,2.75,6.49,7.15,4.07,36.96,157.85,117.59,185.02,134.64,94.93,189.64,42.46,23.21,959.09
21.8285,0.0,0.0,2.75,2.31,2.75,6.49,5.72,2.75,35.75,152.9,113.08,186.78,133.1,93.39,192.83,44.0,22.77,951.83
21.8385,0.0,0.0,0.0,0.0,2.75,3.85,7.15,2.75,34.43,147.95,103.73,188.54,134.64,94.93,194.48,44.0,16.5,942.7
21.8485,0.0,0.0,0.0,0.0,2.75,3.85,5.72,2.75,32.01,141.35,94.38,191.95,134.64,96.47,192.83,44.0,15.07,927.63
21.8585,0.0,0.0,0.0,0.0,2.75,3.85,4.29,2.75,30.8,136.51,85.03,191.95,134.64,99.44,191.18,44.0,13.64,913.55
21.8685,0.0,0.0,0.0,0.0,2.75,3.85,2.86,0.0,29.59,129.91,75.79,193.71,131.45,99.44,192.83,44.0,9.46,896.72
21.8785,0.0,0.0,0.0,2.31,0.0,5.17,4.29,0.0,28.27,124.96,67.98,197.12,131.45,97.9,189.64,44.0,11.77,881.32
21.8885,0.0,0.0,2.75,0.0,2.75,3.85,4.29,2.75,25.85,118.36,63.36,198.88,129.8,99.44,187.99,45.43,16.39,869.11
21.8985,0.0,0.0,0.0,0.0,2.75,3.85,0.0,0.0,25.85,116.71,55.77,198.88,128.15,100.98,186.34,45.43,6.6,858.11
21.9085,0.0,0.0,0.0,0.0,0.0,2.53,2.86,0.0,24.64,113.41,55.77,200.64,129.8,97.9,179.85,42.46,5.39,844.47
21.9185,0.0,0.0,2.75,0.0,0.0,0.0,0.0,0.0,24.64,108.68,54.34,204.05,128.15,99.44,178.2,44.0,2.75,841.5
21.9285,0.0,0.0,0.0,0.0,0.0,2.53,2.86,0.0,23.43,105.6,52.91,205.81,126.61,100.98,178.2,45.43,5.39,838.97
21.9385,0.0,0.0,0.0,0.0,0.0,2.53,0.0,0.0,23.43,102.52,52.91,205.81,128.15,99.44,181.5,42.46,2.53,836.22
21.9485,0.0,0.0,0.0,0.0,0.0,2.53,0.0,0.0,23.43,99.44,51.48,205.81,124.96,97.9,181.5,45.43,2.53,829.95
21.9585,0.0,0.0,2.75,0.0,0.0,2.53,0.0,0.0,23.43,97.9,52.91,205.81,126.61,100.98,184.69,46.86,5.28,839.19
21.9685,0.0,0.0,0.0,0.0,0.0,2.53,0.0,0.0,23.43,99.44,54.34,207.46,129.8,99.44,184.69,44.0,2.53,842.6
21.9785,0.0,0.0,0.0,0.0,0.0,0.0,0.0,2.75,23.43,96.36,57.2,209.22,131.45,102.52,186.34,44.0,2.75,850.52
21.9885,0.0,3.19,0.0,0.0,0.0,3.85,2.86,2.75,24.64,97.9,60.28,210.98,129.8,102.52,186.34,45.43,12.65,857.89
21.9985,0.0,0.0,0.0,2.31,0.0,5.17,2.86,2.75,24.64,97.9,61.82,210.98,129.8,105.49,187.99,45.43,13.09,864.05
22.0085,0.0,0.0,0.0,4.73,11.11,5.17,7.15,2.75,24.64,94.82,64.9,216.15,129.8,105.49,191.18,46.86,30.91,873.84
22.0185,0.0,0.0,4.07,11.77,12.54,6.49,4.29,2.75,25.85,94.82,66.44,216.15,134.64,107.03,196.02,48.4,41.91,889.35
22.0285,6.82,8.03,6.82,15.29,15.29,6.49,5.72,2.75,24.64,94.82,67.98,217.91,133.1,108.46,196.02,49.83,67.21,892.76
22.0385,10.23,6.38,5.5,20.02,22.22,5.17,7.15,4.07,24.64,91.74,66.44,217.91,133.1,110.0,199.32,49.83,80.74,892.98
22.0485,10.23,6.38,5.5,27.17,26.4,7.81,12.98,5.5,24.64,93.28,69.52,219.56,131.45,110.0,197.67,51.26,101.97,897.38
22.0585,11.99,8.03,6.82,35.42,29.26,11.77,26.07,9.57,24.64,91.74,69.52,224.84,133.1,110.0,192.83,49.83,138.93,896.5
22.0685,11.99,8.03,6.82,43.67,32.01,19.58,37.62,13.75,23.43,88.66,67.98,226.49,131.45,110.0,194.48,49.83,173.47,892.32
22.0785,11.99,8.03,6.82,53.13,34.76,27.5,47.74,15.18,23.43,85.58,63.36,223.08,131.45,108.46,189.64,49.83,205.15,874.83
22.0885,11.99,11.33,4.07,66.55,36.19,30.14,47.74,15.18,23.43,84.04,63.36,223.08,129.8,107.03,186.34,49.83,223.19,866.91
22.0985,15.4,11.33,5.5,76.56,38.94,32.78,49.17,17.93,22.11,79.42,60.28,221.32,123.31,103.95,181.5,48.4,247.61,840.29
22.1085,18.92,12.87,4.07,82.28,41.8,37.95,56.43,19.25,22.11,73.26,55.77,219.56,123.31,102.52,171.71,46.86,273.57,815.1
22.1185,24.09,11.33,9.57,86.57,47.3,43.23,66.77,20.68,20.9,68.64,52.91,216.15,118.47,97.9,165.33,42.46,309.54,782.76
22.1285,30.91,11.33,16.5,89.43,50.16,47.19,75.79,22.0,19.69,62.48,48.62,209.22,116.82,93.39,153.01,44.0,343.31,747.23
22.1385,32.67,12.87,23.43,89.43,50.16,52.47,81.73,23.43,19.69,59.4,45.76,205.81,113.63,87.34,143.88,41.03,366.19,716.54
22.1484,34.43,14.52,28.93,89.43,52.91,56.43,92.18,24.75,18.48,54.45,42.9,200.64,107.47,81.4,137.72,39.6,393.58,682.66
22.1584,36.08,16.17,33.11,88.0,51.48,60.72,101.09,26.18,18.48,49.5,38.61,197.12,105.93,76.78,131.56,41.03,412.83,659.01
22.1684,37.84,16.17,38.61,88.0,54.34,63.58,107.03,27.5,17.16,44.55,32.89,191.95,105.93,75.35,125.51,41.03,433.07,634.37
22.1784,39.6,19.36,45.54,88.0,55.77,69.19,114.62,28.93,17.16,41.25,31.46,188.54,101.31,69.3,122.43,39.6,461.01,611.05
22.1884,41.25,21.01,52.47,89.43,57.2,72.05,121.11,30.36,15.95,36.3,27.17,183.37,98.23,66.22,119.35,38.06,484.88,584.65
22.1984,41.25,24.31,57.97,90.86,58.63,73.48,127.49,28.93,15.95,33.0,27.17,178.09,96.69,61.71,114.73,38.06,502.92,565.4
22.2084,41.25,29.15,59.4,95.15,60.17,77.66,132.33,31.68,15.95,31.35,24.31,174.68,96.69,58.74,108.68,36.63,526.79,547.03
22.2184,43.01,32.34,62.48,99.44,60.17,84.7,133.98,33.11,14.74,29.7,21.45,171.27,91.96,54.56,102.74,35.2,549.23,521.62
22.2284,44.77,35.64,64.02,103.73,61.6,86.13,138.71,34.43,15.95,29.7,18.59,164.45,90.42,53.35,95.26,30.8,569.03,498.52
22.2384,44.77,40.48,65.56,106.59,61.6,90.42,145.2,34.43,14.74,24.75,14.3,162.91,87.34,50.93,87.78,32.23,589.05,474.98
22.2484,44.77,43.67,67.1,110.88,63.03,91.85,148.39,38.61,14.74,26.4,12.87,156.53,82.72,47.41,83.27,27.83,608.3,451.77
22.2584,44.77,45.32,68.64,112.42,64.57,94.6,150.04,41.36,13.53,24.75,11.44,148.72,81.18,44.99,77.33,29.26,621.72,431.2
22.2684,46.42,46.97,71.83,115.5,66.0,94.6,154.88,44.11,13.53,23.1,10.01,143.99,74.91,41.47,71.39,27.83,640.31,406.23
22.2784,46.42,50.16,73.37,113.96,66.0,97.46,158.07,46.86,13.53,18.15,7.15,136.07,74.91,36.74,65.34,27.83,652.3,379.72
22.2884,48.18,51.81,76.45,115.5,68.97,98.89,162.91,51.04,12.32,18.15,8.58,128.15,70.29,35.53,60.94,26.4,673.75,360.36
22.2984,48.18,53.46,81.07,117.04,71.94,101.75,167.75,52.36,11.0,14.85,7.15,117.15,65.67,33.22,55.11,26.4,693.55,330.55
22.3084,49.94,56.65,82.72,117.04,73.37,100.32,174.24,57.97,11.0,14.85,7.15,109.34,59.51,30.8,49.61,23.43,712.25,305.69
22.3184,49.94,56.65,85.8,115.5,76.34,104.5,181.28,60.94,9.79,13.2,7.15,101.97,54.56,27.28,44.11,22.0,730.95,280.06
22.3284,49.94,61.6,88.88,115.5,76.34,104.5,186.56,63.91,9.79,13.2,7.15,95.92,51.26,22.44,38.61,20.46,747.23,258.83
22.3384,49.94,63.25,91.96,118.58,79.31,107.36,193.6,66.88,9.79,14.85,5.72,88.55,47.96,22.44,31.68,17.6,770.88,238.59
22.3484,51.59,64.9,93.61,118.58,83.71,107.36,197.12,69.85,8.58,11.55,4.29,82.5,44.66,20.13,27.5,17.6,786.72,216.81
22.3584,51.59,66.55,93.61,121.66,83.71,110.22,204.05,72.82,9.79,13.2,5.72,75.13,39.71,16.61,23.43,16.06,804.21,199.65
22.3684,51.59,68.2,95.15,121.66,86.57,113.08,209.33,75.79,9.79,11.55,5.72,69.08,36.41,16.61,20.68,14.63,821.37,184.47
22.3784,51.59,68.2,95.15,124.74,88.11,113.08,212.85,77.33,9.79,13.2,4.29,61.71,33.11,14.19,19.25,14.63,831.05,170.17
22.3884,51.59,71.39,96.69,124.74,89.54,113.08,218.13,80.3,9.79,11.55,5.72,57.2,26.4,14.19,17.93,11.66,845.46,154.44
22.3984,51.59,73.04,96.69,127.82,92.51,116.16,221.65,81.73,8.58,11.55,4.29,50.93,24.75,11.77,15.18,10.23,861.19,137.28
22.4084,49.94,71.39,95.15,129.36,92.51,117.7,225.06,84.7,8.58,9.9,4.29,46.2,19.8,9.46,13.75,10.23,865.81,122.21
22.4184,49.94,73.04,96.69,127.82,93.94,119.24,230.12,84.7,9.79,13.2,4.29,38.17,16.5,9.46,12.32,4.4,875.49,108.13
22.4284,49.94,74.69,96.69,127.82,98.34,116.16,231.88,87.78,9.79,11.55,5.72,33.44,13.2,8.25,11.0,5.83,883.3,98.78
22.4384,49.94,74.69,95.15,129.36,98.34,119.24,235.29,87.78,8.58,11.55,5.72,27.06,11.55,7.04,8.25,4.4,889.79,84.15
22.4484,51.59,76.34,98.23,127.82,99.88,122.32,236.94,87.78,8.58,9.9,2.86,20.68,13.2,7.04,8.25,4.4,900.9,74.91
22.4584,51.59,76.34,98.23,129.36,98.34,120.78,240.35,89.21,8.58,11.55,4.29,17.49,9.9,5.83,5.5,2.86,904.2,66.0
22.4684,51.59,76.34,95.15,127.82,101.31,120.78,242.11,90.75,8.58,9.9,4.29,11.11,9.9,4.73,5.5,2.86,905.85,56.87
22.4784,51.59,76.34,96.69,127.82,101.31,122.32,242.11,90.75,7.37,8.25,2.86,11.11,9.9,4.73,5.5,0.0,908.93,49.72
22.4884,49.94,76.34,95.15,129.36,99.88,119.24,243.76,90.75,7.37,6.6,2.86,9.46,8.25,4.73,5.5,0.0,904.42,44.77
22.4984,49.94,76.34,91.96,129.36,102.85,120.78,245.52,89.21,7.37,8.25,2.86,7.92,8.25,3.52,4.07,0.0,905.96,42.24
22.5084,49.94,76.34,91.96,127.82,99.88,120.78,243.76,90.75,6.16,6.6,4.29,4.73,4.95,4.73,5.5,0.0,901.23,36.96
22.5184,49.94,76.34,90.42,127.82,101.31,122.32,243.76,89.21,7.37,6.6,2.86,7.92,6.6,3.52,4.07,0.0,901.12,38.94
22.5284,49.94,76.34,88.88,124.74,102.85,119.24,243.76,90.75,6.16,8.25,2.86,4.73,6.6,3.52,2.75,0.0,896.5,34.87
22.5384,49.94,74.69,90.42,124.74,102.85,120.78,245.52,87.78,4.84,4.95,0.0,7.92,6.6,3.52,2.75,0.0,896.72,30.58
22.5484,48.18,74.69,90.42,123.2,101.31,120.78,245.52,87.78,4.84,6.6,2.86,4.73,8.25,2.31,4.07,0.0,891.88,33.66
22.5584,48.18,73.04,87.34,123.2,102.85,119.24,245.52,87.78,3.63,3.3,2.86,7.92,3.3,3.52,2.75,0.0,887.15,27.28
22.5684,48.18,73.04,85.8,124.74,101.31,120.78,247.17,89.21,4.84,3.3,2.86,6.27,6.6,2.31,2.75,0.0,890.23,28.93
22.5784,46.42,71.39,84.26,124.74,104.28,120.78,248.93,90.75,3.63,6.6,0.0,6.27,4.95,2.31,0.0,0.0,891.55,23.76
22.5884,46.42,69.74,84.26,124.74,104.28,122.32,252.23,92.18,3.63,4.95,2.86,6.27,4.95,2.31,4.07,0.0,896.17,29.04
22.5984,44.77,69.74,81.07,126.28,105.71,122.32,252.23,92.18,2.42,3.3,0.0,4.73,0.0,3.52,4.07,0.0,894.3,18.04
22.6084,44.77,69.74,81.07,127.82,102.85,122.32,252.23,92.18,0.0,0.0,2.86,4.73,3.3,3.52,4.07,0.0,892.98,18.48
22.6184,44.77,69.74,77.99,126.28,105.71,122.32,252.23,92.18,0.0,0.0,0.0,4.73,3.3,2.31,4.07,0.0,891.22,14.41
22.6284,44.77,69.74,79.53,126.28,105.71,122.32,250.58,92.18,0.0,3.3,0.0,3.08,4.95,2.31,2.75,0.0,891.11,16.39
22.6384,44.77,69.74,79.53,126.28,105.71,122.32,253.99,90.75,0.0,3.3,0.0,4.73,4.95,0.0,2.75,0.0,893.09,15.73
22.6484,44.77,71.39,77.99,127.82,102.85,122.32,252.23,92.18,0.0,0.0,0.0,4.73,3.3,2.31,2.75,0.0,891.55,13.09
22.6584,44.77,71.39,77.99,129.36,102.85,123.86,252.23,90.75,0.0,0.0,0.0,4.73,3.3,3.52,0.0,0.0,893.2,11.55
22.6684,44.77,74.69,79.53,129.36,102.85,123.86,250.58,92.18,0.0,0.0,0.0,3.08,4.95,3.52,0.0,0.0,897.82,11.55
22.6784,44.77,74.69,79.53,127.82,102.85,123.86,250.58,89.21,0.0,0.0,0.0,4.73,4.95,2.31,2.75,0.0,893.31,14.74
22.6884,44.77,77.99,77.99,129.36,102.85,125.4,247.17,90.75,0.0,0.0,0.0,4.73,3.3,2.31,2.75,0.0,896.28,13.09
22.6984,44.77,77.99,77.99,132.55,101.31,123.86,247.17,89.21,0.0,0.0,0.0,4.73,0.0,2.31,2.75,0.0,894.85,9.79
22.7084,44.77,79.64,76.45,134.09,101.31,123.86,247.17,89.21,0.0,0.0,0.0,4.73,3.3,3.52,0.0,0.0,896.5,11.55
22.7184,43.01,77.99,74.91,134.09,102.85,125.4,243.76,90.75,0.0,0.0,0.0,0.0,3.3,2.31,0.0,0.0,892.76,5.61
22.7284,41.25,77.99,71.83,135.63,101.31,126.94,245.52,89.21,0.0,0.0,0.0,3.08,3.3,2.31,2.75,0.0,889.68,11.44
22.7384,41.25,76.34,70.18,137.17,102.85,128.48,247.17,89.21,0.0,0.0,0.0,4.73,3.3,3.52,0.0,0.0,892.65,11.55
22.7484,39.6,74.69,65.56,140.25,102.85,128.48,247.17,92.18,0.0,0.0,0.0,4.73,4.95,3.52,0.0,0.0,890.78,13.2
22.7584,37.84,71.39,64.02,140.25,102.85,130.02,250.58,90.75,0.0,0.0,0.0,0.0,4.95,2.31,2.75,0.0,887.7,10.01
22.7684,37.84,69.74,59.4,143.33,104.28,131.45,252.23,93.72,0.0,0.0,0.0,4.73,3.3,2.31,2.75,0.0,891.99,13.09
22.7784,34.43,66.55,57.97,144.87,104.28,131.45,253.99,95.15,0.0,0.0,0.0,4.73,3.3,3.52,0.0,0.0,888.69,11.55
22.7884,34.43,64.9,53.79,144.87,102.85,134.53,255.64,96.69,0.0,0.0,0.0,4.73,3.3,2.31,2.75,0.0,887.7,13.09
22.7984,32.67,63.25,52.47,146.41,105.71,134.53,257.4,98.12,0.0,0.0,0.0,4.73,4.95,2.31,2.75,0.0,890.56,14.74
22.8084,32.67,59.95,48.29,147.95,105.71,136.07,259.05,99.66,0.0,0.0,0.0,0.0,4.95,2.31,0.0,0.0,889.35,7.26
22.8184,30.91,56.65,45.54,149.49,105.71,136.07,260.81,98.12,0.0,0.0,0.0,4.73,3.3,2.31,0.0,0.0,883.3,10.34
22.8284,30.91,53.46,41.36,152.68,104.28,139.15,259.05,99.66,0.0,0.0,0.0,0.0,3.3,3.52,2.75,0.0,880.55,9.57
22.8384,29.26,50.16,40.04,154.22,104.28,140.69,260.81,102.63,0.0,0.0,0.0,3.08,0.0,2.31,2.75,0.0,882.09,8.14
22.8484,27.5,46.97,35.86,155.76,104.28,142.23,262.46,105.6,3.63,0.0,0.0,4.73,4.95,0.0,2.75,0.0,880.66,16.06
22.8584,25.74,42.13,30.36,158.84,105.71,145.31,264.22,105.6,3.63,0.0,0.0,3.08,0.0,3.52,2.75,0.0,877.91,12.98
22.8684,24.09,37.18,26.18,160.38,104.28,146.85,265.87,110.11,4.84,0.0,0.0,3.08,4.95,0.0,0.0,0.0,874.94,12.87
22.8784,22.33,32.34,20.68,161.92,104.28,146.85,265.87,111.65,6.16,0.0,0.0,3.08,3.3,2.31,0.0,0.0,865.92,14.85
22.8884,20.57,25.85,15.18,163.46,102.85,149.82,264.22,113.19,7.37,0.0,0.0,3.08,4.95,0.0,0.0,0.0,855.14,15.4
22.8984,18.92,22.66,11.0,163.46,99.88,152.9,264.22,113.19,11.0,0.0,0.0,4.73,4.95,2.31,2.75,0.0,846.23,25.74
22.9084,15.4,17.82,11.0,165.0,96.91,152.9,264.22,116.27,14.74,3.3,0.0,3.08,4.95,2.31,2.75,0.0,839.52,31.13
22.9184,11.99,14.52,8.25,165.0,95.48,154.44,264.22,117.81,19.69,4.95,0.0,0.0,3.3,3.52,2.75,0.0,831.71,34.21
22.9284,10.23,12.87,6.82,163.46,92.51,155.98,264.22,119.35,24.64,4.95,0.0,4.73,8.25,4.73,0.0,0.0,825.44,47.3
22.9384,6.82,11.33,5.5,158.84,88.11,157.52,264.22,122.43,29.59,16.5,4.29,19.03,18.15,4.73,6.82,4.4,814.77,103.51
22.9484,5.06,9.68,5.5,152.68,85.14,157.52,262.46,123.97,34.43,47.85,7.15,34.98,19.8,5.83,6.82,4.4,802.01,161.26
22.9584,3.41,8.03,6.82,143.33,80.74,155.98,262.46,123.97,38.17,82.5,24.31,43.01,26.4,8.25,5.5,2.86,784.74,231.0
22.9684,0.0,6.38,6.82,126.28,77.77,152.9,264.22,125.51,40.7,100.98,44.33,54.12,38.06,8.25,9.57,7.26,759.88,303.27
22.9784,0.0,3.19,4.07,102.3,71.94,149.82,267.63,128.59,43.12,113.41,57.2,58.74,46.31,10.67,11.0,8.8,727.54,349.25
22.9884,0.0,4.84,0.0,75.13,67.54,142.23,269.28,130.13,45.54,126.61,71.06,64.68,51.26,10.67,12.32,10.23,689.15,392.37
22.9984,0.0,4.84,4.07,52.03,61.6,131.45,274.45,131.67,46.86,131.56,75.79,69.08,57.97,11.77,13.75,11.66,660.11,418.44
23.0084,0.0,3.19,2.75,34.21,54.34,117.7,277.86,137.83,46.86,136.51,80.41,75.13,61.05,12.98,20.68,13.2,627.88,446.82
23.0184,0.0,4.84,4.07,18.92,45.98,98.89,284.46,139.37,46.86,144.65,83.49,76.56,64.13,14.19,24.75,13.2,596.53,467.83
23.0284,0.0,3.19,0.0,9.46,40.37,77.66,284.46,137.83,46.86,149.6,86.68,81.07,65.67,16.61,31.68,17.6,552.97,495.77
23.0384,0.0,3.19,2.75,8.25,29.26,53.79,282.81,131.67,48.07,156.2,91.3,87.01,70.29,20.13,35.86,19.03,511.72,527.89
23.0484,0.0,3.19,2.75,5.83,15.29,31.46,267.63,123.97,48.07,161.15,94.38,95.92,73.37,21.34,42.68,19.03,450.12,555.94
23.0584,0.0,3.19,2.75,7.04,15.29,18.26,230.12,105.6,49.28,171.05,100.65,101.97,74.91,24.86,46.86,20.46,382.25,590.04
23.0684,0.0,3.19,0.0,7.04,13.86,17.05,179.52,84.7,50.49,177.87,105.27,109.34,76.45,29.59,53.79,23.43,305.36,626.23
23.0784,0.0,3.19,2.75,5.83,13.86,13.09,130.68,63.91,51.7,184.58,111.43,117.15,79.64,33.22,63.91,24.86,233.31,666.49
23.0884,0.0,0.0,2.75,7.04,12.54,10.45,89.21,42.68,55.44,194.7,120.67,118.69,85.8,36.74,69.85,24.86,164.67,706.75
23.0984,0.0,3.19,2.75,5.83,11.11,10.45,59.4,19.25,57.97,201.41,129.91,128.15,85.8,40.26,78.76,24.86,111.98,747.12
23.1084,0.0,3.19,0.0,5.83,8.36,7.81,36.19,15.18,61.93,211.53,140.58,129.69,93.5,42.68,86.24,27.83,76.56,793.98
23.1184,0.0,0.0,2.75,5.83,6.93,7.81,26.07,11.0,66.0,214.94,151.25,134.42,96.69,46.2,92.29,29.26,60.39,831.05
23.1284,0.0,0.0,2.75,5.83,4.18,7.81,20.24,9.57,71.28,221.65,163.57,139.15,98.23,48.62,101.2,30.8,50.38,874.5
23.1384,0.0,0.0,0.0,5.83,4.18,5.17,12.98,6.82,74.03,223.41,171.38,142.34,99.77,52.14,107.14,32.23,34.98,902.44
23.1484,0.0,0.0,0.0,4.73,4.18,6.49,12.98,5.5,75.35,223.41,173.03,145.53,104.39,54.56,113.19,32.23,33.88,921.69
23.1584,0.0,0.0,0.0,4.73,4.18,6.49,10.12,6.82,75.35,226.93,174.68,147.07,104.39,55.77,114.73,33.66,32.34,932.58
23.1684,0.0,0.0,0.0,3.52,4.18,5.17,10.12,5.5,72.6,223.41,173.03,150.26,109.01,57.2,119.35,32.23,28.49,937.09
23.1784,0.0,0.0,0.0,4.73,4.18,5.17,8.69,5.5,71.28,220.0,169.73,153.45,107.47,60.28,122.43,33.66,28.27,938.3
23.1884,0.0,0.0,2.75,3.52,4.18,5.17,8.69,4.07,67.32,214.94,162.03,156.53,110.55,61.71,123.97,35.2,28.38,932.25
23.1984,0.0,3.19,0.0,2.31,2.75,3.85,8.69,2.75,63.25,209.88,155.87,159.72,110.55,63.25,125.51,35.2,23.54,923.23
23.2084,0.0,0.0,0.0,3.52,4.18,5.17,7.15,2.75,59.29,206.47,148.28,159.72,110.55,64.79,127.05,35.2,22.77,911.35
23.2184,0.0,0.0,0.0,2.31,4.18,3.85,7.15,2.75,55.44,198.11,139.04,166.1,115.28,66.22,127.05,35.2,20.24,902.44
23.2284,0.0,0.0,2.75,2.31,4.18,2.53,7.15,4.07,53.02,194.7,131.45,169.51,116.82,64.79,128.59,36.63,22.99,895.51
23.2384,0.0,0.0,0.0,3.52,4.18,3.85,7.15,4.07,49.28,189.64,125.29,169.51,115.28,67.76,128.59,35.2,22.77,880.55
23.2484,0.0,0.0,0.0,2.31,0.0,5.17,5.72,2.75,48.07,184.58,119.13,176.44,116.82,69.3,130.02,36.63,15.95,880.99
23.2584,0.0,0.0,0.0,3.52,2.75,2.53,5.72,2.75,45.54,177.87,114.51,179.85,116.82,70.84,130.02,36.63,17.27,872.08
23.2684,0.0,0.0,0.0,2.31,2.75,2.53,5.72,2.75,43.12,171.05,108.35,183.37,118.47,70.84,131.56,36.63,16.06,863.39
23.2784,0.0,0.0,2.75,2.31,2.75,3.85,4.29,0.0,41.91,166.1,103.73,183.37,123.31,72.27,133.1,39.6,15.95,863.39
23.2884,0.0,0.0,0.0,2.31,2.75,3.85,2.86,0.0,39.38,157.85,97.46,188.54,121.66,73.81,134.64,38.06,11.77,851.4
23.2984,0.0,0.0,0.0,2.31,0.0,2.53,4.29,0.0,38.17,152.9,92.84,188.54,126.61,73.81,134.64,38.06,9.13,845.57
23.3084,0.0,0.0,0.0,0.0,2.75,3.85,4.29,0.0,35.75,143.0,86.68,193.71,128.15,73.81,139.26,39.6,10.89,839.96
23.3184,0.0,0.0,0.0,2.31,2.75,3.85,4.29,2.75,34.43,138.16,81.95,195.47,129.8,76.78,142.34,39.6,15.95,838.53
23.3284,0.0,0.0,0.0,2.31,2.75,3.85,2.86,2.75,33.22,129.91,77.33,197.12,131.45,78.32,146.96,39.6,14.52,833.91
23.3384,0.0,0.0,0.0,2.31,2.75,3.85,2.86,2.75,30.8,120.01,69.52,195.47,139.59,81.4,151.47,39.6,14.52,827.86
23.3484,0.0,0.0,0.0,2.31,2.75,3.85,2.86,0.0,29.59,113.41,67.98,198.88,141.13,79.86,156.09,39.6,11.77,826.54
23.3584,0.0,0.0,0.0,2.31,2.75,2.53,4.29,0.0,28.27,102.52,63.36,198.88,145.97,84.37,166.87,41.03,11.88,831.27
23.3684,0.0,0.0,0.0,2.31,0.0,2.53,0.0,2.75,27.06,93.28,57.2,197.12,147.62,85.91,176.66,41.03,7.59,825.88
23.3784,0.0,0.0,0.0,2.31,0.0,2.53,0.0,2.75,25.85,80.96,52.91,195.47,152.46,88.88,187.99,45.43,7.59,829.95
23.3884,0.0,0.0,0.0,0.0,0.0,0.0,0.0,2.75,23.43,67.1,47.19,195.47,157.41,90.42,200.97,45.43,2.75,827.42
23.3984,0.0,0.0,0.0,2.31,0.0,2.53,2.86,2.75,20.9,56.1,41.47,190.19,163.9,93.39,215.49,42.46,10.45,823.9
23.4084,0.0,0.0,0.0,0.0,0.0,0.0,0.0,2.75,19.69,46.2,35.75,186.78,167.09,97.9,226.93,45.43,2.75,825.77
23.4184,0.0,0.0,0.0,0.0,2.75,3.85,2.86,2.75,19.69,41.25,28.6,183.37,172.15,99.44,244.09,48.4,12.21,836.99
23.4284,0.0,0.0,0.0,0.0,0.0,3.85,0.0,2.75,18.48,34.65,21.45,183.37,175.78,100.98,257.84,49.83,6.6,842.38
23.4384,0.0,0.0,0.0,2.31,2.75,2.53,0.0,2.75,17.16,24.75,14.3,181.61,182.93,102.52,271.59,51.26,10.34,846.12
23.4484,0.0,0.0,0.0,2.31,2.75,2.53,2.86,2.75,14.74,19.8,10.01,178.09,188.32,105.49,283.58,51.26,13.2,851.29
23.4584,0.0,0.0,0.0,0.0,0.0,2.53,2.86,2.75,11.0,14.85,8.58,174.68,186.56,108.46,297.22,57.2,8.14,858.55
23.4684,0.0,0.0,0.0,2.31,2.75,2.53,0.0,0.0,7.37,14.85,7.15,171.27,191.95,108.46,307.34,63.36,7.59,871.75
23.4784,0.0,0.0,0.0,2.31,2.75,0.0,0.0,0.0,6.16,13.2,5.72,167.75,190.19,113.08,312.51,66.44,5.06,875.05
23.4884,3.41,0.0,0.0,2.31,2.75,0.0,0.0,0.0,4.84,11.55,5.72,164.45,186.56,114.73,320.98,69.52,8.47,878.35
23.4984,0.0,0.0,0.0,2.31,0.0,2.53,0.0,0.0,3.63,9.9,4.29,162.91,184.8,116.49,324.39,75.57,4.84,881.98
23.5084,0.0,0.0,0.0,2.31,0.0,2.53,0.0,2.75,2.42,6.6,2.86,158.18,182.93,114.73,334.62,80.19,7.59,882.53
23.5184,5.06,0.0,0.0,0.0,0.0,2.53,0.0,0.0,2.42,8.25,0.0,150.26,177.54,118.25,336.38,80.19,7.59,873.29
23.5284,8.58,0.0,0.0,0.0,0.0,2.53,0.0,0.0,0.0,6.6,4.29,140.8,172.15,120.01,341.44,84.81,11.11,870.1
23.5384,13.75,0.0,0.0,2.31,2.75,2.53,0.0,2.75,0.0,6.6,2.86,129.69,168.74,118.25,351.67,90.97,24.09,868.78
23.5484,20.57,0.0,0.0,2.31,2.75,3.85,0.0,0.0,0.0,6.6,0.0,118.69,162.25,120.01,355.08,95.48,29.48,858.11
23.5584,27.5,0.0,0.0,2.31,2.75,0.0,0.0,0.0,0.0,3.3,2.86,109.34,158.95,118.25,361.9,98.56,32.56,853.16
23.5684,39.6,0.0,0.0,2.31,2.75,3.85,0.0,0.0,0.0,3.3,0.0,99.0,155.76,118.25,361.9,101.64,48.51,839.85
23.5783,48.18,0.0,0.0,2.31,4.18,3.85,2.86,0.0,0.0,4.95,0.0,85.58,149.27,116.49,363.66,103.18,61.38,823.13
23.5883,60.17,0.0,0.0,4.73,4.18,5.17,2.86,2.75,0.0,3.3,0.0,75.13,142.78,111.54,361.9,100.1,79.86,794.75
23.5983,79.2,0.0,4.07,4.73,4.18,3.85,4.29,2.75,0.0,0.0,0.0,64.68,136.29,108.46,351.67,100.1,103.07,761.2
23.6083,86.02,24.31,71.83,5.83,6.93,5.17,4.29,4.07,0.0,4.95,0.0,52.58,128.15,105.49,341.44,95.48,208.45,728.09
23.6183,87.78,76.34,117.04,24.75,13.86,9.13,7.15,6.82,0.0,3.3,0.0,43.01,116.82,100.98,322.74,90.97,342.87,677.82
23.6283,92.95,109.12,149.93,41.36,22.22,11.77,10.12,11.0,0.0,0.0,0.0,33.44,104.39,93.39,305.69,90.97,448.47,627.88
23.6383,96.36,122.43,166.32,49.61,29.26,24.86,30.36,15.18,0.0,0.0,0.0,20.68,84.26,90.42,278.52,87.89,534.38,561.77
23.6483,99.88,127.49,184.14,49.61,36.19,34.1,50.6,20.68,0.0,3.3,0.0,19.03,61.05,84.37,250.91,93.94,602.69,512.6
23.6583,101.53,132.55,198.77,50.82,40.37,43.23,66.77,22.0,0.0,0.0,0.0,19.03,49.61,67.76,199.32,104.72,656.04,440.44
23.6683,106.7,145.97,208.01,55.55,40.37,48.51,83.16,24.75,0.0,0.0,0.0,17.49,39.71,48.62,125.51,120.34,713.02,351.67
23.6783,111.87,152.68,218.9,55.55,41.8,53.79,93.61,27.5,0.0,0.0,0.0,17.49,34.76,29.59,71.39,123.53,755.7,276.76
23.6883,118.91,161.04,229.68,56.76,44.55,57.86,101.09,27.5,0.0,3.3,0.0,11.11,29.81,20.13,38.61,97.02,797.39,199.98
23.6983,122.43,167.75,233.31,57.97,47.3,59.29,105.6,28.93,0.0,3.3,0.0,12.65,23.1,14.19,27.5,57.2,822.58,137.94
23.7083,129.36,171.27,236.83,59.4,45.98,62.15,110.0,28.93,0.0,0.0,0.0,11.11,19.8,11.77,22.0,44.0,843.92,108.68
23.7183,132.88,180.07,236.83,59.4,47.3,62.15,110.0,30.36,0.0,0.0,0.0,7.92,14.85,9.46,19.25,33.66,858.99,85.14
23.7283,134.64,181.83,238.59,60.83,48.73,64.9,111.54,30.36,0.0,3.3,0.0,4.73,11.55,5.83,13.75,20.46,871.42,59.62
23.7383,136.4,187.11,242.11,60.83,48.73,63.58,113.08,31.68,0.0,3.3,0.0,3.08,8.25,5.83,9.57,8.8,883.52,38.83
23.7483,138.16,188.87,240.35,63.69,48.73,66.33,116.27,31.68,0.0,3.3,0.0,3.08,6.6,3.52,8.25,2.86,894.08,27.61
23.7583,136.4,188.87,242.11,62.26,50.16,64.9,114.62,31.68,0.0,0.0,0.0,6.27,4.95,3.52,6.82,2.86,891.0,24.42
23.7683,138.16,187.11,240.35,62.26,50.16,64.9,117.81,31.68,0.0,0.0,0.0,6.27,4.95,3.52,4.07,0.0,892.43,18.81
23.7783,136.4,187.11,236.83,62.26,51.48,66.33,116.27,31.68,0.0,0.0,0.0,6.27,3.3,3.52,6.82,2.86,888.36,22.77
23.7883,132.88,185.35,233.31,62.26,50.16,67.76,116.27,30.36,0.0,0.0,0.0,3.08,3.3,2.31,5.5,0.0,878.35,14.19
23.7983,129.36,183.59,226.16,63.69,50.16,67.76,113.08,30.36,0.0,0.0,0.0,4.73,0.0,2.31,2.75,0.0,864.16,9.79
23.8083,124.19,180.07,218.9,65.12,48.73,66.33,114.62,30.36,0.0,0.0,0.0,4.73,0.0,0.0,2.75,0.0,848.32,7.48
23.8183,118.91,176.55,208.01,67.98,48.73,69.19,114.62,30.36,0.0,0.0,0.0,4.73,0.0,0.0,4.07,0.0,834.35,8.8
23.8283,111.87,173.03,200.64,70.84,48.73,70.62,113.08,30.36,0.0,0.0,0.0,4.73,0.0,0.0,4.07,0.0,819.17,8.8
23.8383,105.05,167.75,193.38,73.7,50.16,72.05,114.62,30.36,0.0,0.0,0.0,0.0,0.0,2.31,4.07,0.0,807.07,6.38
23.8483,98.12,164.34,184.14,76.56,50.16,73.48,116.27,31.68,0.0,0.0,0.0,4.73,0.0,2.31,4.07,0.0,794.75,11.11
23.8583,91.19,161.04,175.01,80.85,51.48,74.8,116.27,33.11,0.0,0.0,0.0,4.73,0.0,0.0,2.75,0.0,783.75,7.48
23.8683,84.37,155.98,167.97,85.14,51.48,80.52,122.65,34.43,0.0,0.0,0.0,3.08,0.0,0.0,2.75,0.0,782.54,5.83
23.8783,79.2,149.27,159.72,88.0,54.34,83.38,129.14,35.86,0.0,0.0,0.0,4.73,0.0,0.0,2.75,0.0,778.91,7.48
23.8883,74.03,142.56,156.42,89.43,57.2,86.13,135.52,39.93,0.0,0.0,0.0,3.08,0.0,2.31,0.0,0.0,781.22,5.39
23.8983,68.86,134.2,151.47,95.15,60.17,88.99,143.55,42.68,0.0,0.0,0.0,3.08,0.0,0.0,0.0,0.0,785.07,3.08
23.9083,65.34,127.49,148.28,96.58,64.57,91.85,151.58,45.54,0.0,0.0,0.0,0.0,0.0,0.0,2.75,0.0,791.23,2.75
23.9183,61.93,122.43,143.33,99.44,66.0,94.6,158.07,48.29,0.0,0.0,0.0,4.73,0.0,0.0,2.75,0.0,794.09,7.48
23.9283,58.52,115.72,140.03,99.44,70.4,97.46,167.75,55.11,0.0,0.0,0.0,3.08,0.0,0.0,2.75,0.0,804.43,5.83
23.9383,55.11,109.12,131.89,103.73,74.8,100.32,177.76,59.4,0.0,0.0,0.0,3.08,0.0,0.0,2.75,0.0,812.13,5.83
23.9483,53.35,102.52,126.94,105.16,79.31,104.5,186.56,63.91,0.0,0.0,0.0,3.08,0.0,0.0,0.0,0.0,822.25,3.08
23.9583,49.94,96.03,115.39,108.02,83.71,107.36,198.77,71.28,0.0,0.0,0.0,3.08,0.0,0.0,2.75,0.0,830.5,5.83
23.9683,46.42,87.78,107.58,110.88,88.11,111.65,209.33,74.36,0.0,0.0,0.0,0.0,0.0,0.0,2.75,0.0,836.11,2.75
23.9783,43.01,77.99,99.77,113.96,92.51,113.08,223.41,81.73,0.0,0.0,0.0,0.0,0.0,0.0,0.0,0.0,845.46,0.0
23.9883,39.6,69.74,88.88,118.58,98.34,117.7,235.29,87.78,0.0,0.0,0.0,3.08,0.0,0.0,0.0,0.0,855.91,3.08
23.9983,36.08,58.3,76.45,121.66,104.28,122.32,248.93,95.15,0.0,0.0,0.0,3.08,0.0,0.0,0.0,0.0,863.17,3.08
24.0083,32.67,46.97,62.48,126.28,108.68,126.94,262.46,102.63,0.0,0.0,0.0,3.08,0.0,0.0,2.75,0.0,869.11,5.83
24.0183,29.26,37.18,49.72,127.82,115.28,131.45,276.1,110.11,0.0,0.0,0.0,3.08,0.0,0.0,0.0,0.0,876.92,3.08
24.0283,27.5,27.5,37.29,127.82,122.1,132.99,291.06,117.81,0.0,0.0,0.0,3.08,0.0,0.0,0.0,0.0,884.07,3.08
24.0383,25.74,17.82,23.43,124.74,125.51,136.07,306.02,128.59,0.0,0.0,0.0,0.0,0.0,0.0,0.0,0.0,887.92,0.0
24.0483,20.57,14.52,16.5,120.12,130.68,139.15,319.33,137.83,2.42,3.3,2.86,0.0,0.0,0.0,0.0,0.0,898.7,8.58
24.0583,15.4,12.87,11.0,113.96,132.33,139.15,334.4,147.18,6.16,3.3,2.86,0.0,0.0,0.0,0.0,0.0,906.29,12.32
24.0683,10.23,11.33,11.0,108.02,132.33,140.69,347.05,157.96,7.37,4.95,0.0,0.0,0.0,0.0,0.0,0.0,918.61,12.32
24.0783,6.82,9.68,9.57,99.44,132.33,143.77,361.57,167.2,3.63,0.0,0.0,0.0,0.0,0.0,0.0,0.0,930.38,3.63
24.0883,0.0,8.03,5.5,89.43,128.92,143.77,374.33,177.21,6.16,0.0,0.0,0.0,0.0,0.0,0.0,0.0,927.19,6.16
24.0983,0.0,4.84,6.82,76.56,123.86,145.31,385.22,187.66,4.84,0.0,0.0,0.0,0.0,0.0,0.0,0.0,930.27,4.84
24.1083,0.0,4.84,6.82,65.12,120.45,146.85,399.63,198.0,6.16,0.0,0.0,0.0,0.0,0.0,0.0,0.0,941.71,6.16
24.1183,0.0,6.38,6.82,52.03,111.87,146.85,412.39,206.69,7.37,0.0,0.0,3.08,0.0,0.0,0.0,0.0,943.03,10.45
24.1283,0.0,4.84,5.5,42.57,104.28,145.31,425.04,215.38,12.32,0.0,0.0,3.08,0.0,0.0,0.0,0.0,942.92,15.4
24.1383,0.0,4.84,5.5,33.11,93.94,142.23,437.69,222.31,17.16,0.0,0.0,3.08,0.0,0.0,0.0,0.0,939.62,20.24
24.1483,0.0,4.84,5.5,22.44,85.14,134.53,446.71,224.07,24.64,0.0,0.0,3.08,0.0,0.0,0.0,0.0,923.23,27.72
24.1583,0.0,4.84,6.82,14.19,71.94,130.02,452.21,229.13,33.22,0.0,0.0,4.73,3.3,0.0,0.0,0.0,909.15,41.25
24.1683,0.0,3.19,4.07,8.25,57.2,116.16,455.73,227.48,44.33,0.0,0.0,4.73,3.3,2.31,0.0,0.0,872.08,54.67
24.1783,0.0,4.84,4.07,5.83,43.12,100.32,452.21,225.72,56.65,77.88,5.72,3.08,6.6,2.31,0.0,0.0,836.11,152.24
24.1883,0.0,4.84,5.5,5.83,32.01,83.38,439.56,218.79,61.93,169.4,80.41,34.98,11.55,7.04,6.82,4.4,789.91,376.53
24.1983,0.0,4.84,4.07,3.52,32.01,62.15,406.89,208.45,57.97,204.82,145.2,73.59,31.46,10.67,9.57,8.8,721.93,542.08
24.2083,0.0,4.84,4.07,4.73,32.01,45.87,332.64,196.35,63.25,223.41,195.8,94.49,47.96,12.98,11.0,13.2,620.51,662.09
24.2183,0.0,4.84,4.07,3.52,30.58,32.78,219.89,189.42,72.6,228.69,225.28,99.0,61.05,15.4,15.18,14.63,485.1,731.83
24.2283,0.0,4.84,4.07,2.31,25.08,26.18,116.27,173.8,74.03,226.93,233.53,100.43,62.59,15.4,23.43,17.6,352.55,753.94
24.2383,0.0,4.84,2.75,0.0,20.9,22.22,60.83,134.75,72.6,230.45,233.53,101.97,65.67,20.13,26.18,19.03,246.29,769.56
24.2483,0.0,3.19,4.07,0.0,16.72,20.9,43.45,87.78,72.6,235.73,235.18,107.91,67.21,21.34,31.68,19.03,176.11,790.68
24.2583,0.0,4.84,0.0,0.0,13.86,15.73,30.36,59.4,74.03,241.01,233.53,112.42,67.21,23.65,37.18,20.46,124.19,809.49
24.2683,0.0,4.84,2.75,0.0,9.68,11.77,23.1,30.36,75.35,246.29,233.53,115.5,67.21,27.28,39.93,23.43,82.5,828.52
24.2783,0.0,3.19,0.0,0.0,5.5,7.81,14.41,16.5,77.99,253.44,231.88,115.5,68.75,27.28,41.36,22.0,47.41,838.2
24.2883,0.0,0.0,0.0,0.0,4.18,5.17,10.12,6.82,79.31,255.2,231.88,120.23,68.75,29.59,42.68,23.43,26.29,851.07
24.2983,0.0,3.19,0.0,0.0,4.18,2.53,8.69,5.5,80.74,260.48,230.23,129.69,67.21,30.8,45.54,23.43,24.09,868.12
24.3083,0.0,0.0,0.0,0.0,0.0,3.85,8.69,2.75,79.31,265.76,226.93,134.42,71.83,33.22,48.29,24.86,15.29,884.62
24.3183,0.0,3.19,2.75,0.0,0.0,3.85,7.15,2.75,75.35,264.0,223.63,140.8,74.91,35.53,52.36,26.4,19.69,892.98
24.3283,0.0,3.19,2.75,0.0,0.0,3.85,4.29,2.75,71.28,258.72,215.38,143.99,78.1,40.26,60.94,26.4,16.83,895.07
24.3383,0.0,3.19,2.75,0.0,0.0,0.0,7.15,2.75,67.32,253.44,213.73,148.72,78.1,42.68,68.31,27.83,15.84,900.13
24.3483,0.0,0.0,2.75,0.0,0.0,3.85,5.72,0.0,63.25,248.05,208.89,151.8,84.26,43.89,75.79,27.83,12.32,903.76
24.3583,0.0,0.0,0.0,0.0,0.0,2.53,4.29,0.0,57.97,239.25,200.75,150.26,85.8,48.62,80.3,29.26,6.82,892.21
24.3683,0.0,3.19,2.75,0.0,0.0,2.53,4.29,0.0,51.7,225.17,192.61,153.45,87.34,50.93,89.21,30.8,12.76,881.21
24.3783,0.0,3.19,0.0,0.0,2.75,0.0,4.29,0.0,48.07,216.59,184.47,153.45,91.96,54.56,95.26,30.8,10.23,875.16
24.3883,0.0,0.0,0.0,0.0,0.0,0.0,2.86,0.0,44.33,204.82,176.33,153.45,95.04,54.56,102.74,32.23,2.86,863.5
24.3983,0.0,0.0,0.0,0.0,0.0,2.53,0.0,0.0,40.7,191.29,168.19,151.8,98.23,60.28,107.14,32.23,2.53,849.86
24.4083,0.0,0.0,2.75,0.0,0.0,0.0,2.86,0.0,38.17,182.93,158.95,151.8,99.77,61.71,116.27,32.23,5.61,841.83
24.4183,0.0,3.19,0.0,0.0,0.0,2.53,2.86,0.0,34.43,171.05,152.79,153.45,102.85,66.22,119.35,33.66,8.58,833.8
24.4283,0.0,3.19,0.0,0.0,0.0,0.0,0.0,0.0,33.22,159.5,143.66,151.8,105.93,67.76,127.05,36.63,3.19,825.55
24.4383,0.0,3.19,0.0,0.0,0.0,0.0,2.86,0.0,32.01,149.6,135.96,147.07,107.47,72.27,136.18,36.63,6.05,817.19
24.4483,0.0,0.0,0.0,0.0,0.0,0.0,0.0,0.0,29.59,136.51,126.83,148.72,110.55,73.81,146.96,38.06,0.0,811.03
24.4583,0.0,0.0,2.75,0.0,0.0,2.53,0.0,0.0,28.27,124.96,117.59,145.53,115.28,76.78,154.55,38.06,5.28,801.02
24.4683,0.0,0.0,0.0,0.0,0.0,0.0,0.0,0.0,25.85,110.22,108.35,143.99,121.66,81.4,165.33,41.03,0.0,797.83
24.4783,0.0,0.0,2.75,0.0,0.0,0.0,0.0,0.0,23.43,99.44,100.65,142.34,121.66,81.4,179.85,42.46,2.75,791.23
24.4883,0.0,0.0,0.0,0.0,0.0,0.0,0.0,0.0,22.11,88.66,92.84,140.8,129.8,87.34,191.18,39.6,0.0,792.33
24.4983,0.0,0.0,2.75,0.0,0.0,0.0,0.0,0.0,20.9,79.42,85.03,139.15,134.64,88.88,200.97,44.0,2.75,792.99
24.5083,0.0,0.0,2.75,0.0,0.0,0.0,0.0,0.0,19.69,70.18,74.25,140.8,141.13,90.42,212.3,46.86,2.75,795.63
24.5183,0.0,0.0,0.0,0.0,0.0,0.0,0.0,0.0,18.48,62.48,64.9,140.8,144.43,94.93,220.44,48.4,0.0,794.86
24.5283,0.0,0.0,0.0,0.0,0.0,0.0,0.0,0.0,17.16,54.45,54.34,142.34,147.62,96.47,233.75,49.83,0.0,795.96
24.5383,0.0,0.0,2.75,0.0,0.0,0.0,0.0,0.0,15.95,42.9,42.9,143.99,154.11,100.98,242.33,51.26,2.75,794.42
24.5483,0.0,3.19,0.0,0.0,0.0,0.0,0.0,0.0,15.95,36.3,32.89,145.53,157.41,103.95,249.26,54.23,3.19,795.52
24.5583,0.0,0.0,2.75,0.0,0.0,0.0,0.0,0.0,14.74,29.7,24.31,147.07,160.6,102.52,257.84,57.2,2.75,793.98
24.5683,0.0,3.19,2.75,0.0,0.0,0.0,0.0,0.0,13.53,23.1,17.16,143.99,163.9,107.03,264.66,58.74,5.94,792.11
24.5783,0.0,0.0,2.75,0.0,0.0,0.0,0.0,0.0,12.32,18.15,10.01,140.8,165.44,107.03,275.0,58.74,2.75,787.49
24.5883,0.0,0.0,2.75,0.0,0.0,0.0,0.0,0.0,8.58,14.85,10.01,134.42,168.74,108.46,293.81,64.9,2.75,803.77
24.5983,0.0,0.0,2.75,0.0,0.0,0.0,0.0,0.0,6.16,9.9,7.15,126.61,170.39,111.54,305.69,71.06,2.75,808.5
24.6083,0.0,0.0,0.0,0.0,0.0,0.0,0.0,0.0,3.63,9.9,7.15,117.15,172.15,111.54,326.15,77.11,0.0,824.78
24.6183,0.0,0.0,2.75,0.0,0.0,0.0,0.0,0.0,3.63,8.25,4.29,109.34,173.91,114.73,341.44,86.35,2.75,841.94
24.6283,0.0,0.0,2.75,0.0,0.0,0.0,0.0,0.0,2.42,8.25,5.72,99.0,175.78,116.49,356.84,92.51,2.75,857.01
24.6383,0.0,0.0,2.75,0.0,0.0,0.0,0.0,0.0,0.0,4.95,5.72,88.55,172.15,113.08,378.95,100.1,2.75,863.5
24.6483,0.0,0.0,2.75,0.0,0.0,0.0,0.0,0.0,0.0,4.95,4.29,76.56,173.91,116.49,394.46,109.34,2.75,880.0
24.6583,0.0,0.0,0.0,0.0,0.0,0.0,0.0,0.0,0.0,4.95,4.29,66.11,172.15,113.08,408.76,115.61,0.0,884.95
24.6683,0.0,0.0,0.0,0.0,0.0,0.0,0.0,0.0,0.0,4.95,4.29,55.77,170.39,111.54,424.93,120.34,0.0,892.21
24.6783,5.06,0.0,0.0,0.0,0.0,0.0,0.0,0.0,0.0,4.95,2.86,43.01,165.44,108.46,439.23,129.91,5.06,893.86
24.6883,8.58,0.0,0.0,0.0,0.0,0.0,0.0,0.0,0.0,4.95,2.86,33.44,162.25,107.03,446.38,131.56,8.58,888.47
24.6983,22.33,0.0,0.0,0.0,0.0,0.0,0.0,0.0,0.0,3.3,2.86,25.41,155.76,102.52,453.64,137.94,22.33,881.43
24.7083,48.18,0.0,0.0,2.31,4.18,0.0,0.0,0.0,0.0,4.95,2.86,15.84,149.27,96.47,460.9,139.48,54.67,869.77
24.7183,75.68,0.0,0.0,3.52,5.5,2.53,0.0,0.0,0.0,3.3,2.86,12.65,136.29,88.88,455.51,137.94,87.23,837.43
24.7283,101.53,0.0,0.0,4.73,5.5,3.85,0.0,0.0,0.0,3.3,2.86,12.65,121.66,75.35,451.88,137.94,115.61,805.64
24.7383,120.67,38.83,74.91,5.83,5.5,5.17,0.0,0.0,0.0,3.3,2.86,11.11,104.39,66.22,430.21,133.1,250.91,751.19
24.7483,118.91,105.82,138.38,7.04,5.5,6.49,2.86,2.75,0.0,0.0,2.86,12.65,81.18,52.14,403.37,128.37,387.75,680.57
24.7583,110.22,142.56,187.88,30.69,6.93,6.49,5.72,5.5,0.0,3.3,2.86,14.3,61.05,44.99,353.43,121.99,495.99,601.92
24.7683,108.46,159.39,224.4,49.61,20.9,9.13,8.69,9.57,0.0,3.3,2.86,15.84,54.56,37.95,250.91,131.56,590.15,496.98
24.7783,108.46,162.69,252.89,55.55,33.44,24.86,31.79,17.93,0.0,4.95,0.0,14.3,44.66,27.28,139.26,134.75,687.61,365.2
24.7883,111.87,164.34,270.6,55.55,37.62,36.74,55.0,20.68,0.0,3.3,2.86,12.65,36.41,26.07,71.39,117.15,752.4,269.83
24.7983,115.39,167.75,283.25,59.4,43.12,44.55,80.19,23.43,0.0,0.0,0.0,12.65,28.05,21.34,41.36,84.81,817.08,188.21
24.8083,118.91,171.27,294.47,56.76,44.55,51.15,93.61,26.18,0.0,0.0,0.0,7.92,23.1,15.4,28.93,60.28,856.9,135.63
24.8183,124.19,174.79,300.08,56.76,47.3,55.11,102.63,26.18,0.0,3.3,0.0,4.73,18.15,10.67,24.75,48.4,887.04,110.0
24.8283,127.6,178.31,303.82,59.4,50.16,56.43,111.54,27.5,0.0,0.0,0.0,6.27,11.55,9.46,15.18,29.26,914.76,71.72
24.8383,131.12,183.59,305.69,60.83,48.73,56.43,116.27,27.5,0.0,0.0,0.0,4.73,8.25,7.04,11.0,14.63,930.16,45.65
24.8483,134.64,187.11,305.69,60.83,51.48,59.29,116.27,28.93,0.0,0.0,0.0,3.08,6.6,4.73,8.25,5.83,944.24,28.49
24.8583,136.4,188.87,303.82,62.26,51.48,57.86,117.81,27.5,0.0,0.0,0.0,4.73,6.6,4.73,9.57,4.4,946.0,30.03
24.8683,136.4,190.63,301.95,63.69,51.48,57.86,117.81,28.93,0.0,0.0,0.0,3.08,4.95,4.73,6.82,2.86,948.75,22.44
24.8783,132.88,188.87,296.34,62.26,50.16,59.29,114.62,27.5,0.0,0.0,0.0,4.73,4.95,3.52,5.5,4.4,931.92,23.1
24.8883,131.12,187.11,286.99,63.69,47.3,59.29,114.62,27.5,0.0,0.0,0.0,4.73,3.3,0.0,6.82,4.4,917.62,19.25
24.8983,124.19,183.59,279.51,63.69,48.73,59.29,110.0,27.5,0.0,0.0,0.0,4.73,0.0,3.52,6.82,4.4,896.5,19.47
24.9083,115.39,178.31,267.08,65.12,48.73,60.72,110.0,27.5,0.0,0.0,0.0,4.73,3.3,2.31,6.82,2.86,872.85,20.02
24.9183,106.7,171.27,256.41,66.55,48.73,63.58,111.54,27.5,0.0,0.0,0.0,4.73,3.3,3.52,4.07,0.0,852.28,15.62
24.9283,99.88,166.1,242.11,70.84,50.16,64.9,111.54,28.93,0.0,0.0,0.0,0.0,3.3,2.31,5.5,2.86,834.46,13.97
24.9383,91.19,159.39,229.68,73.7,48.73,66.33,111.54,28.93,0.0,0.0,0.0,3.08,3.3,2.31,2.75,2.86,809.49,14.3
24.9483,82.61,152.68,215.27,75.13,48.73,69.19,113.08,28.93,0.0,0.0,0.0,4.73,0.0,2.31,5.5,2.86,785.62,15.4
24.9583,75.68,147.62,206.14,79.42,50.16,70.62,116.27,28.93,0.0,0.0,0.0,3.08,0.0,2.31,2.75,2.86,774.84,11.0
24.9683,72.27,140.91,191.51,85.14,51.48,70.62,116.27,28.93,0.0,0.0,0.0,3.08,0.0,2.31,2.75,2.86,757.13,11.0
24.9783,67.1,134.2,182.38,88.0,51.48,76.23,119.46,30.36,0.0,0.0,0.0,4.73,0.0,0.0,4.07,0.0,749.21,8.8
24.9883,61.93,129.14,169.62,90.86,51.48,79.09,124.3,31.68,0.0,0.0,0.0,3.08,0.0,0.0,4.07,0.0,738.1,7.15
24.9983,60.17,122.43,163.02,95.15,52.91,80.52,129.14,34.43,0.0,0.0,0.0,0.0,0.0,0.0,4.07,0.0,737.77,4.07
25.0082,56.76,115.72,156.42,98.01,55.77,84.7,135.52,33.11,0.0,0.0,0.0,3.08,0.0,0.0,4.07,2.86,736.01,10.01
25.0182,55.11,109.12,153.12,99.44,58.63,86.13,142.01,38.61,0.0,0.0,0.0,0.0,0.0,0.0,2.75,0.0,742.17,2.75
25.0282,53.35,104.17,146.63,103.73,63.03,90.42,151.58,41.36,0.0,0.0,0.0,3.08,0.0,0.0,0.0,2.86,754.27,5.94
25.0382,49.94,99.22,143.33,103.73,66.0,93.17,161.26,45.54,0.0,0.0,0.0,3.08,0.0,0.0,2.75,0.0,762.19,5.83
25.0482,48.18,92.73,138.38,109.45,68.97,96.03,170.94,49.61,0.0,0.0,0.0,0.0,0.0,0.0,2.75,2.86,774.29,5.61
25.0582,46.42,86.13,131.89,110.88,74.8,100.32,183.04,55.11,0.0,0.0,0.0,3.08,0.0,0.0,2.75,2.86,788.59,8.69
25.0682,43.01,77.99,123.64,115.5,80.74,104.5,193.6,60.94,0.0,0.0,0.0,3.08,0.0,2.31,0.0,2.86,799.92,8.25
25.0782,41.25,68.2,117.04,118.58,83.71,107.36,204.05,65.34,0.0,0.0,0.0,3.08,0.0,0.0,0.0,0.0,805.53,3.08
25.0882,37.84,61.6,107.58,121.66,91.08,108.79,218.13,72.82,0.0,0.0,0.0,3.08,0.0,0.0,0.0,0.0,819.5,3.08
25.0982,34.43,51.81,95.15,124.74,95.48,114.62,233.53,78.76,0.0,0.0,0.0,0.0,0.0,0.0,0.0,2.86,828.52,2.86
25.1082,32.67,42.13,81.07,126.28,101.31,117.7,250.58,89.21,0.0,0.0,0.0,3.08,0.0,0.0,2.75,2.86,840.95,8.69
25.1182,29.26,33.99,68.64,127.82,105.71,123.86,265.87,98.12,0.0,0.0,0.0,3.08,0.0,0.0,0.0,0.0,853.27,3.08
25.1282,27.5,25.85,52.47,126.28,110.22,126.94,281.16,105.6,0.0,0.0,0.0,3.08,0.0,0.0,0.0,0.0,856.02,3.08
25.1382,24.09,17.82,40.04,124.74,117.04,128.48,297.77,119.35,0.0,0.0,0.0,3.08,0.0,0.0,0.0,0.0,869.33,3.08
25.1482,22.33,14.52,24.86,123.2,123.86,131.45,316.03,128.59,0.0,0.0,0.0,0.0,0.0,0.0,0.0,0.0,884.84,0.0
25.1582,20.57,12.87,20.68,118.58,127.27,131.45,334.4,142.56,0.0,0.0,0.0,0.0,0.0,0.0,0.0,0.0,908.38,0.0
25.1682,15.4,9.68,13.75,112.42,130.68,136.07,352.55,153.34,0.0,0.0,0.0,3.08,0.0,0.0,0.0,0.0,923.89,3.08
25.1782,10.23,9.68,12.43,106.59,130.68,137.61,370.7,164.12,0.0,0.0,0.0,3.08,0.0,0.0,0.0,0.0,942.04,3.08
25.1882,5.06,8.03,11.0,98.01,130.68,139.15,386.98,177.21,0.0,0.0,0.0,3.08,0.0,0.0,0.0,0.0,956.12,3.08
25.1982,0.0,4.84,8.25,85.14,127.27,140.69,405.13,189.42,0.0,0.0,0.0,3.08,0.0,0.0,0.0,0.0,960.74,3.08
25.2082,0.0,6.38,6.82,70.84,123.86,140.69,419.54,203.28,0.0,0.0,0.0,0.0,0.0,0.0,0.0,0.0,971.41,0.0
25.2182,0.0,4.84,5.5,57.97,113.63,140.69,437.69,213.62,0.0,0.0,0.0,0.0,0.0,0.0,0.0,0.0,973.94,0.0
25.2282,0.0,4.84,6.82,46.09,104.28,139.15,452.21,222.31,2.42,0.0,0.0,3.08,0.0,0.0,0.0,0.0,975.7,5.5
25.2382,0.0,4.84,6.82,34.21,95.48,137.61,462.99,229.13,4.84,0.0,0.0,3.08,0.0,0.0,0.0,0.0,971.08,7.92
25.2482,0.0,4.84,5.5,24.75,83.71,131.45,475.64,236.06,4.84,0.0,0.0,3.08,0.0,0.0,0.0,0.0,961.95,7.92
25.2582,0.0,3.19,6.82,16.5,71.94,123.86,482.9,234.3,9.79,0.0,0.0,3.08,0.0,0.0,0.0,0.0,939.51,12.87
25.2682,0.0,4.84,6.82,9.46,57.2,113.08,484.66,236.06,27.06,0.0,0.0,4.73,0.0,2.31,0.0,0.0,912.12,34.1
25.2782,0.0,4.84,4.07,7.04,41.8,98.89,479.27,230.89,43.12,0.0,0.0,4.73,3.3,3.52,2.75,0.0,866.8,57.42
25.2882,0.0,4.84,5.5,5.83,32.01,83.38,464.75,224.07,61.93,11.55,2.86,6.27,6.6,3.52,2.75,0.0,820.38,95.48
25.2982,0.0,4.84,5.5,5.83,29.26,63.58,428.67,213.62,96.8,134.86,21.45,4.73,6.6,5.83,2.75,2.86,751.3,275.88
25.3082,0.0,4.84,5.5,3.52,29.26,45.87,363.44,199.76,95.48,226.93,111.43,11.11,8.25,4.73,4.07,0.0,652.19,462.0
25.3182,0.0,4.84,5.5,3.52,30.58,32.78,252.23,192.83,83.38,276.43,179.52,46.2,13.2,7.04,8.25,4.4,522.28,618.42
25.3282,0.0,4.84,4.07,2.31,26.4,26.18,135.52,178.97,82.06,286.44,223.63,79.53,33.11,15.4,9.57,10.23,378.29,739.97
25.3382,0.0,4.84,2.75,2.31,22.22,24.86,69.74,156.42,82.06,288.2,246.73,92.95,49.61,14.19,13.75,13.2,283.14,800.69
25.3482,0.0,4.84,2.75,2.31,18.04,22.22,44.88,102.63,79.31,288.2,259.93,97.46,62.59,16.61,16.5,14.63,197.67,835.23
25.3582,0.0,4.84,4.07,0.0,12.54,15.73,34.76,68.31,76.67,288.2,258.28,107.91,68.75,15.4,19.25,17.6,140.25,852.06
25.3682,0.0,4.84,4.07,0.0,9.68,13.09,24.53,39.93,75.35,289.85,254.98,110.88,74.91,20.13,22.0,17.6,96.14,865.7
25.3782,0.0,3.19,4.07,0.0,5.5,9.13,15.84,19.25,74.03,293.15,251.68,117.15,78.1,20.13,27.5,17.6,56.98,879.34
25.3882,0.0,3.19,2.75,0.0,5.5,5.17,11.55,9.57,75.35,298.21,251.68,118.69,76.45,21.34,31.68,22.0,37.73,895.4
25.3982,0.0,0.0,2.75,0.0,2.75,3.85,10.12,4.07,76.67,303.27,248.38,123.42,79.64,22.44,31.68,22.0,23.54,907.5
25.4082,0.0,3.19,2.75,0.0,2.75,2.53,8.69,2.75,76.67,306.68,241.78,126.61,78.1,24.86,34.43,22.0,22.66,911.13
25.4182,0.0,3.19,0.0,0.0,2.75,3.85,7.15,0.0,72.6,308.33,233.53,132.88,82.72,26.07,34.43,22.0,16.94,912.56
25.4282,0.0,3.19,0.0,0.0,2.75,0.0,5.72,0.0,68.64,305.03,221.98,134.42,84.26,28.38,37.18,23.43,11.66,903.32
25.4382,0.0,3.19,4.07,0.0,2.75,2.53,5.72,0.0,63.25,296.56,212.19,142.34,82.72,29.59,42.68,26.4,18.26,895.73
25.4482,0.0,3.19,0.0,0.0,2.75,0.0,5.72,2.75,57.97,293.15,200.75,145.53,87.34,30.8,44.11,24.86,14.41,884.51
25.4582,0.0,3.19,2.75,0.0,0.0,2.53,5.72,0.0,51.7,283.14,189.31,148.72,88.88,33.22,45.54,26.4,14.19,866.91
25.4682,0.0,0.0,0.0,0.0,2.75,2.53,2.86,0.0,46.86,272.8,174.68,153.45,88.88,34.32,48.29,24.86,8.14,844.14
25.4782,0.0,0.0,2.75,0.0,0.0,0.0,4.29,0.0,40.7,255.2,162.03,158.18,91.96,36.74,51.04,26.4,7.04,822.25
25.4882,0.0,0.0,2.75,0.0,0.0,0.0,0.0,0.0,35.75,241.01,148.28,161.26,95.04,37.95,56.54,27.83,2.75,803.66
25.4982,0.0,0.0,0.0,0.0,0.0,0.0,4.29,0.0,32.01,228.69,135.96,167.75,96.69,40.26,57.97,24.86,4.29,784.19
25.5082,0.0,3.19,2.75,0.0,0.0,0.0,4.29,0.0,29.59,213.29,122.21,174.68,96.69,42.68,62.37,30.8,10.23,772.31
25.5182,0.0,0.0,0.0,0.0,0.0,0.0,2.86,0.0,28.27,203.17,111.43,178.09,99.77,43.89,62.37,27.83,2.86,754.82
25.5282,0.0,0.0,2.75,0.0,0.0,0.0,2.86,0.0,27.06,189.64,99.0,185.02,99.77,47.41,69.85,29.26,5.61,747.01
25.5382,0.0,3.19,2.75,0.0,0.0,0.0,0.0,0.0,24.64,177.87,89.76,186.78,102.85,49.83,74.36,30.8,5.94,736.89
25.5482,0.0,0.0,0.0,0.0,0.0,0.0,0.0,0.0,22.11,162.8,80.41,195.47,105.93,52.14,80.3,32.23,0.0,731.39
25.5582,0.0,0.0,0.0,0.0,0.0,0.0,0.0,0.0,22.11,151.25,71.06,197.12,107.47,54.56,84.81,33.66,0.0,722.04
25.5682,0.0,3.19,0.0,0.0,0.0,0.0,0.0,0.0,20.9,138.16,61.82,202.29,112.09,58.74,87.78,33.66,3.19,715.44
25.5782,0.0,3.19,0.0,0.0,0.0,0.0,0.0,0.0,18.48,123.31,57.2,205.81,115.28,63.25,95.26,35.2,3.19,713.79
25.5882,0.0,0.0,2.75,0.0,0.0,0.0,0.0,0.0,17.16,111.76,50.05,205.81,120.12,64.79,107.14,36.63,2.75,713.46
25.5982,0.0,0.0,0.0,0.0,0.0,0.0,0.0,0.0,15.95,96.36,42.9,207.46,124.96,69.3,117.81,36.63,0.0,711.37
25.6082,0.0,0.0,2.75,0.0,0.0,0.0,0.0,0.0,15.95,85.58,38.61,200.64,129.8,76.78,128.59,38.06,2.75,714.01
25.6182,0.0,3.19,2.75,0.0,0.0,0.0,0.0,0.0,14.74,70.18,31.46,195.47,136.29,81.4,143.88,36.63,5.94,710.05
25.6282,0.0,0.0,0.0,0.0,0.0,0.0,0.0,0.0,14.74,60.94,25.74,186.78,142.78,81.4,163.79,39.6,0.0,715.77
25.6382,0.0,0.0,2.75,0.0,0.0,0.0,0.0,0.0,13.53,49.5,22.88,176.44,147.62,88.88,179.85,41.03,2.75,719.73
25.6482,0.0,0.0,0.0,0.0,0.0,0.0,0.0,0.0,13.53,39.6,18.59,169.51,152.46,90.42,200.97,45.43,0.0,730.51
25.6582,0.0,0.0,2.75,0.0,0.0,0.0,0.0,0.0,13.53,31.35,12.87,164.45,158.95,94.93,221.98,49.83,2.75,747.89
25.6682,0.0,0.0,2.75,0.0,0.0,0.0,0.0,0.0,12.32,21.45,10.01,158.18,168.74,97.9,240.68,55.77,2.75,765.05
25.6782,0.0,0.0,4.07,0.0,0.0,0.0,0.0,0.0,8.58,14.85,8.58,148.72,173.91,99.44,259.6,63.36,4.07,777.04
25.6882,0.0,0.0,2.75,0.0,0.0,0.0,0.0,0.0,6.16,13.2,5.72,140.8,179.3,102.52,275.0,69.52,2.75,792.22
25.6982,0.0,0.0,0.0,0.0,0.0,0.0,0.0,0.0,4.84,13.2,5.72,129.69,181.17,105.49,295.46,80.19,0.0,815.76
25.7082,0.0,0.0,2.75,0.0,0.0,0.0,0.0,0.0,3.63,9.9,4.29,121.88,184.8,107.03,315.92,90.97,2.75,838.42
25.7182,0.0,0.0,0.0,0.0,0.0,0.0,0.0,0.0,2.42,6.6,2.86,115.5,188.32,107.03,336.38,101.64,0.0,860.75
25.7282,0.0,0.0,2.75,0.0,0.0,0.0,0.0,0.0,0.0,8.25,4.29,103.4,186.56,111.54,350.02,109.34,2.75,873.4
25.7382,0.0,0.0,2.75,0.0,0.0,0.0,0.0,0.0,0.0,8.25,2.86,94.49,186.56,110.0,368.72,118.8,2.75,889.68
25.7482,0.0,0.0,0.0,0.0,0.0,0.0,0.0,0.0,0.0,4.95,4.29,81.07,184.8,113.08,382.36,123.53,0.0,894.08
25.7582,0.0,0.0,0.0,0.0,0.0,0.0,0.0,0.0,0.0,6.6,0.0,66.11,181.17,110.0,403.37,133.1,0.0,900.35
25.7682,5.06,0.0,0.0,0.0,0.0,0.0,0.0,0.0,0.0,4.95,2.86,54.12,175.78,108.46,419.54,137.94,5.06,903.65
25.7782,6.82,0.0,0.0,0.0,0.0,0.0,0.0,0.0,0.0,3.3,2.86,41.36,172.15,102.52,432.08,141.13,6.82,895.4
25.7882,18.92,0.0,0.0,2.31,2.75,0.0,0.0,0.0,0.0,4.95,0.0,28.6,162.25,97.9,439.23,142.78,23.98,875.71
25.7982,46.42,0.0,0.0,2.31,2.75,0.0,0.0,0.0,0.0,3.3,2.86,19.03,150.92,93.39,442.75,141.13,51.48,853.38
25.8082,77.44,0.0,0.0,2.31,4.18,3.85,0.0,0.0,0.0,4.95,2.86,15.84,139.59,85.91,439.23,142.78,87.78,831.16
25.8182,105.05,0.0,0.0,4.73,5.5,3.85,0.0,0.0,0.0,4.95,2.86,12.65,121.66,70.84,426.69,139.48,119.13,779.13
25.8282,145.09,11.33,30.36,5.83,4.18,3.85,0.0,2.75,0.0,0.0,0.0,12.65,101.31,61.71,399.85,136.29,203.39,711.81
25.8382,155.54,102.52,112.2,5.83,5.5,6.49,4.29,2.75,0.0,3.3,2.86,14.3,74.91,48.62,367.07,129.91,395.12,640.97
25.8482,143.33,166.1,171.38,10.56,6.93,6.49,4.29,4.07,0.0,3.3,2.86,15.84,57.97,42.68,302.28,128.37,513.15,553.3
25.8582,132.88,197.67,218.9,46.09,8.36,7.81,4.29,6.82,0.0,4.95,0.0,14.3,47.96,33.22,179.85,136.29,622.82,416.57
25.8682,132.88,201.19,251.02,65.12,22.22,19.58,14.41,15.18,0.0,4.95,0.0,14.3,38.06,27.28,96.69,129.91,721.6,311.19
25.8782,132.88,199.43,274.23,67.98,32.01,32.78,39.05,20.68,0.0,3.3,2.86,9.46,31.46,23.65,46.86,101.64,799.04,219.23
25.8882,134.64,199.43,286.99,70.84,36.19,43.23,63.8,23.43,0.0,4.95,0.0,11.11,23.1,17.71,33.11,66.44,858.55,156.42
25.8982,136.4,199.43,296.34,69.41,41.8,51.15,81.73,24.75,0.0,3.3,0.0,7.92,19.8,12.98,23.43,55.77,901.01,123.2
25.9082,141.57,201.19,305.69,67.98,43.12,53.79,96.58,26.18,0.0,0.0,0.0,7.92,11.55,10.67,17.93,38.06,936.1,86.13
25.9182,146.85,202.95,311.3,66.55,45.98,57.86,107.03,27.5,0.0,3.3,0.0,3.08,9.9,7.04,13.75,24.86,966.02,61.93
25.9282,148.61,202.95,313.17,63.69,47.3,57.86,111.54,30.36,0.0,0.0,0.0,3.08,6.6,7.04,8.25,7.26,975.48,32.23
25.9382,152.13,202.95,315.04,60.83,48.73,59.29,116.27,28.93,0.0,3.3,0.0,3.08,6.6,4.73,9.57,4.4,984.17,31.68
25.9482,153.89,202.95,315.04,62.26,48.73,60.72,117.81,28.93,0.0,0.0,0.0,4.73,6.6,4.73,6.82,5.83,990.33,28.71
25.9582,153.89,201.19,311.3,59.4,50.16,59.29,117.81,28.93,0.0,0.0,0.0,4.73,3.3,3.52,8.25,5.83,981.97,25.63
25.9682,153.89,194.15,309.43,57.97,48.73,57.86,117.81,28.93,0.0,0.0,0.0,6.27,3.3,2.31,8.25,5.83,968.77,25.96
25.9782,148.61,192.39,298.21,55.55,48.73,56.43,116.27,27.5,0.0,0.0,0.0,4.73,3.3,2.31,5.5,5.83,943.69,21.67
25.9882,141.57,185.35,288.86,56.76,48.73,57.86,114.62,27.5,0.0,3.3,0.0,3.08,3.3,2.31,5.5,4.4,921.25,21.89
25.9982,134.64,178.31,279.51,54.34,48.73,59.29,116.27,28.93,0.0,0.0,0.0,3.08,0.0,3.52,5.5,2.86,900.02,14.96
26.0082,125.84,171.27,267.08,55.55,48.73,59.29,116.27,28.93,0.0,0.0,0.0,4.73,0.0,2.31,5.5,4.4,872.96,16.94
26.0182,115.39,162.69,254.65,57.97,47.3,57.86,116.27,28.93,0.0,0.0,0.0,3.08,3.3,2.31,5.5,2.86,841.06,17.05
26.0282,105.05,154.33,238.59,57.97,48.73,63.58,121.11,30.36,0.0,0.0,0.0,3.08,0.0,2.31,4.07,4.4,819.72,13.86
26.0382,96.36,147.62,229.68,62.26,50.16,64.9,122.65,30.36,0.0,0.0,0.0,4.73,0.0,2.31,2.75,0.0,803.99,9.79
26.0482,87.78,140.91,217.14,63.69,51.48,66.33,125.84,34.43,0.0,0.0,0.0,0.0,3.3,2.31,4.07,0.0,787.6,9.68
26.0582,79.2,134.2,204.27,67.98,52.91,72.05,132.33,33.11,0.0,0.0,0.0,0.0,0.0,0.0,2.75,0.0,776.05,2.75
26.0682,72.27,125.84,191.51,73.7,55.77,73.48,138.71,37.18,0.0,0.0,0.0,3.08,0.0,2.31,4.07,0.0,768.46,9.46
26.0782,65.34,119.13,178.75,76.56,57.2,77.66,146.85,41.36,0.0,0.0,0.0,0.0,0.0,0.0,2.75,2.86,762.85,5.61
26.0882,60.17,110.77,169.62,80.85,60.17,80.52,154.88,44.11,0.0,0.0,0.0,3.08,0.0,0.0,0.0,2.86,761.09,5.94
26.0982,56.76,104.17,163.02,82.28,63.03,84.7,161.26,48.29,0.0,0.0,0.0,3.08,0.0,0.0,2.75,0.0,763.51,5.83
26.1082,53.35,97.68,154.77,85.14,67.54,87.56,174.24,52.36,0.0,0.0,0.0,3.08,0.0,0.0,0.0,2.86,772.64,5.94
26.1182,49.94,87.78,143.33,88.0,73.37,90.42,184.8,57.97,0.0,0.0,0.0,0.0,0.0,0.0,2.75,0.0,775.61,2.75
26.1282,48.18,81.29,136.73,90.86,76.34,93.17,198.77,62.37,0.0,0.0,0.0,3.08,0.0,0.0,0.0,0.0,787.71,3.08
26.1382,44.77,73.04,128.59,92.29,79.31,97.46,211.09,69.85,0.0,0.0,0.0,0.0,0.0,0.0,2.75,2.86,796.4,5.61
26.1482,41.25,64.9,117.04,96.58,86.57,101.75,226.71,77.33,0.0,0.0,0.0,3.08,0.0,0.0,2.75,2.86,812.13,8.69
26.1582,39.6,55.11,106.04,99.44,92.51,105.93,242.11,84.7,0.0,0.0,0.0,0.0,0.0,0.0,0.0,2.86,825.44,2.86
26.1682,36.08,45.32,95.15,99.44,96.91,110.22,255.64,93.72,0.0,0.0,0.0,3.08,0.0,0.0,0.0,0.0,832.48,3.08
26.1782,32.67,35.64,79.53,103.73,104.28,114.62,272.69,102.63,0.0,0.0,0.0,3.08,0.0,0.0,2.75,0.0,845.79,5.83
26.1882,29.26,27.5,59.4,105.16,108.68,116.16,287.76,113.19,0.0,0.0,0.0,0.0,0.0,0.0,0.0,2.86,847.11,2.86
26.1982,27.5,21.01,45.54,106.59,113.63,120.78,304.37,123.97,0.0,0.0,0.0,0.0,0.0,0.0,0.0,0.0,863.39,0.0
26.2082,25.74,16.17,31.68,103.73,118.69,123.86,317.68,131.67,0.0,0.0,0.0,0.0,0.0,0.0,0.0,0.0,869.22,0.0
26.2182,24.09,12.87,19.25,100.87,122.1,128.48,336.16,144.1,0.0,0.0,0.0,0.0,0.0,0.0,0.0,0.0,887.92,0.0
26.2282,18.92,11.33,15.18,98.01,125.51,128.48,357.94,153.34,0.0,0.0,0.0,3.08,0.0,0.0,0.0,0.0,908.71,3.08
26.2382,15.4,9.68,12.43,89.43,128.92,128.48,377.96,165.66,0.0,0.0,0.0,0.0,0.0,0.0,0.0,2.86,927.96,2.86
26.2482,8.58,8.03,12.43,77.99,128.92,131.45,396.0,177.21,0.0,0.0,0.0,0.0,0.0,0.0,0.0,0.0,940.61,0.0
26.2582,3.41,4.84,8.25,67.98,123.86,132.99,414.15,187.66,0.0,0.0,0.0,0.0,0.0,0.0,0.0,2.86,943.14,2.86
26.2682,0.0,4.84,6.82,56.76,122.1,132.99,432.3,198.0,0.0,0.0,0.0,3.08,0.0,0.0,0.0,0.0,953.81,3.08
26.2782,0.0,4.84,5.5,46.09,115.28,130.02,443.19,210.21,2.42,0.0,0.0,0.0,0.0,0.0,0.0,0.0,955.13,2.42
26.2882,0.0,4.84,6.82,38.94,105.71,131.45,455.73,218.79,3.63,0.0,0.0,3.08,0.0,0.0,0.0,0.0,962.28,6.71
26.2982,0.0,4.84,6.82,28.38,93.94,125.4,470.25,225.72,4.84,0.0,0.0,3.08,0.0,0.0,0.0,0.0,955.35,7.92
26.3082,0.0,4.84,4.07,21.23,85.14,123.86,475.64,232.65,7.37,0.0,0.0,3.08,0.0,0.0,0.0,0.0,947.43,10.45
26.3182,0.0,4.84,4.07,12.98,70.4,113.08,484.66,237.71,20.9,0.0,0.0,3.08,0.0,0.0,0.0,0.0,927.74,23.98
26.3282,0.0,3.19,5.5,8.25,55.77,103.07,490.05,237.71,33.22,0.0,0.0,4.73,3.3,3.52,0.0,0.0,903.54,44.77
26.3382,0.0,4.84,5.5,7.04,41.8,91.85,488.29,234.3,46.86,0.0,0.0,3.08,3.3,3.52,0.0,0.0,873.62,56.76
26.3482,0.0,4.84,4.07,3.52,30.58,79.09,470.25,222.31,69.96,3.3,0.0,6.27,3.3,3.52,2.75,2.86,814.66,91.96
26.3582,0.0,3.19,5.5,4.73,29.26,59.29,437.69,213.62,108.79,104.06,47.19,7.92,6.6,5.83,0.0,2.86,753.28,283.25
26.3682,0.0,3.19,5.5,3.52,27.83,43.23,370.7,199.76,98.12,198.11,142.12,11.11,11.55,7.04,2.75,2.86,653.73,473.66
26.3782,0.0,4.84,5.5,3.52,27.83,32.78,259.05,191.07,87.34,256.96,210.54,72.16,31.46,12.98,9.57,7.26,524.59,688.27
26.3882,0.0,4.84,5.5,2.31,25.08,26.18,135.52,175.56,88.77,267.52,259.93,92.95,52.91,15.4,13.75,14.63,374.99,805.86
26.3982,0.0,4.84,4.07,2.31,22.22,23.54,66.77,145.64,90.09,265.76,278.08,100.43,70.29,16.61,20.68,17.6,269.39,859.54
26.4082,0.0,3.19,4.07,0.0,16.72,19.58,46.31,96.69,86.02,262.24,281.38,104.94,71.83,18.92,35.86,19.03,186.56,880.22
26.4182,0.0,3.19,2.75,0.0,13.86,15.73,33.22,65.34,82.06,260.48,276.43,109.34,76.45,23.65,46.86,23.43,134.09,898.7
26.4282,0.0,0.0,2.75,0.0,9.68,10.45,23.1,34.43,80.74,265.76,269.83,112.42,78.1,29.59,53.79,24.86,80.41,915.09
26.4381,0.0,0.0,0.0,0.0,5.5,7.81,15.84,17.93,80.74,269.28,266.53,118.69,78.1,30.8,60.94,26.4,47.08,931.48
26.4481,0.0,3.19,0.0,0.0,4.18,5.17,11.55,5.5,82.06,274.56,266.53,118.69,79.64,32.01,63.91,26.4,29.59,943.8
26.4581,0.0,3.19,2.75,0.0,2.75,3.85,10.12,2.75,83.38,279.73,263.23,121.88,79.64,34.32,66.88,23.43,25.41,952.49
26.4681,0.0,0.0,2.75,0.0,2.75,3.85,8.69,0.0,83.38,281.38,259.93,123.42,81.18,35.53,71.39,27.83,18.04,964.04
26.4781,0.0,0.0,2.75,0.0,0.0,3.85,7.15,0.0,79.31,276.43,254.98,126.61,84.26,36.74,78.76,27.83,13.75,964.92
26.4881,0.0,0.0,2.75,0.0,0.0,3.85,7.15,2.75,74.03,269.28,245.08,129.69,82.72,40.26,84.81,27.83,16.5,953.7
26.4981,0.0,3.19,0.0,0.0,2.75,2.53,7.15,0.0,67.32,262.24,238.48,129.69,85.8,42.68,89.21,29.26,15.62,944.68
26.5081,0.0,3.19,0.0,0.0,0.0,2.53,4.29,0.0,60.61,249.81,228.58,129.69,87.34,43.89,95.26,29.26,10.01,924.44
26.5181,0.0,3.19,0.0,0.0,0.0,2.53,5.72,0.0,55.44,235.73,217.03,129.69,90.42,47.41,102.74,29.26,11.44,907.72
26.5281,0.0,3.19,0.0,0.0,0.0,0.0,4.29,0.0,49.28,220.0,207.24,129.69,88.88,50.93,110.22,29.26,7.48,885.5
26.5381,0.0,0.0,0.0,0.0,0.0,0.0,4.29,0.0,45.54,206.47,195.8,124.96,91.96,50.93,117.81,33.66,4.29,867.13
26.5481,0.0,0.0,0.0,0.0,0.0,2.53,2.86,0.0,41.91,194.7,184.47,120.23,95.04,53.35,122.43,33.66,5.39,845.79
26.5581,0.0,0.0,2.75,0.0,0.0,0.0,2.86,0.0,38.17,179.52,176.33,120.23,98.23,55.77,128.59,35.2,5.61,832.04
26.5681,0.0,0.0,2.75,0.0,0.0,2.53,2.86,0.0,35.75,167.75,168.19,117.15,96.69,58.74,136.18,33.66,8.14,814.11
26.5781,0.0,0.0,2.75,0.0,0.0,0.0,2.86,0.0,33.22,152.9,155.87,112.42,102.85,60.28,143.88,38.06,5.61,799.48
26.5881,0.0,0.0,0.0,0.0,0.0,0.0,0.0,0.0,32.01,143.0,151.25,110.88,102.85,63.25,151.47,36.63,0.0,791.34
26.5981,0.0,0.0,2.75,0.0,0.0,0.0,0.0,0.0,29.59,129.91,140.58,109.34,109.01,66.22,162.25,39.6,2.75,786.5
26.6081,0.0,0.0,2.75,0.0,0.0,0.0,0.0,0.0,28.27,120.01,135.96,107.91,112.09,70.84,171.71,38.06,2.75,784.85
26.6181,0.0,0.0,2.75,0.0,0.0,0.0,0.0,0.0,27.06,108.68,125.29,104.94,115.28,73.81,186.34,41.03,2.75,782.43
26.6281,0.0,0.0,2.75,0.0,0.0,0.0,0.0,0.0,24.64,99.44,116.05,107.91,123.31,73.81,199.32,44.0,2.75,788.48
26.6381,0.0,0.0,2.75,0.0,0.0,0.0,0.0,0.0,23.43,85.58,105.27,106.37,129.8,79.86,212.3,44.0,2.75,786.61
26.6481,0.0,0.0,0.0,0.0,0.0,0.0,0.0,0.0,22.11,71.72,92.84,104.94,133.1,82.83,225.28,49.83,0.0,782.65
26.6581,0.0,0.0,0.0,0.0,0.0,0.0,0.0,0.0,19.69,60.94,81.95,101.97,141.13,84.37,237.16,52.8,0.0,780.01
26.6681,0.0,0.0,2.75,0.0,0.0,0.0,0.0,0.0,18.48,46.2,66.44,100.43,145.97,87.34,250.91,57.2,2.75,772.97
26.6781,0.0,0.0,0.0,0.0,0.0,0.0,0.0,0.0,15.95,36.3,57.2,99.0,150.92,88.88,264.66,61.82,0.0,774.73
26.6881,0.0,0.0,2.75,0.0,0.0,0.0,0.0,0.0,15.95,29.7,45.76,99.0,158.95,90.42,275.0,64.9,2.75,779.68
26.6981,0.0,0.0,0.0,0.0,0.0,0.0,0.0,0.0,14.74,21.45,32.89,94.49,163.9,93.39,290.4,67.98,0.0,779.24
26.7081,0.0,0.0,2.75,0.0,0.0,0.0,0.0,0.0,13.53,16.5,20.02,95.92,167.09,94.93,302.28,77.11,2.75,787.38
26.7181,0.0,0.0,0.0,0.0,0.0,0.0,0.0,0.0,12.32,13.2,12.87,88.55,172.15,96.47,315.92,81.73,0.0,793.21
26.7281,0.0,0.0,2.75,0.0,0.0,0.0,0.0,0.0,8.58,13.2,10.01,84.04,173.91,94.93,329.56,87.89,2.75,802.12
26.7381,0.0,0.0,2.75,0.0,0.0,0.0,0.0,0.0,6.16,9.9,8.58,76.56,177.54,96.47,348.26,95.48,2.75,818.95
26.7481,0.0,0.0,2.75,0.0,0.0,0.0,0.0,0.0,3.63,8.25,7.15,70.62,181.17,100.98,363.66,101.64,2.75,837.1
26.7581,0.0,0.0,2.75,0.0,0.0,0.0,0.0,0.0,3.63,8.25,7.15,61.71,179.3,100.98,384.12,115.61,2.75,860.75
26.7681,0.0,0.0,2.75,0.0,0.0,0.0,0.0,0.0,2.42,4.95,5.72,60.17,181.17,100.98,399.85,121.99,2.75,877.25
26.7781,0.0,0.0,2.75,0.0,0.0,0.0,0.0,0.0,2.42,6.6,5.72,52.58,179.3,102.52,412.39,128.37,2.75,889.9
26.7881,0.0,0.0,2.75,0.0,0.0,0.0,0.0,0.0,0.0,3.3,5.72,47.74,175.78,102.52,430.21,136.29,2.75,901.56
26.7981,0.0,0.0,2.75,0.0,0.0,0.0,0.0,0.0,0.0,3.3,2.86,38.17,173.91,102.52,448.25,142.78,2.75,911.79
26.8081,3.41,0.0,0.0,0.0,0.0,0.0,0.0,0.0,0.0,4.95,4.29,27.06,168.74,99.44,464.53,147.51,3.41,916.52
26.8181,5.06,0.0,0.0,0.0,0.0,0.0,0.0,0.0,0.0,3.3,4.29,19.03,160.6,96.47,475.42,153.89,5.06,913.0
26.8281,10.23,0.0,0.0,0.0,0.0,0.0,0.0,0.0,0.0,4.95,2.86,12.65,155.76,91.96,486.31,155.54,10.23,910.03
26.8381,29.26,0.0,0.0,2.31,0.0,0.0,0.0,0.0,0.0,3.3,4.29,11.11,145.97,85.91,495.44,158.73,31.57,904.75
26.8481,58.52,0.0,0.0,2.31,4.18,2.53,0.0,0.0,0.0,4.95,2.86,9.46,131.45,78.32,500.83,163.46,67.54,891.33
26.8581,84.37,0.0,0.0,4.73,2.75,2.53,0.0,0.0,0.0,3.3,2.86,9.46,118.47,67.76,493.57,158.73,94.38,854.15
26.8681,110.22,0.0,0.0,5.83,4.18,2.53,2.86,0.0,0.0,3.3,2.86,7.92,101.31,57.2,475.42,153.89,125.62,801.9
26.8781,139.92,45.32,82.72,5.83,5.5,5.17,0.0,2.75,0.0,4.95,2.86,7.92,81.18,47.41,450.01,147.51,287.21,741.84
26.8881,138.16,127.49,149.93,8.25,6.93,6.49,2.86,2.75,0.0,3.3,2.86,11.11,61.05,41.47,405.24,134.75,442.86,659.78
26.8981,125.84,167.75,200.64,41.36,8.36,7.81,5.72,5.5,0.0,0.0,2.86,14.3,54.56,35.53,314.16,134.75,562.98,556.16
26.9081,120.67,180.07,235.07,62.26,23.65,14.41,11.55,12.32,0.0,0.0,2.86,14.3,46.31,29.59,184.69,133.1,660.0,410.85
26.9181,120.67,178.31,252.89,66.55,34.76,28.82,37.62,20.68,0.0,0.0,2.86,12.65,38.06,27.28,96.69,118.8,740.3,296.34
26.9281,120.67,178.31,267.08,69.41,38.94,43.23,60.83,22.0,0.0,3.3,2.86,9.46,31.46,21.34,48.29,90.97,800.47,207.68
26.9381,122.43,181.83,274.23,70.84,43.12,52.47,83.16,24.75,0.0,0.0,0.0,7.92,24.75,15.4,34.43,61.82,852.83,144.32
26.9481,125.84,183.59,283.25,72.27,45.98,57.86,98.12,27.5,0.0,0.0,2.86,7.92,16.5,12.98,26.18,48.4,894.41,114.84
26.9581,129.36,187.11,286.99,73.7,50.16,62.15,108.57,28.93,0.0,0.0,2.86,4.73,14.85,9.46,20.68,32.23,926.97,84.81
26.9681,131.12,188.87,290.73,72.27,51.48,64.9,114.62,28.93,0.0,0.0,0.0,4.73,9.9,7.04,13.75,19.03,942.92,54.45
26.9781,132.88,192.39,288.86,73.7,52.91,66.33,117.81,28.93,0.0,0.0,0.0,4.73,6.6,3.52,11.0,7.26,953.81,33.11
26.9881,132.88,194.15,290.73,73.7,52.91,69.19,121.11,30.36,0.0,0.0,0.0,4.73,6.6,3.52,9.57,5.83,965.03,30.25
26.9981,132.88,192.39,288.86,75.13,54.34,66.33,124.3,33.11,0.0,0.0,0.0,0.0,4.95,4.73,11.0,5.83,967.34,26.51
27.0081,131.12,192.39,283.25,75.13,54.34,70.62,124.3,33.11,0.0,0.0,0.0,3.08,3.3,2.31,6.82,5.83,964.26,21.34
27.0181,125.84,188.87,275.99,77.99,54.34,70.62,125.84,33.11,0.0,0.0,0.0,3.08,3.3,3.52,5.5,4.4,952.6,19.8
27.0281,118.91,183.59,267.08,77.99,55.77,72.05,127.49,33.11,0.0,0.0,0.0,3.08,0.0,2.31,8.25,4.4,935.99,18.04
27.0381,110.22,178.31,256.41,80.85,55.77,73.48,127.49,31.68,0.0,0.0,0.0,0.0,0.0,2.31,8.25,5.83,914.21,16.39
27.0481,101.53,171.27,243.98,82.28,54.34,73.48,130.68,34.43,0.0,0.0,0.0,3.08,0.0,2.31,6.82,4.4,891.99,16.61
27.0581,92.95,164.34,229.68,83.71,57.2,76.23,132.33,34.43,0.0,0.0,0.0,3.08,3.3,0.0,6.82,4.4,870.87,17.6
27.0681,82.61,154.33,213.4,86.57,55.77,79.09,133.98,35.86,0.0,0.0,0.0,3.08,0.0,0.0,6.82,2.86,841.61,12.76
27.0781,74.03,145.97,198.77,89.43,55.77,80.52,135.52,34.43,0.0,0.0,0.0,3.08,0.0,3.52,4.07,2.86,814.44,13.53
27.0881,67.1,134.2,178.75,92.29,58.63,83.38,138.71,37.18,0.0,0.0,0.0,3.08,0.0,0.0,2.75,0.0,790.24,5.83
27.0981,60.17,127.49,167.97,99.44,60.17,86.13,142.01,39.93,0.0,0.0,0.0,0.0,0.0,0.0,5.5,0.0,783.31,5.5
27.1081,56.76,115.72,156.42,102.3,60.17,88.99,146.85,42.68,0.0,0.0,0.0,3.08,0.0,2.31,0.0,0.0,769.89,5.39
27.1181,53.35,105.82,144.98,102.3,63.03,91.85,150.04,44.11,0.0,0.0,0.0,0.0,3.3,0.0,4.07,2.86,755.48,10.23
27.1281,49.94,97.68,135.08,106.59,64.57,93.17,156.42,46.86,0.0,0.0,0.0,3.08,0.0,0.0,2.75,0.0,750.31,5.83
27.1381,46.42,89.43,126.94,108.02,68.97,96.03,166.1,51.04,0.0,0.0,0.0,0.0,0.0,0.0,4.07,2.86,752.95,6.93
27.1481,44.77,79.64,117.04,109.45,73.37,97.46,174.24,55.11,0.0,0.0,0.0,0.0,0.0,0.0,4.07,0.0,751.08,4.07
27.1581,41.25,71.39,109.12,108.02,77.77,101.75,184.8,62.37,0.0,0.0,0.0,0.0,0.0,0.0,2.75,2.86,756.47,5.61
27.1681,39.6,63.25,104.5,109.45,80.74,103.07,200.53,68.31,0.0,0.0,0.0,0.0,0.0,0.0,0.0,2.86,769.45,2.86
27.1781,37.84,53.46,96.69,110.88,86.57,105.93,212.85,75.79,0.0,0.0,0.0,0.0,0.0,0.0,0.0,2.86,780.01,2.86
27.1881,36.08,45.32,85.8,112.42,91.08,108.79,228.47,84.7,0.0,0.0,0.0,0.0,0.0,0.0,2.75,0.0,792.66,2.75
27.1981,32.67,38.83,74.91,112.42,96.91,111.65,240.35,93.72,0.0,0.0,0.0,3.08,0.0,0.0,0.0,2.86,801.46,5.94
27.2081,30.91,30.69,64.02,112.42,102.85,116.16,255.64,104.17,0.0,0.0,0.0,0.0,0.0,0.0,2.75,0.0,816.86,2.75
27.2181,29.26,24.31,52.47,110.88,107.25,117.7,272.69,113.19,0.0,0.0,0.0,0.0,0.0,0.0,2.75,0.0,827.75,2.75
27.2281,27.5,19.36,37.29,109.45,110.22,120.78,287.76,123.97,0.0,0.0,0.0,3.08,0.0,0.0,2.75,0.0,836.33,5.83
27.2381,25.74,14.52,24.86,106.59,115.28,122.32,304.37,133.21,0.0,0.0,0.0,0.0,0.0,0.0,2.75,0.0,846.89,2.75
27.2481,22.33,11.33,17.93,100.87,118.69,122.32,319.33,145.64,0.0,0.0,0.0,3.08,0.0,0.0,0.0,2.86,858.44,5.94
27.2581,18.92,11.33,15.18,93.72,122.1,126.94,334.4,154.88,0.0,0.0,0.0,0.0,0.0,0.0,2.75,0.0,877.47,2.75
27.2681,15.4,9.68,12.43,89.43,122.1,128.48,347.05,164.12,0.0,0.0,0.0,0.0,0.0,0.0,0.0,0.0,888.69,0.0
27.2781,10.23,8.03,11.0,80.85,122.1,128.48,363.44,173.8,0.0,0.0,0.0,0.0,0.0,0.0,2.75,2.86,897.93,5.61
27.2881,3.41,6.38,9.57,72.27,122.1,128.48,379.72,180.73,0.0,0.0,0.0,0.0,0.0,0.0,0.0,0.0,902.66,0.0
27.2981,0.0,4.84,8.25,60.83,122.1,128.48,396.0,191.07,0.0,0.0,0.0,0.0,0.0,0.0,2.75,0.0,911.57,2.75
27.3081,0.0,4.84,5.5,50.82,117.04,126.94,410.52,203.28,0.0,0.0,0.0,0.0,0.0,0.0,0.0,2.86,918.94,2.86
27.3181,0.0,4.84,5.5,42.57,108.68,126.94,423.17,215.38,2.42,0.0,0.0,0.0,0.0,0.0,0.0,0.0,927.08,2.42
27.3281,0.0,4.84,5.5,33.11,104.28,125.4,434.06,220.55,2.42,0.0,0.0,0.0,0.0,0.0,0.0,0.0,927.74,2.42
27.3381,0.0,4.84,4.07,28.38,95.48,120.78,446.71,230.89,3.63,0.0,0.0,0.0,0.0,0.0,0.0,0.0,931.15,3.63
27.3481,0.0,4.84,5.5,20.02,85.14,120.78,453.97,230.89,7.37,0.0,0.0,0.0,0.0,0.0,0.0,0.0,921.14,7.37
27.3581,0.0,3.19,5.5,14.19,74.8,113.08,464.75,237.71,15.95,0.0,0.0,0.0,0.0,0.0,0.0,0.0,913.22,15.95
27.3681,0.0,4.84,4.07,8.25,60.17,104.5,472.01,237.71,33.22,0.0,0.0,4.73,0.0,2.31,0.0,0.0,891.55,40.26
27.3781,0.0,3.19,5.5,5.83,47.3,93.17,472.01,239.47,49.28,0.0,0.0,3.08,4.95,2.31,2.75,0.0,866.47,62.37
27.3881,0.0,4.84,4.07,4.73,33.44,77.66,466.62,234.3,72.6,0.0,0.0,6.27,6.6,3.52,0.0,0.0,825.66,88.99
27.3981,0.0,4.84,5.5,4.73,27.83,63.58,448.58,224.07,128.59,91.74,30.03,7.92,6.6,5.83,0.0,2.86,779.13,273.57
27.4081,0.0,4.84,5.5,3.52,27.83,48.51,406.89,208.45,118.69,194.7,132.88,7.92,6.6,5.83,5.5,2.86,705.54,474.98
27.4181,0.0,4.84,4.07,2.31,29.26,35.42,322.74,198.0,99.44,260.48,202.4,64.68,23.1,12.98,8.25,7.26,596.64,678.59
27.4281,0.0,3.19,4.07,3.52,27.83,26.18,204.05,182.49,96.8,279.73,250.03,99.0,43.01,15.4,13.75,11.66,451.33,809.38
27.4381,0.0,3.19,4.07,2.31,22.22,24.86,105.6,162.58,94.05,271.04,266.53,106.37,62.59,16.61,17.93,13.2,324.83,848.32
27.4481,0.0,4.84,4.07,2.31,19.47,22.22,56.43,125.51,87.34,262.24,264.88,109.34,70.29,21.34,28.93,19.03,234.85,863.39
27.4581,0.0,3.19,2.75,0.0,16.72,18.26,40.48,80.3,79.31,258.72,261.58,118.69,70.29,27.28,42.68,24.86,161.7,883.41
27.4681,0.0,4.84,2.75,0.0,9.68,11.77,27.5,51.04,75.35,260.48,251.68,124.96,74.91,33.22,48.29,24.86,107.58,893.75
27.4781,0.0,3.19,2.75,0.0,6.93,9.13,20.24,23.43,72.6,264.0,245.08,132.88,73.37,36.74,56.54,27.83,65.67,909.04
27.4881,0.0,3.19,0.0,0.0,2.75,5.17,12.98,12.32,72.6,272.8,238.48,136.07,74.91,41.47,59.4,27.83,36.41,923.56
27.4981,0.0,0.0,4.07,0.0,4.18,3.85,11.55,4.07,71.28,274.56,231.88,145.53,76.45,43.89,63.91,26.4,27.72,933.9
27.5081,0.0,0.0,2.75,0.0,2.75,2.53,10.12,4.07,67.32,272.8,226.93,150.26,81.18,47.41,66.88,29.26,22.22,942.04
27.5181,0.0,0.0,0.0,0.0,2.75,3.85,7.15,0.0,63.25,272.8,218.68,153.45,81.18,49.83,72.82,27.83,13.75,939.84
27.5281,0.0,0.0,0.0,0.0,0.0,2.53,8.69,4.07,57.97,265.76,208.89,161.26,84.26,54.56,78.76,29.26,15.29,940.72
27.5381,0.0,0.0,0.0,0.0,2.75,3.85,5.72,0.0,53.02,260.48,197.45,167.75,87.34,55.77,86.24,29.26,12.32,937.31
27.5481,0.0,0.0,2.75,0.0,0.0,2.53,5.72,0.0,48.07,248.05,184.47,172.92,90.42,61.71,89.21,32.23,11.0,927.08
27.5581,0.0,3.19,0.0,0.0,2.75,2.53,4.29,0.0,41.91,235.73,169.73,176.44,93.5,64.79,93.72,33.66,12.76,909.48
27.5681,0.0,0.0,0.0,0.0,0.0,0.0,4.29,0.0,36.96,223.41,155.87,183.37,95.04,67.76,96.69,33.66,4.29,892.76
27.5781,0.0,3.19,0.0,0.0,0.0,0.0,4.29,0.0,33.22,206.47,140.58,186.78,98.23,69.3,102.74,35.2,7.48,872.52
27.5881,0.0,0.0,2.75,0.0,0.0,2.53,4.29,0.0,30.8,191.29,123.75,190.19,98.23,72.27,101.2,33.66,9.57,841.39
27.5981,0.0,0.0,2.75,0.0,0.0,2.53,2.86,0.0,27.06,177.87,108.35,195.47,99.77,75.35,102.74,33.66,8.14,820.27
27.6081,0.0,0.0,2.75,0.0,0.0,0.0,2.86,0.0,25.85,161.15,89.76,200.64,99.77,76.78,107.14,38.06,5.61,799.15
27.6181,0.0,0.0,0.0,0.0,0.0,0.0,4.29,0.0,23.43,147.95,77.33,205.81,101.31,78.32,108.68,36.63,4.29,779.46
27.6281,0.0,0.0,0.0,0.0,0.0,0.0,0.0,0.0,20.9,131.56,64.9,210.98,101.31,79.86,108.68,38.06,0.0,756.25
27.6381,0.0,0.0,2.75,0.0,0.0,0.0,0.0,0.0,19.69,118.36,52.91,212.74,104.39,84.37,111.65,36.63,2.75,740.74
27.6481,0.0,0.0,2.75,0.0,0.0,0.0,0.0,0.0,18.48,105.6,45.76,217.91,105.93,84.37,116.27,39.6,2.75,733.92
27.6581,0.0,0.0,0.0,0.0,0.0,0.0,2.86,0.0,17.16,94.82,38.61,221.32,105.93,87.34,120.89,39.6,2.86,725.67
27.6681,0.0,0.0,2.75,0.0,0.0,0.0,0.0,0.0,14.74,80.96,30.03,223.08,109.01,90.42,127.05,39.6,2.75,714.89
27.6781,0.0,0.0,2.75,0.0,0.0,0.0,0.0,0.0,14.74,71.72,25.74,223.08,107.47,91.96,131.56,39.6,2.75,705.87
27.6881,0.0,0.0,0.0,0.0,0.0,0.0,0.0,0.0,13.53,60.94,20.02,221.32,113.63,96.47,139.26,41.03,0.0,706.2
27.6981,0.0,0.0,0.0,0.0,0.0,0.0,0.0,0.0,14.74,52.8,15.73,223.08,115.28,97.9,143.88,41.03,0.0,704.44
27.7081,0.0,0.0,2.75,0.0,0.0,0.0,0.0,0.0,13.53,42.9,14.3,219.56,120.12,99.44,157.63,42.46,2.75,709.94
27.7181,0.0,0.0,2.75,0.0,0.0,0.0,0.0,0.0,13.53,36.3,12.87,216.15,120.12,100.98,166.87,42.46,2.75,709.28
27.7281,0.0,0.0,0.0,0.0,0.0,0.0,0.0,0.0,12.32,28.05,10.01,209.22,124.96,103.95,178.2,44.0,0.0,710.71
27.7381,0.0,0.0,0.0,0.0,0.0,0.0,0.0,0.0,12.32,23.1,8.58,200.64,128.15,108.46,189.64,42.46,0.0,713.35
27.7481,0.0,0.0,0.0,0.0,0.0,0.0,0.0,0.0,11.0,18.15,8.58,186.78,131.45,111.54,209.0,45.43,0.0,721.93
27.7581,0.0,0.0,2.75,0.0,0.0,0.0,0.0,0.0,8.58,16.5,4.29,171.27,136.29,114.73,231.99,51.26,2.75,734.91
27.7681,0.0,0.0,0.0,0.0,0.0,0.0,0.0,0.0,6.16,14.85,5.72,154.99,137.94,116.49,252.67,55.77,0.0,744.59
27.7781,0.0,0.0,0.0,0.0,0.0,0.0,0.0,0.0,4.84,11.55,5.72,139.15,141.13,118.25,275.0,66.44,0.0,762.08
27.7881,0.0,0.0,2.75,0.0,0.0,0.0,0.0,0.0,3.63,8.25,5.72,126.61,147.62,120.01,295.46,75.57,2.75,782.87
27.7981,0.0,3.19,0.0,0.0,0.0,0.0,0.0,0.0,3.63,9.9,4.29,118.69,152.46,118.25,314.16,83.27,3.19,804.65
27.8081,0.0,0.0,0.0,0.0,0.0,0.0,0.0,0.0,2.42,6.6,4.29,109.34,157.41,121.77,332.97,92.51,0.0,827.31
27.8181,0.0,0.0,0.0,0.0,0.0,0.0,0.0,0.0,2.42,4.95,2.86,101.97,162.25,125.18,350.02,103.18,0.0,852.83
27.8281,0.0,0.0,2.75,0.0,0.0,0.0,0.0,0.0,0.0,4.95,2.86,91.52,163.9,125.18,372.13,112.42,2.75,872.96
27.8381,0.0,0.0,0.0,0.0,0.0,0.0,0.0,0.0,0.0,4.95,2.86,81.07,162.25,125.18,390.94,120.34,0.0,887.59
27.8481,0.0,0.0,0.0,0.0,0.0,0.0,0.0,0.0,0.0,3.3,2.86,67.65,163.9,120.01,407.0,128.37,0.0,893.09
27.858,0.0,0.0,0.0,0.0,0.0,0.0,0.0,0.0,0.0,3.3,0.0,57.2,158.95,120.01,424.93,134.75,0.0,899.14
27.868,5.06,0.0,0.0,0.0,0.0,0.0,0.0,0.0,0.0,0.0,0.0,46.2,157.41,116.49,437.36,142.78,5.06,900.24
27.878,10.23,0.0,0.0,0.0,0.0,0.0,0.0,0.0,0.0,4.95,0.0,34.98,150.92,114.73,446.38,144.32,10.23,896.28
27.888,22.33,0.0,0.0,0.0,2.75,0.0,0.0,0.0,0.0,0.0,2.86,25.41,142.78,108.46,453.64,147.51,25.08,880.66
27.898,53.35,0.0,0.0,0.0,4.18,0.0,0.0,0.0,0.0,3.3,0.0,17.49,134.64,100.98,455.51,149.16,57.53,861.08
27.908,80.85,0.0,0.0,3.52,4.18,0.0,0.0,0.0,0.0,0.0,2.86,14.3,118.47,93.39,450.01,144.32,88.55,823.35
27.918,106.7,0.0,0.0,4.73,6.93,2.53,0.0,0.0,0.0,0.0,0.0,12.65,104.39,81.4,439.23,142.78,120.89,780.45
27.928,132.88,76.34,95.15,5.83,4.18,6.49,0.0,2.75,0.0,0.0,0.0,11.11,84.26,67.76,415.91,134.75,323.62,713.79
27.938,125.84,149.27,159.72,23.65,6.93,5.17,4.29,4.07,0.0,3.3,0.0,11.11,61.05,53.35,373.89,128.37,478.94,631.07
27.948,122.43,183.59,215.27,50.82,18.04,13.09,10.12,11.0,0.0,0.0,0.0,15.84,51.26,43.89,288.64,131.56,624.36,531.19
27.958,125.84,181.83,249.26,57.97,32.01,28.82,31.79,20.68,0.0,0.0,0.0,15.84,44.66,33.22,168.52,137.94,728.2,400.18
27.968,131.12,181.83,267.08,60.83,37.62,40.59,52.14,22.0,0.0,3.3,0.0,11.11,38.06,26.07,87.78,125.18,793.21,291.5
27.978,131.12,181.83,281.38,60.83,43.12,48.51,77.22,22.0,0.0,0.0,0.0,11.11,29.81,22.44,42.68,92.51,846.01,198.55
27.988,134.64,180.07,290.73,59.4,47.3,55.11,93.61,23.43,0.0,3.3,0.0,9.46,24.75,16.61,30.36,58.74,884.29,143.22
27.998,138.16,183.59,296.34,60.83,48.73,59.29,105.6,27.5,0.0,3.3,0.0,7.92,14.85,11.77,24.75,51.26,920.04,113.85
28.008,141.57,187.11,300.08,60.83,51.48,62.15,111.54,27.5,0.0,0.0,0.0,6.27,13.2,9.46,19.25,35.2,942.26,83.38
28.018,143.33,188.87,298.21,60.83,52.91,62.15,117.81,28.93,0.0,0.0,0.0,4.73,8.25,7.04,11.0,22.0,953.04,53.02
28.028,146.85,190.63,301.95,60.83,54.34,63.58,119.46,28.93,0.0,0.0,0.0,6.27,6.6,5.83,8.25,4.4,966.57,31.35
28.038,146.85,194.15,300.08,60.83,54.34,63.58,119.46,28.93,0.0,0.0,0.0,3.08,4.95,4.73,9.57,2.86,968.22,25.19
28.048,148.61,194.15,296.34,60.83,54.34,63.58,119.46,27.5,0.0,0.0,0.0,4.73,3.3,4.73,6.82,5.83,964.81,25.41
28.058,145.09,192.39,290.73,60.83,52.91,63.58,116.27,27.5,0.0,0.0,0.0,4.73,4.95,3.52,8.25,5.83,949.3,27.28
28.068,141.57,188.87,279.51,62.26,52.91,63.58,113.08,26.18,0.0,0.0,0.0,4.73,3.3,2.31,6.82,4.4,927.96,21.56
28.078,134.64,187.11,272.47,63.69,50.16,63.58,111.54,26.18,0.0,0.0,0.0,3.08,3.3,2.31,4.07,2.86,909.37,15.62
28.088,127.6,181.83,261.69,65.12,50.16,63.58,107.03,26.18,0.0,0.0,0.0,3.08,0.0,2.31,5.5,0.0,883.19,10.89
28.098,118.91,178.31,245.74,66.55,50.16,62.15,107.03,26.18,0.0,0.0,0.0,4.73,0.0,3.52,5.5,4.4,855.03,18.15
28.108,110.22,173.03,235.07,70.84,50.16,62.15,105.6,27.5,0.0,0.0,0.0,3.08,0.0,0.0,5.5,4.4,834.57,12.98
28.118,99.88,166.1,222.64,73.7,50.16,63.58,105.6,27.5,0.0,0.0,0.0,3.08,0.0,2.31,5.5,2.86,809.16,13.75
28.128,91.19,161.04,208.01,76.56,50.16,66.33,107.03,27.5,0.0,0.0,0.0,0.0,0.0,2.31,4.07,2.86,787.82,9.24
28.138,84.37,154.33,200.64,79.42,50.16,67.76,108.57,27.5,0.0,0.0,0.0,0.0,3.3,0.0,4.07,0.0,772.75,7.37
28.148,79.2,147.62,189.64,80.85,50.16,72.05,110.0,28.93,0.0,0.0,0.0,3.08,0.0,2.31,4.07,2.86,758.45,12.32
28.158,72.27,142.56,180.51,85.14,52.91,72.05,111.54,28.93,0.0,0.0,0.0,4.73,0.0,0.0,2.75,2.86,745.91,10.34
28.168,67.1,137.5,173.25,89.43,54.34,76.23,114.62,28.93,0.0,0.0,0.0,0.0,0.0,2.31,4.07,2.86,741.4,9.24
28.178,63.69,129.14,167.97,93.72,55.77,79.09,121.11,30.36,0.0,0.0,0.0,3.08,3.3,0.0,2.75,0.0,740.85,9.13
28.188,60.17,125.84,161.37,98.01,57.2,83.38,127.49,30.36,0.0,0.0,0.0,0.0,0.0,0.0,0.0,2.86,743.82,2.86
28.198,56.76,119.13,153.12,102.3,60.17,86.13,132.33,31.68,0.0,0.0,0.0,3.08,0.0,0.0,2.75,0.0,741.62,5.83
28.208,55.11,114.07,148.28,106.59,63.03,88.99,140.36,34.43,0.0,0.0,0.0,0.0,0.0,0.0,2.75,0.0,750.86,2.75
28.218,53.35,109.12,143.33,110.88,66.0,94.6,148.39,35.86,0.0,0.0,0.0,3.08,0.0,0.0,0.0,2.86,761.53,5.94
28.228,49.94,102.52,136.73,113.96,67.54,98.89,159.72,39.93,0.0,0.0,0.0,0.0,0.0,0.0,2.75,2.86,769.23,5.61
28.238,48.18,96.03,130.24,121.66,73.37,104.5,167.75,42.68,0.0,0.0,0.0,0.0,0.0,0.0,0.0,2.86,784.41,2.86
28.248,46.42,87.78,121.99,124.74,77.77,108.79,181.28,49.61,0.0,0.0,0.0,3.08,0.0,0.0,0.0,2.86,798.38,5.94
28.258,43.01,79.64,112.2,129.36,82.17,111.65,193.6,56.54,0.0,0.0,0.0,0.0,0.0,0.0,0.0,0.0,808.17,0.0
28.268,39.6,71.39,102.85,132.55,86.57,114.62,205.81,60.94,0.0,0.0,0.0,0.0,0.0,0.0,0.0,2.86,814.33,2.86
28.278,36.08,61.6,90.42,134.09,91.08,120.78,219.89,68.31,0.0,0.0,0.0,0.0,0.0,0.0,2.75,2.86,822.25,5.61
28.288,32.67,51.81,81.07,140.25,96.91,123.86,233.53,75.79,0.0,0.0,0.0,3.08,0.0,2.31,0.0,0.0,835.89,5.39
28.298,30.91,43.67,67.1,143.33,101.31,128.48,243.76,84.7,0.0,0.0,0.0,3.08,0.0,0.0,0.0,0.0,843.26,3.08
28.308,29.26,35.64,52.47,146.41,105.71,132.99,257.4,93.72,0.0,0.0,0.0,0.0,0.0,0.0,0.0,0.0,853.6,0.0
28.318,25.74,29.15,40.04,146.41,108.68,136.07,272.69,102.63,0.0,0.0,0.0,0.0,0.0,0.0,0.0,2.86,861.41,2.86
28.328,24.09,21.01,27.61,146.41,115.28,139.15,287.76,113.19,0.0,0.0,0.0,0.0,0.0,0.0,0.0,0.0,874.5,0.0
28.338,20.57,16.17,19.25,143.33,118.69,140.69,306.02,123.97,0.0,0.0,0.0,0.0,0.0,0.0,0.0,0.0,888.69,0.0
28.348,15.4,12.87,13.75,135.63,122.1,143.77,324.39,134.75,0.0,0.0,0.0,3.08,0.0,0.0,0.0,0.0,902.66,3.08
28.358,11.99,11.33,11.0,129.36,122.1,145.31,338.03,147.18,0.0,0.0,0.0,0.0,0.0,0.0,0.0,0.0,916.3,0.0
28.368,6.82,9.68,9.57,118.58,122.1,146.85,359.81,161.04,0.0,0.0,0.0,3.08,0.0,0.0,0.0,0.0,934.45,3.08
28.378,3.41,6.38,8.25,106.59,120.45,148.39,376.09,172.04,0.0,0.0,0.0,3.08,0.0,0.0,0.0,0.0,941.6,3.08
28.388,0.0,4.84,8.25,90.86,113.63,148.39,394.24,185.9,2.42,0.0,0.0,3.08,0.0,0.0,0.0,2.86,946.11,8.36
28.398,0.0,4.84,6.82,75.13,108.68,146.85,408.76,192.83,3.63,0.0,0.0,3.08,0.0,0.0,0.0,0.0,943.91,6.71
28.408,0.0,4.84,6.82,59.4,101.31,146.85,421.41,204.93,3.63,0.0,0.0,3.08,0.0,0.0,0.0,0.0,945.56,6.71
28.418,0.0,4.84,5.5,49.61,93.94,143.77,434.06,211.86,6.16,0.0,0.0,3.08,0.0,0.0,0.0,0.0,943.58,9.24
28.428,0.0,4.84,6.82,37.84,83.71,140.69,441.32,218.79,15.95,0.0,0.0,3.08,0.0,2.31,0.0,0.0,934.01,21.34
28.438,0.0,4.84,5.5,27.17,71.94,134.53,448.58,224.07,28.27,0.0,0.0,0.0,3.3,2.31,0.0,0.0,916.63,33.88
28.448,0.0,4.84,5.5,16.5,57.2,126.94,452.21,225.72,40.7,0.0,0.0,6.27,4.95,3.52,0.0,0.0,888.91,55.44
28.458,0.0,4.84,5.5,10.56,44.55,117.7,450.34,224.07,57.97,11.55,0.0,4.73,4.95,2.31,0.0,0.0,857.56,81.51
28.468,0.0,4.84,4.07,8.25,32.01,103.07,439.56,217.14,76.67,120.01,44.33,6.27,8.25,4.73,0.0,0.0,808.94,260.26
28.478,0.0,4.84,5.5,5.83,32.01,86.13,412.39,210.21,68.64,177.87,122.21,36.63,11.55,7.04,5.5,5.83,756.91,435.27
28.488,0.0,3.19,5.5,5.83,30.58,66.33,357.94,199.76,67.32,209.88,171.38,73.59,28.05,11.77,6.82,8.8,669.13,577.61
28.498,0.0,4.84,2.75,4.73,29.26,47.19,257.4,194.59,68.64,214.94,213.73,89.98,46.31,12.98,11.0,13.2,540.76,670.78
28.508,0.0,4.84,4.07,3.52,26.4,30.14,140.36,196.35,69.96,211.53,231.88,94.49,59.51,15.4,16.5,17.6,405.68,716.87
28.518,0.0,4.84,4.07,3.52,22.22,26.18,68.31,170.39,69.96,211.53,240.13,97.46,64.13,20.13,33.11,20.46,299.53,756.91
28.528,0.0,4.84,4.07,0.0,16.72,22.22,47.74,113.19,69.96,214.94,245.08,101.97,67.21,26.07,44.11,23.43,208.78,792.77
28.538,0.0,4.84,2.75,0.0,13.86,18.26,34.76,80.3,69.96,220.0,245.08,107.91,71.83,30.8,55.11,24.86,154.77,825.55
28.548,0.0,4.84,4.07,0.0,9.68,14.41,26.07,55.11,72.6,228.69,246.73,113.96,70.29,35.53,63.91,26.4,114.18,858.11
28.558,0.0,4.84,0.0,0.0,6.93,10.45,15.84,30.36,72.6,232.21,243.43,115.5,76.45,37.95,68.31,27.83,68.42,874.28
28.568,0.0,3.19,2.75,0.0,2.75,6.49,11.55,16.5,74.03,241.01,243.43,123.42,73.37,40.26,72.82,27.83,43.23,896.17
28.578,0.0,3.19,2.75,0.0,0.0,2.53,8.69,4.07,72.6,244.53,236.83,129.69,74.91,43.89,77.33,29.26,21.23,909.04
28.588,0.0,3.19,2.75,0.0,2.75,3.85,7.15,2.75,69.96,246.29,228.58,134.42,81.18,46.2,80.3,30.8,22.44,917.73
28.598,0.0,0.0,2.75,0.0,0.0,2.53,5.72,2.75,66.0,244.53,220.33,143.99,82.72,50.93,84.81,30.8,13.75,924.11
28.608,0.0,3.19,0.0,0.0,2.75,2.53,7.15,0.0,61.93,241.01,213.73,148.72,84.26,53.35,93.72,33.66,15.62,930.38
28.618,0.0,0.0,2.75,0.0,2.75,3.85,4.29,2.75,55.44,233.97,203.94,154.99,87.34,58.74,99.66,32.23,16.39,926.31
28.628,0.0,3.19,2.75,0.0,2.75,2.53,5.72,0.0,50.49,221.65,189.31,156.53,91.96,63.25,102.74,33.66,16.94,909.59
28.638,0.0,3.19,2.75,0.0,2.75,0.0,4.29,0.0,45.54,214.94,181.17,159.72,91.96,64.79,105.71,35.2,12.98,899.03
28.648,0.0,3.19,0.0,0.0,0.0,2.53,4.29,0.0,40.7,204.82,165.11,164.45,95.04,67.76,114.73,36.63,10.01,889.24
28.658,0.0,3.19,2.75,0.0,0.0,2.53,2.86,0.0,36.96,189.64,149.82,167.75,99.77,69.3,117.81,38.06,11.33,869.11
28.668,0.0,0.0,2.75,0.0,0.0,0.0,2.86,0.0,33.22,176.11,132.88,171.27,102.85,75.35,120.89,36.63,5.61,849.2
28.678,0.0,3.19,0.0,0.0,0.0,2.53,2.86,0.0,30.8,162.8,119.13,172.92,105.93,78.32,128.59,36.63,8.58,835.12
28.688,0.0,0.0,2.75,0.0,0.0,2.53,2.86,0.0,28.27,147.95,102.19,176.44,109.01,79.86,131.56,39.6,8.14,814.88
28.698,0.0,0.0,0.0,0.0,0.0,0.0,0.0,0.0,24.64,131.56,86.68,179.85,110.55,84.37,137.72,38.06,0.0,793.43
28.708,0.0,0.0,2.75,0.0,0.0,0.0,0.0,0.0,23.43,118.36,74.25,179.85,113.63,84.37,145.42,38.06,2.75,777.37
28.718,0.0,3.19,2.75,0.0,0.0,0.0,0.0,0.0,22.11,104.06,63.36,181.61,120.12,88.88,148.39,42.46,5.94,770.99
28.728,0.0,0.0,0.0,0.0,0.0,0.0,0.0,0.0,20.9,93.28,54.34,179.85,124.96,90.42,157.63,41.03,0.0,762.41
28.738,0.0,0.0,0.0,0.0,0.0,0.0,0.0,0.0,18.48,79.42,45.76,183.37,128.15,90.42,165.33,42.46,0.0,753.39
28.748,0.0,0.0,2.75,0.0,0.0,0.0,0.0,0.0,18.48,71.72,38.61,181.61,129.8,94.93,173.36,44.0,2.75,752.51
28.758,0.0,0.0,2.75,0.0,0.0,0.0,0.0,0.0,17.16,59.4,31.46,179.85,131.45,99.44,181.5,44.0,2.75,744.26
28.768,0.0,0.0,0.0,0.0,0.0,0.0,0.0,0.0,15.95,47.85,24.31,178.09,136.29,100.98,191.18,44.0,0.0,738.65
28.778,0.0,0.0,0.0,0.0,0.0,0.0,0.0,0.0,15.95,37.95,18.59,179.85,136.29,103.95,200.97,45.43,0.0,738.98
28.788,0.0,0.0,2.75,0.0,0.0,0.0,0.0,0.0,15.95,29.7,14.3,174.68,141.13,103.95,212.3,45.43,2.75,737.44
28.798,0.0,3.19,0.0,0.0,0.0,0.0,0.0,0.0,14.74,23.1,10.01,167.75,141.13,107.03,223.63,46.86,3.19,734.25
28.808,0.0,0.0,2.75,0.0,0.0,0.0,0.0,0.0,11.0,16.5,10.01,167.75,142.78,108.46,235.51,49.83,2.75,741.84
28.818,0.0,3.19,0.0,0.0,0.0,0.0,0.0,0.0,8.58,14.85,8.58,159.72,141.13,110.0,247.5,52.8,3.19,743.16
28.828,0.0,0.0,0.0,0.0,0.0,0.0,0.0,0.0,6.16,11.55,5.72,151.8,145.97,111.54,259.6,55.77,0.0,748.11
28.838,0.0,0.0,2.75,0.0,0.0,0.0,0.0,0.0,4.84,11.55,5.72,140.8,144.43,113.08,269.83,60.28,2.75,750.53
28.848,0.0,0.0,2.75,0.0,0.0,0.0,0.0,0.0,4.84,11.55,5.72,128.15,147.62,111.54,285.23,66.44,2.75,761.09
28.858,0.0,0.0,2.75,0.0,0.0,0.0,0.0,0.0,4.84,8.25,4.29,120.23,149.27,114.73,304.04,74.14,2.75,779.79
28.868,0.0,0.0,2.75,0.0,0.0,0.0,0.0,0.0,2.42,6.6,4.29,109.34,152.46,116.49,317.57,81.73,2.75,790.9
28.878,0.0,0.0,2.75,0.0,0.0,0.0,0.0,0.0,2.42,6.6,2.86,101.97,154.11,118.25,334.62,89.43,2.75,810.26
28.888,0.0,0.0,2.75,0.0,0.0,0.0,0.0,0.0,0.0,3.3,0.0,92.95,157.41,121.77,351.67,100.1,2.75,827.2
28.898,0.0,0.0,2.75,0.0,0.0,0.0,0.0,0.0,0.0,3.3,2.86,81.07,158.95,121.77,370.48,109.34,2.75,847.77
28.908,0.0,0.0,0.0,0.0,0.0,0.0,0.0,0.0,0.0,4.95,2.86,72.16,157.41,120.01,389.18,118.8,0.0,865.37
28.918,0.0,0.0,0.0,2.31,0.0,0.0,0.0,0.0,0.0,4.95,2.86,61.71,158.95,120.01,401.61,125.18,2.31,875.27
28.928,3.41,0.0,0.0,0.0,0.0,0.0,0.0,0.0,0.0,4.95,2.86,52.58,154.11,114.73,417.78,131.56,3.41,878.57
28.938,6.82,0.0,0.0,0.0,2.75,0.0,0.0,0.0,0.0,3.3,2.86,44.55,150.92,113.08,428.45,136.29,9.57,879.45
28.948,17.16,0.0,0.0,2.31,2.75,0.0,0.0,0.0,0.0,0.0,0.0,36.63,150.92,108.46,435.6,137.94,22.22,869.55
28.958,41.25,0.0,0.0,3.52,2.75,2.53,0.0,0.0,0.0,4.95,0.0,27.06,141.13,105.49,439.23,136.29,50.05,854.15
28.968,72.27,0.0,0.0,3.52,4.18,3.85,0.0,0.0,0.0,0.0,0.0,19.03,133.1,102.52,439.23,137.94,83.82,831.82
28.978,99.88,0.0,0.0,4.73,4.18,2.53,0.0,0.0,0.0,4.95,0.0,14.3,123.31,91.96,432.08,136.29,111.32,802.89
28.988,138.16,51.81,65.56,5.83,5.5,5.17,0.0,2.75,0.0,3.3,2.86,12.65,104.39,82.83,417.78,131.56,274.78,755.37
28.998,138.16,132.55,133.43,7.04,5.5,5.17,2.86,2.75,0.0,3.3,0.0,12.65,88.88,72.27,390.94,123.53,427.46,691.57
29.008,127.6,176.55,182.38,36.63,6.93,5.17,2.86,4.07,0.0,0.0,2.86,14.3,64.13,58.74,360.25,120.34,542.19,620.62
29.018,120.67,187.11,222.64,57.97,16.72,10.45,8.69,9.57,0.0,0.0,0.0,15.84,54.56,47.41,281.82,125.18,633.82,524.81
29.028,118.91,183.59,243.98,63.69,30.58,26.18,27.5,19.25,0.0,0.0,0.0,14.3,46.31,36.74,168.52,136.29,713.68,402.16
29.038,118.91,181.83,261.69,66.55,33.44,39.27,50.6,22.0,0.0,0.0,0.0,12.65,38.06,26.07,90.75,129.91,774.29,297.44
29.048,120.67,185.35,274.23,67.98,41.8,49.83,74.25,24.75,0.0,3.3,0.0,7.92,31.46,22.44,42.68,95.48,838.86,203.28
29.058,124.19,187.11,286.99,67.98,43.12,55.11,92.18,26.18,0.0,3.3,0.0,6.27,24.75,16.61,33.11,60.28,882.86,144.32
29.068,129.36,188.87,290.73,67.98,48.73,60.72,105.6,27.5,0.0,3.3,0.0,6.27,19.8,11.77,24.75,49.83,919.49,115.72
29.078,132.88,192.39,296.34,66.55,50.16,62.15,111.54,28.93,0.0,0.0,0.0,4.73,13.2,8.25,16.5,36.63,940.94,79.31
29.088,134.64,195.91,296.34,67.98,50.16,64.9,119.46,31.68,0.0,0.0,0.0,4.73,9.9,5.83,12.32,22.0,961.07,54.78
29.098,136.4,199.43,298.21,69.41,52.91,64.9,124.3,31.68,0.0,3.3,0.0,3.08,4.95,4.73,9.57,7.26,977.24,32.89
29.108,136.4,201.19,294.47,70.84,52.91,69.19,127.49,31.68,0.0,0.0,0.0,4.73,3.3,4.73,9.57,5.83,984.17,28.16
29.118,134.64,199.43,292.6,70.84,52.91,70.62,129.14,34.43,0.0,0.0,0.0,4.73,4.95,3.52,8.25,4.4,984.61,25.85
29.128,132.88,197.67,286.99,75.13,55.77,72.05,132.33,35.86,0.0,0.0,0.0,4.73,4.95,3.52,8.25,4.4,988.68,25.85
29.138,127.6,195.91,279.51,75.13,55.77,72.05,133.98,35.86,0.0,0.0,0.0,3.08,0.0,2.31,6.82,4.4,975.81,16.61
29.148,120.67,192.39,272.47,76.56,54.34,73.48,137.17,35.86,0.0,0.0,0.0,3.08,3.3,3.52,4.07,4.4,962.94,18.37
29.158,113.63,187.11,261.69,79.42,55.77,74.8,137.17,37.18,0.0,0.0,0.0,3.08,3.3,2.31,5.5,2.86,946.77,17.05
29.168,106.7,181.83,251.02,79.42,57.2,76.23,138.71,37.18,0.0,0.0,0.0,4.73,3.3,2.31,5.5,2.86,928.29,18.7
29.178,98.12,176.55,238.59,80.85,54.34,77.66,137.17,37.18,0.0,0.0,0.0,3.08,3.3,2.31,2.75,2.86,900.46,14.3
29.188,89.54,171.27,226.16,83.71,57.2,76.23,137.17,35.86,0.0,0.0,0.0,0.0,0.0,2.31,2.75,2.86,877.14,7.92
29.198,82.61,162.69,215.27,85.14,57.2,77.66,138.71,37.18,0.0,0.0,0.0,3.08,0.0,0.0,4.07,2.86,856.46,10.01
29.208,75.68,155.98,202.51,89.43,57.2,79.09,140.36,37.18,0.0,0.0,0.0,0.0,0.0,0.0,5.5,0.0,837.43,5.5
29.218,68.86,149.27,187.88,89.43,58.63,83.38,138.71,37.18,0.0,0.0,0.0,0.0,0.0,0.0,2.75,2.86,813.34,5.61
29.228,63.69,142.56,178.75,93.72,60.17,81.95,142.01,39.93,0.0,0.0,0.0,0.0,0.0,0.0,2.75,0.0,802.78,2.75
29.238,58.52,134.2,166.32,96.58,60.17,86.13,146.85,39.93,0.0,0.0,0.0,3.08,0.0,0.0,4.07,0.0,788.7,7.15
29.248,55.11,125.84,158.07,98.01,63.03,87.56,151.58,41.36,0.0,0.0,0.0,3.08,0.0,0.0,2.75,0.0,780.56,5.83
29.258,51.59,117.37,149.93,100.87,63.03,90.42,156.42,44.11,0.0,0.0,0.0,3.08,0.0,0.0,2.75,0.0,773.74,5.83
29.268,51.59,107.47,144.98,102.3,67.54,91.85,164.45,48.29,0.0,0.0,0.0,3.08,0.0,0.0,2.75,0.0,778.47,5.83
29.278,46.42,102.52,140.03,102.3,70.4,94.6,170.94,51.04,0.0,0.0,0.0,3.08,0.0,0.0,2.75,0.0,778.25,5.83
29.2879,44.77,96.03,131.89,105.16,74.8,96.03,181.28,53.79,0.0,0.0,0.0,3.08,0.0,0.0,2.75,0.0,783.75,5.83
29.2979,43.01,87.78,126.94,108.02,76.34,100.32,190.08,56.54,0.0,0.0,0.0,3.08,0.0,0.0,0.0,0.0,789.03,3.08
29.3079,41.25,82.94,121.99,109.45,80.74,103.07,202.29,63.91,0.0,0.0,0.0,0.0,0.0,0.0,0.0,2.86,805.64,2.86
29.3179,39.6,74.69,112.2,112.42,86.57,104.5,212.85,69.85,0.0,0.0,0.0,0.0,0.0,0.0,0.0,2.86,812.68,2.86
29.3279,36.08,68.2,106.04,115.5,89.54,107.36,225.06,74.36,0.0,0.0,0.0,3.08,0.0,0.0,0.0,0.0,822.14,3.08
29.3379,34.43,59.95,98.23,117.04,93.94,110.22,235.29,83.27,0.0,0.0,0.0,3.08,0.0,2.31,0.0,0.0,832.37,5.39
29.3479,30.91,50.16,88.88,118.58,98.34,114.62,248.93,89.21,0.0,0.0,0.0,0.0,0.0,0.0,0.0,2.86,839.63,2.86
29.3579,29.26,42.13,76.45,121.66,101.31,117.7,260.81,98.12,0.0,0.0,0.0,3.08,0.0,0.0,0.0,2.86,847.44,5.94
29.3679,27.5,33.99,64.02,123.2,107.25,120.78,276.1,104.17,0.0,0.0,0.0,3.08,0.0,0.0,0.0,2.86,857.01,5.94
29.3779,25.74,25.85,51.04,123.2,110.22,123.86,291.06,113.19,0.0,0.0,0.0,0.0,0.0,2.31,0.0,0.0,864.16,2.31
29.3879,24.09,17.82,37.29,120.12,115.28,126.94,307.78,127.05,0.0,0.0,0.0,0.0,0.0,0.0,0.0,0.0,876.37,0.0
29.3979,20.57,14.52,24.86,120.12,122.1,131.45,324.39,136.29,0.0,0.0,0.0,0.0,0.0,0.0,0.0,0.0,894.3,0.0
29.4079,18.92,11.33,17.93,112.42,125.51,132.99,343.42,148.72,0.0,0.0,0.0,0.0,0.0,0.0,0.0,0.0,911.24,0.0
29.4179,15.4,11.33,15.18,105.16,128.92,134.53,361.57,161.04,0.0,0.0,0.0,0.0,0.0,0.0,0.0,2.86,933.13,2.86
29.4279,13.75,9.68,13.75,95.15,130.68,134.53,379.72,170.39,0.0,0.0,0.0,0.0,0.0,0.0,0.0,0.0,947.65,0.0
29.4379,5.06,8.03,9.57,85.14,128.92,134.53,397.87,184.14,0.0,0.0,0.0,0.0,0.0,0.0,0.0,0.0,953.26,0.0
29.4479,0.0,6.38,6.82,72.27,127.27,134.53,414.15,194.59,0.0,0.0,0.0,0.0,0.0,0.0,0.0,0.0,956.01,0.0
29.4579,0.0,6.38,5.5,59.4,122.1,136.07,430.43,206.69,2.42,0.0,0.0,0.0,0.0,0.0,0.0,0.0,966.57,2.42
29.4679,0.0,4.84,6.82,47.3,113.63,136.07,446.71,218.79,3.63,0.0,0.0,0.0,0.0,0.0,0.0,0.0,974.16,3.63
29.4779,0.0,4.84,5.5,38.94,105.71,132.99,462.99,225.72,4.84,0.0,0.0,0.0,0.0,0.0,0.0,0.0,976.69,4.84
29.4879,0.0,4.84,5.5,28.38,95.48,128.48,473.88,236.06,9.79,0.0,0.0,0.0,0.0,0.0,0.0,0.0,972.62,9.79
29.4979,0.0,3.19,6.82,18.92,83.71,125.4,486.42,241.23,22.11,0.0,0.0,3.08,0.0,0.0,0.0,0.0,965.69,25.19
29.5079,0.0,3.19,5.5,11.77,68.97,116.16,491.92,244.64,32.01,0.0,0.0,4.73,3.3,0.0,0.0,0.0,942.15,40.04
29.5179,0.0,4.84,6.82,8.25,52.91,101.75,495.55,244.64,43.12,0.0,0.0,4.73,3.3,0.0,0.0,0.0,914.76,51.15
29.5279,0.0,4.84,5.5,7.04,36.19,88.99,486.42,237.71,59.29,0.0,0.0,4.73,3.3,3.52,0.0,0.0,866.69,70.84
29.5379,0.0,4.84,5.5,4.73,29.26,73.48,468.38,229.13,88.77,79.42,25.74,6.27,4.95,4.73,0.0,0.0,815.32,209.88
29.5479,0.0,4.84,5.5,4.73,30.58,55.11,426.8,211.86,86.02,157.85,102.19,7.92,8.25,4.73,2.75,0.0,739.42,369.71
29.5579,0.0,4.84,4.07,4.73,29.26,40.59,341.66,201.52,75.35,211.53,160.49,57.2,18.15,9.46,8.25,7.26,626.67,547.69
29.5679,0.0,4.84,5.5,2.31,29.26,28.82,218.13,192.83,74.03,232.21,207.24,84.04,38.06,14.19,9.57,13.2,481.69,672.54
29.5779,0.0,4.84,2.75,2.31,25.08,26.18,114.62,175.56,76.67,237.49,231.88,95.92,57.97,15.4,12.32,14.63,351.34,742.28
29.5879,0.0,4.84,4.07,0.0,20.9,24.86,57.86,137.83,77.99,237.49,246.73,101.97,64.13,17.71,24.75,20.46,250.36,791.23
29.5979,0.0,0.0,4.07,0.0,18.04,20.9,43.45,92.18,77.99,242.77,254.98,106.37,68.75,22.44,37.18,22.0,178.64,832.48
29.6079,0.0,4.84,4.07,0.0,13.86,15.73,31.79,60.94,79.31,248.05,256.63,112.42,70.29,28.38,42.68,22.0,131.23,859.76
29.6179,0.0,3.19,2.75,0.0,8.36,11.77,23.1,31.68,80.74,251.68,256.63,112.42,73.37,32.01,48.29,24.86,80.85,880.0
29.6279,0.0,3.19,2.75,0.0,4.18,7.81,15.84,15.18,83.38,258.72,261.58,115.5,70.29,32.01,55.11,26.4,48.95,902.99
29.6379,0.0,3.19,2.75,0.0,4.18,5.17,11.55,6.82,87.34,264.0,263.23,117.15,74.91,33.22,56.54,26.4,33.66,922.79
29.6479,0.0,3.19,0.0,0.0,2.75,3.85,8.69,4.07,88.77,269.28,259.93,120.23,76.45,33.22,62.37,24.86,22.55,935.11
29.6579,0.0,3.19,2.75,0.0,0.0,2.53,8.69,4.07,87.34,267.52,254.98,123.42,78.1,36.74,66.88,26.4,21.23,941.38
29.6679,0.0,0.0,2.75,0.0,2.75,3.85,7.15,0.0,83.38,265.76,248.38,126.61,81.18,39.05,72.82,27.83,16.5,945.01
29.6779,0.0,3.19,0.0,0.0,2.75,3.85,5.72,2.75,77.99,262.24,240.13,129.69,82.72,40.26,78.76,29.26,18.26,941.05
29.6879,0.0,3.19,2.75,0.0,2.75,2.53,7.15,0.0,71.28,253.44,230.23,132.88,82.72,43.89,84.81,30.8,18.37,930.05
29.6979,0.0,0.0,2.75,0.0,0.0,3.85,5.72,0.0,63.25,242.77,218.68,134.42,85.8,46.2,89.21,30.8,12.32,911.13
29.7079,0.0,3.19,0.0,0.0,0.0,2.53,4.29,0.0,56.65,233.97,205.59,134.42,87.34,48.62,93.72,27.83,10.01,888.14
29.7179,0.0,3.19,0.0,0.0,0.0,0.0,5.72,0.0,50.49,218.35,194.26,137.61,87.34,50.93,98.23,30.8,8.91,868.01
29.7279,0.0,3.19,0.0,0.0,0.0,2.53,4.29,0.0,44.33,204.82,182.82,137.61,88.88,52.14,101.2,32.23,10.01,844.03
29.7379,0.0,3.19,4.07,0.0,0.0,0.0,4.29,0.0,40.7,191.29,168.19,134.42,93.5,55.77,107.14,33.66,11.55,824.67
29.7479,0.0,3.19,2.75,0.0,0.0,2.53,2.86,0.0,36.96,177.87,160.49,134.42,93.5,58.74,113.19,35.2,11.33,810.37
29.7579,0.0,3.19,2.75,0.0,2.75,0.0,4.29,0.0,34.43,166.1,152.79,134.42,96.69,61.71,117.81,33.66,12.98,797.61
29.7679,0.0,0.0,2.75,0.0,0.0,2.53,2.86,0.0,33.22,157.85,143.66,132.88,98.23,63.25,127.05,36.63,8.14,792.77
29.7779,0.0,0.0,0.0,0.0,0.0,0.0,2.86,0.0,32.01,146.3,139.04,129.69,98.23,66.22,136.18,38.06,2.86,785.73
29.7879,0.0,0.0,0.0,0.0,0.0,0.0,0.0,0.0,30.8,138.16,135.96,128.15,104.39,70.84,143.88,38.06,0.0,790.24
29.7979,0.0,0.0,2.75,0.0,0.0,0.0,0.0,0.0,29.59,128.26,129.91,124.96,107.47,73.81,154.55,39.6,2.75,788.15
29.8079,0.0,3.19,2.75,0.0,0.0,0.0,2.86,0.0,28.27,118.36,125.29,126.61,109.01,76.78,163.79,41.03,8.8,789.14
29.8179,0.0,0.0,0.0,0.0,0.0,0.0,0.0,0.0,25.85,107.14,117.59,128.15,116.82,81.4,171.71,41.03,0.0,789.69
29.8279,0.0,0.0,0.0,0.0,0.0,0.0,0.0,0.0,24.64,100.98,111.43,124.96,120.12,82.83,184.69,44.0,0.0,793.65
29.8379,0.0,3.19,2.75,0.0,0.0,0.0,0.0,0.0,24.64,91.74,103.73,124.96,124.96,85.91,194.48,44.0,5.94,794.42
29.8479,0.0,0.0,2.75,0.0,0.0,0.0,0.0,0.0,22.11,80.96,94.38,128.15,131.45,90.42,207.46,44.0,2.75,798.93
29.8579,0.0,0.0,2.75,0.0,0.0,0.0,0.0,0.0,20.9,73.26,81.95,128.15,137.94,93.39,217.14,48.4,2.75,801.13
29.8679,0.0,3.19,2.75,0.0,0.0,0.0,0.0,0.0,18.48,62.48,72.71,131.34,142.78,96.47,228.58,52.8,5.94,805.64
29.8779,0.0,0.0,0.0,0.0,0.0,0.0,0.0,0.0,18.48,56.1,60.28,131.34,147.62,99.44,240.68,54.23,0.0,808.17
29.8879,0.0,0.0,2.75,0.0,0.0,0.0,0.0,0.0,15.95,42.9,50.05,132.88,150.92,102.52,254.43,58.74,2.75,808.39
29.8979,0.0,0.0,2.75,0.0,0.0,0.0,0.0,0.0,14.74,34.65,37.18,128.15,157.41,105.49,269.83,63.36,2.75,810.81
29.9079,0.0,0.0,2.75,0.0,0.0,0.0,0.0,0.0,14.74,24.75,24.31,123.42,162.25,105.49,283.58,63.36,2.75,801.9
29.9179,0.0,0.0,0.0,0.0,0.0,0.0,0.0,0.0,13.53,14.85,14.3,118.69,168.74,108.46,298.87,71.06,0.0,808.5
29.9279,0.0,0.0,2.75,0.0,0.0,0.0,0.0,0.0,11.0,14.85,11.44,110.88,173.91,108.46,314.16,77.11,2.75,821.81
29.9379,0.0,0.0,2.75,0.0,0.0,0.0,0.0,0.0,7.37,11.55,10.01,104.94,173.91,110.0,329.56,83.27,2.75,830.61
29.9479,0.0,0.0,0.0,0.0,0.0,0.0,0.0,0.0,6.16,13.2,8.58,97.46,179.3,111.54,341.44,89.43,0.0,847.11
29.9579,0.0,0.0,0.0,0.0,0.0,0.0,0.0,0.0,3.63,8.25,5.72,94.49,179.3,113.08,360.25,97.02,0.0,861.74
29.9679,0.0,0.0,0.0,0.0,0.0,0.0,0.0,0.0,3.63,9.9,7.15,82.5,182.93,113.08,373.89,104.72,0.0,877.8
29.9779,0.0,0.0,2.75,0.0,0.0,0.0,0.0,0.0,2.42,6.6,5.72,73.59,182.93,110.0,394.46,112.42,2.75,888.14
29.9879,0.0,0.0,0.0,0.0,0.0,0.0,0.0,0.0,2.42,6.6,4.29,63.14,179.3,111.54,412.39,118.8,0.0,898.48
29.9979,3.41,0.0,0.0,0.0,0.0,0.0,0.0,0.0,0.0,6.6,4.29,50.93,177.54,110.0,424.93,126.72,3.41,901.01
30.0079,6.82,0.0,0.0,0.0,0.0,0.0,0.0,0.0,0.0,6.6,4.29,43.01,172.15,105.49,442.75,134.75,6.82,909.04
30.0179,15.4,0.0,0.0,0.0,2.75,0.0,0.0,0.0,0.0,0.0,0.0,33.44,167.09,107.03,455.51,139.48,18.15,902.55
30.0279,27.5,0.0,0.0,0.0,0.0,0.0,0.0,0.0,0.0,4.95,2.86,27.06,158.95,103.95,462.77,147.51,27.5,908.05
30.0379,49.94,0.0,0.0,3.52,4.18,0.0,0.0,0.0,0.0,4.95,2.86,19.03,154.11,97.9,471.79,150.7,57.64,901.34
30.0479,70.51,0.0,0.0,4.73,2.75,0.0,0.0,0.0,0.0,0.0,2.86,12.65,145.97,91.96,475.42,150.7,77.99,879.56
30.0579,87.78,0.0,0.0,4.73,5.5,3.85,0.0,0.0,0.0,3.3,2.86,11.11,131.45,82.83,475.42,150.7,101.86,857.67
30.0679,101.53,30.69,64.02,5.83,5.5,3.85,0.0,0.0,0.0,3.3,2.86,9.46,113.63,73.81,466.4,147.51,211.42,816.97
30.0779,99.88,89.43,113.85,8.25,6.93,5.17,2.86,2.75,0.0,0.0,2.86,7.92,96.69,58.74,451.88,142.78,329.12,760.87
30.0879,94.71,119.13,151.47,33.11,6.93,6.49,4.29,4.07,0.0,3.3,2.86,12.65,74.91,47.41,421.3,137.94,420.2,700.37
30.0979,91.19,130.79,180.51,44.88,19.47,9.13,7.15,6.82,0.0,0.0,2.86,12.65,57.97,40.26,370.48,133.1,489.94,617.32
30.1079,91.19,134.2,198.77,53.13,30.58,17.05,18.81,15.18,0.0,3.3,2.86,14.3,51.26,34.32,263.01,134.75,558.91,503.8
30.1179,92.95,139.26,218.9,55.55,36.19,30.14,44.88,19.25,0.0,3.3,4.29,14.3,43.01,28.38,146.96,129.91,637.12,370.15
30.1279,98.12,145.97,235.07,56.76,40.37,40.59,66.77,22.0,0.0,3.3,0.0,11.11,34.76,24.86,75.79,112.42,705.65,262.24
30.1379,105.05,150.92,252.89,56.76,43.12,45.87,83.16,24.75,0.0,0.0,0.0,11.11,28.05,20.13,41.36,81.73,762.52,182.38
30.1479,111.87,157.63,267.08,56.76,45.98,49.83,93.61,24.75,0.0,0.0,2.86,7.92,23.1,14.19,31.68,60.28,807.51,140.03
30.1579,118.91,162.69,274.23,56.76,48.73,52.47,102.63,24.75,0.0,0.0,0.0,6.27,18.15,11.77,23.43,44.0,841.17,103.62
30.1679,125.84,166.1,285.12,56.76,50.16,53.79,107.03,26.18,0.0,3.3,0.0,4.73,13.2,8.25,17.93,29.26,870.98,76.67
30.1779,132.88,173.03,286.99,56.76,51.48,56.43,111.54,27.5,0.0,0.0,0.0,4.73,8.25,4.73,13.75,17.6,896.61,49.06
30.1879,138.16,174.79,292.6,56.76,51.48,57.86,113.08,28.93,0.0,0.0,0.0,3.08,6.6,4.73,11.0,4.4,913.66,29.81
30.1979,139.92,180.07,296.34,59.4,48.73,57.86,113.08,27.5,0.0,0.0,0.0,4.73,6.6,4.73,9.57,5.83,922.9,31.46
30.2079,141.57,181.83,296.34,57.97,51.48,59.29,114.62,27.5,0.0,0.0,0.0,4.73,4.95,3.52,9.57,2.86,930.6,25.63
30.2179,141.57,180.07,294.47,57.97,51.48,57.86,116.27,27.5,0.0,0.0,0.0,3.08,4.95,2.31,8.25,5.83,927.19,24.42
30.2279,138.16,180.07,288.86,59.4,51.48,60.72,116.27,28.93,0.0,0.0,0.0,0.0,4.95,3.52,5.5,4.4,923.89,18.37
30.2379,134.64,178.31,283.25,60.83,51.48,62.15,116.27,27.5,0.0,0.0,0.0,4.73,3.3,2.31,8.25,5.83,914.43,24.42
30.2479,129.36,174.79,274.23,60.83,51.48,60.72,116.27,28.93,0.0,0.0,0.0,3.08,3.3,2.31,6.82,4.4,896.61,19.91
30.2579,124.19,169.51,267.08,63.69,51.48,63.58,116.27,28.93,0.0,0.0,0.0,0.0,4.95,2.31,6.82,4.4,884.73,18.48
30.2679,117.15,164.34,258.17,65.12,51.48,62.15,116.27,28.93,0.0,0.0,0.0,4.73,3.3,3.52,6.82,4.4,863.61,22.77
30.2779,108.46,162.69,243.98,66.55,50.16,63.58,114.62,28.93,0.0,0.0,0.0,3.08,3.3,2.31,2.75,0.0,838.97,11.44
30.2879,101.53,157.63,233.31,70.84,50.16,64.9,114.62,28.93,0.0,0.0,0.0,0.0,3.3,2.31,4.07,0.0,821.92,9.68
30.2979,94.71,154.33,222.64,72.27,50.16,66.33,113.08,27.5,0.0,0.0,0.0,0.0,3.3,2.31,2.75,2.86,801.02,11.22
30.3079,89.54,149.27,213.4,75.13,48.73,66.33,113.08,28.93,0.0,0.0,0.0,3.08,0.0,0.0,4.07,0.0,784.41,7.15
30.3179,84.37,142.56,206.14,76.56,50.16,67.76,114.62,27.5,0.0,0.0,0.0,0.0,3.3,2.31,5.5,0.0,769.67,11.11
30.3279,79.2,139.26,200.64,76.56,52.91,69.19,116.27,28.93,0.0,0.0,0.0,0.0,0.0,0.0,4.07,2.86,762.96,6.93
30.3379,75.68,132.55,193.38,80.85,54.34,72.05,122.65,30.36,0.0,0.0,0.0,0.0,0.0,0.0,2.75,2.86,761.86,5.61
30.3479,72.27,127.49,187.88,83.71,54.34,73.48,129.14,30.36,0.0,0.0,0.0,0.0,0.0,0.0,4.07,2.86,758.67,6.93
30.3579,68.86,122.43,182.38,85.14,57.2,76.23,133.98,31.68,0.0,0.0,0.0,3.08,0.0,0.0,4.07,2.86,757.9,10.01
30.3679,65.34,117.37,178.75,86.57,61.6,80.52,143.55,33.11,0.0,0.0,0.0,3.08,0.0,0.0,0.0,0.0,766.81,3.08
30.3779,61.93,110.77,173.25,88.0,64.57,83.38,151.58,38.61,0.0,0.0,0.0,0.0,0.0,0.0,0.0,0.0,772.09,0.0
30.3879,60.17,105.82,169.62,89.43,67.54,88.99,162.91,42.68,0.0,0.0,0.0,0.0,0.0,0.0,0.0,0.0,787.16,0.0
30.3979,56.76,100.87,163.02,95.15,71.94,91.85,174.24,46.86,0.0,0.0,0.0,0.0,0.0,0.0,2.75,2.86,800.69,5.61
30.4079,55.11,94.38,156.42,99.44,77.77,97.46,186.56,52.36,0.0,0.0,0.0,0.0,0.0,0.0,2.75,4.4,819.5,7.15
30.4179,49.94,87.78,146.63,103.73,80.74,100.32,200.53,57.97,0.0,0.0,0.0,0.0,0.0,0.0,0.0,0.0,827.64,0.0
30.4279,46.42,77.99,136.73,109.45,86.57,104.5,211.09,63.91,0.0,0.0,0.0,0.0,0.0,0.0,2.75,2.86,836.66,5.61
30.4379,43.01,69.74,123.64,112.42,92.51,110.22,223.41,74.36,0.0,0.0,0.0,0.0,0.0,0.0,0.0,0.0,849.31,0.0
30.4479,39.6,59.95,109.12,115.5,98.34,114.62,236.94,80.3,0.0,0.0,0.0,0.0,0.0,0.0,2.75,2.86,854.37,5.61
30.4579,34.43,48.62,91.96,121.66,104.28,119.24,250.58,90.75,0.0,0.0,0.0,0.0,0.0,0.0,0.0,2.86,861.52,2.86
30.4679,30.91,38.83,76.45,123.2,110.22,122.32,269.28,99.66,0.0,0.0,0.0,0.0,0.0,0.0,0.0,0.0,870.87,0.0
30.4779,27.5,29.15,57.97,124.74,117.04,126.94,287.76,113.19,0.0,0.0,0.0,0.0,0.0,0.0,2.75,0.0,884.29,2.75
30.4879,25.74,21.01,42.79,126.28,125.51,131.45,307.78,123.97,0.0,0.0,0.0,0.0,0.0,0.0,2.75,0.0,904.53,2.75
30.4979,22.33,14.52,24.86,121.66,132.33,134.53,327.69,139.37,0.0,0.0,0.0,0.0,0.0,2.31,0.0,0.0,917.29,2.31
30.5079,18.92,12.87,17.93,117.04,135.74,137.61,347.05,150.26,0.0,0.0,0.0,0.0,0.0,0.0,0.0,2.86,937.42,2.86
30.5179,13.75,11.33,15.18,103.73,137.5,137.61,370.7,165.66,0.0,0.0,0.0,0.0,0.0,0.0,0.0,0.0,955.46,0.0
30.5279,8.58,9.68,12.43,93.72,135.74,140.69,390.61,178.97,0.0,0.0,0.0,0.0,0.0,0.0,0.0,2.86,970.42,2.86
30.5379,0.0,6.38,9.57,77.99,134.09,140.69,408.76,189.42,0.0,0.0,0.0,0.0,0.0,0.0,0.0,2.86,966.9,2.86
30.5479,0.0,4.84,8.25,62.26,128.92,139.15,425.04,204.93,2.42,0.0,0.0,0.0,0.0,0.0,0.0,0.0,973.39,2.42
30.5579,0.0,6.38,5.5,49.61,122.1,137.61,441.32,218.79,3.63,0.0,0.0,0.0,0.0,0.0,0.0,0.0,981.31,3.63
30.5679,0.0,4.84,6.82,38.94,111.87,136.07,459.36,230.89,4.84,0.0,0.0,0.0,0.0,0.0,0.0,0.0,988.79,4.84
30.5779,0.0,4.84,6.82,27.17,99.88,132.99,473.88,237.71,9.79,0.0,0.0,0.0,0.0,0.0,0.0,0.0,983.29,9.79
30.5879,0.0,4.84,6.82,17.71,88.11,126.94,484.66,248.05,20.9,0.0,0.0,0.0,0.0,0.0,0.0,0.0,977.13,20.9
30.5979,0.0,4.84,5.5,10.56,74.8,117.7,491.92,249.81,32.01,0.0,0.0,4.73,3.3,2.31,2.75,0.0,955.13,45.1
30.6079,0.0,4.84,5.5,7.04,57.2,104.5,497.31,251.46,43.12,0.0,0.0,3.08,3.3,2.31,0.0,0.0,927.85,51.81
30.6179,0.0,3.19,6.82,5.83,41.8,88.99,493.68,244.64,67.32,0.0,0.0,6.27,6.6,3.52,2.75,0.0,884.95,86.46
30.6279,0.0,4.84,5.5,4.73,30.58,73.48,472.01,236.06,95.48,100.98,51.48,7.92,6.6,3.52,0.0,2.86,827.2,268.84
30.6379,0.0,4.84,6.82,2.31,30.58,55.11,430.43,222.31,88.77,176.11,126.83,11.11,11.55,3.52,6.82,2.86,752.4,427.57
30.6479,0.0,4.84,6.82,4.73,30.58,41.91,352.55,210.21,80.74,223.41,177.87,66.11,26.4,10.67,6.82,8.8,651.64,600.82
30.6579,0.0,4.84,5.5,3.52,29.26,31.46,233.53,203.28,77.99,232.21,218.68,87.01,44.66,14.19,11.0,11.66,511.39,697.4
30.6679,0.0,4.84,4.07,3.52,25.08,27.5,121.11,189.42,80.74,233.97,233.53,97.46,57.97,15.4,15.18,16.06,375.54,750.31
30.6779,0.0,4.84,2.75,0.0,20.9,24.86,62.37,148.72,79.31,239.25,241.78,101.97,64.13,15.4,24.75,20.46,264.44,787.05
30.6879,0.0,4.84,2.75,0.0,18.04,20.9,43.45,98.12,76.67,242.77,243.43,107.91,67.21,21.34,33.11,19.03,188.1,811.47
30.6979,0.0,4.84,4.07,0.0,13.86,15.73,31.79,66.88,77.99,246.29,243.43,112.42,70.29,24.86,41.36,20.46,137.17,837.1
30.7079,0.0,3.19,2.75,0.0,8.36,13.09,21.67,37.18,80.74,253.44,240.13,112.42,73.37,27.28,44.11,20.46,86.24,851.95
30.7178,0.0,3.19,4.07,0.0,5.5,6.49,14.41,19.25,82.06,256.96,241.78,117.15,73.37,28.38,46.86,24.86,52.91,871.42
30.7278,0.0,3.19,4.07,0.0,2.75,5.17,10.12,6.82,83.38,262.24,243.43,120.23,74.91,29.59,48.29,23.43,32.12,885.5
30.7378,0.0,3.19,4.07,0.0,2.75,2.53,8.69,2.75,84.7,267.52,240.13,123.42,73.37,30.8,51.04,26.4,23.98,897.38
30.7478,0.0,3.19,0.0,0.0,4.18,2.53,8.69,4.07,83.38,269.28,235.18,128.15,74.91,32.01,53.79,24.86,22.66,901.56
30.7578,0.0,0.0,4.07,0.0,0.0,3.85,7.15,2.75,79.31,265.76,228.58,132.88,78.1,36.74,56.54,26.4,17.82,904.31
30.7678,0.0,3.19,2.75,0.0,0.0,2.53,7.15,0.0,74.03,262.24,220.33,137.61,82.72,37.95,60.94,26.4,15.62,902.22
30.7778,0.0,0.0,2.75,0.0,2.75,3.85,4.29,2.75,68.64,255.2,213.73,139.15,84.26,40.26,66.88,26.4,16.39,894.52
30.7878,0.0,3.19,2.75,0.0,0.0,0.0,5.72,0.0,63.25,248.05,203.94,143.99,85.8,43.89,71.39,27.83,11.66,888.14
30.7978,0.0,3.19,2.75,0.0,0.0,0.0,4.29,0.0,57.97,235.73,192.61,143.99,87.34,46.2,77.33,29.26,10.23,870.43
30.8078,0.0,0.0,2.75,0.0,0.0,2.53,4.29,0.0,53.02,225.17,181.17,147.07,88.88,47.41,83.27,27.83,9.57,853.82
30.8178,0.0,3.19,0.0,0.0,0.0,2.53,2.86,0.0,48.07,214.94,169.73,148.72,90.42,47.41,86.24,29.26,8.58,834.79
30.8278,0.0,0.0,4.07,0.0,0.0,0.0,4.29,0.0,44.33,204.82,158.95,147.07,91.96,50.93,92.29,29.26,8.36,819.61
30.8378,0.0,3.19,2.75,0.0,0.0,2.53,4.29,0.0,40.7,191.29,148.28,150.26,93.5,54.56,95.26,30.8,12.76,804.65
30.8478,0.0,3.19,2.75,0.0,0.0,2.53,0.0,0.0,38.17,177.87,137.5,150.26,95.04,55.77,101.2,32.23,8.47,788.04
30.8578,0.0,3.19,2.75,0.0,0.0,0.0,2.86,0.0,35.75,164.45,128.37,148.72,98.23,61.71,108.68,35.2,8.8,781.11
30.8678,0.0,3.19,2.75,0.0,0.0,0.0,2.86,0.0,33.22,154.55,123.75,150.26,101.31,64.79,117.81,35.2,8.8,780.89
30.8778,0.0,3.19,2.75,0.0,0.0,0.0,0.0,0.0,32.01,143.0,116.05,151.8,104.39,67.76,123.97,35.2,5.94,774.18
30.8878,0.0,3.19,2.75,0.0,0.0,0.0,0.0,0.0,30.8,134.86,108.35,153.45,109.01,72.27,131.56,36.63,5.94,776.93
30.8978,0.0,3.19,0.0,0.0,0.0,0.0,0.0,0.0,29.59,121.66,100.65,154.99,110.55,75.35,143.88,38.06,3.19,774.73
30.9078,0.0,0.0,0.0,0.0,0.0,0.0,0.0,0.0,27.06,111.76,88.22,158.18,118.47,78.32,153.01,41.03,0.0,776.05
30.9178,0.0,0.0,2.75,0.0,0.0,0.0,0.0,0.0,24.64,96.36,78.87,159.72,124.96,84.37,166.87,41.03,2.75,776.82
30.9278,0.0,3.19,0.0,0.0,0.0,0.0,0.0,0.0,23.43,87.12,69.52,161.26,128.15,88.88,178.2,44.0,3.19,780.56
30.9378,0.0,0.0,2.75,0.0,0.0,0.0,0.0,0.0,22.11,73.26,57.2,161.26,134.64,94.93,189.64,44.0,2.75,777.04
30.9478,0.0,0.0,0.0,0.0,0.0,0.0,0.0,0.0,19.69,62.48,48.62,161.26,139.59,99.44,202.51,45.43,0.0,779.02
30.9578,0.0,0.0,0.0,0.0,0.0,0.0,0.0,0.0,18.48,49.5,37.18,162.91,142.78,103.95,220.44,49.83,0.0,785.07
30.9678,0.0,3.19,0.0,0.0,0.0,0.0,0.0,0.0,17.16,37.95,27.17,159.72,147.62,107.03,231.99,49.83,3.19,778.47
30.9778,0.0,0.0,0.0,0.0,0.0,0.0,0.0,0.0,15.95,28.05,17.16,156.53,154.11,111.54,245.74,57.2,0.0,786.28
30.9878,0.0,0.0,0.0,0.0,0.0,0.0,0.0,0.0,13.53,16.5,11.44,150.26,157.41,111.54,264.66,63.36,0.0,788.7
30.9978,0.0,0.0,0.0,0.0,0.0,0.0,0.0,0.0,8.58,14.85,10.01,136.07,158.95,114.73,285.23,69.52,0.0,797.94
31.0078,0.0,0.0,4.07,0.0,0.0,0.0,0.0,0.0,7.37,14.85,7.15,121.88,160.6,114.73,300.63,80.19,4.07,807.4
31.0178,0.0,3.19,0.0,0.0,0.0,0.0,0.0,0.0,4.84,11.55,7.15,106.37,160.6,114.73,320.98,87.89,3.19,814.11
31.0278,0.0,3.19,2.75,0.0,0.0,0.0,0.0,0.0,3.63,9.9,5.72,97.46,162.25,116.49,334.62,95.48,5.94,825.55
31.0378,0.0,0.0,2.75,0.0,0.0,0.0,0.0,0.0,2.42,6.6,5.72,88.55,162.25,116.49,353.43,106.26,2.75,841.72
31.0478,0.0,0.0,2.75,0.0,0.0,0.0,0.0,0.0,2.42,8.25,4.29,76.56,162.25,118.25,370.48,115.61,2.75,858.11
31.0578,0.0,0.0,2.75,0.0,0.0,0.0,0.0,0.0,2.42,6.6,4.29,69.08,162.25,114.73,387.53,125.18,2.75,872.08
31.0678,0.0,0.0,0.0,0.0,0.0,0.0,0.0,0.0,0.0,6.6,2.86,55.77,160.6,116.49,401.61,129.91,0.0,873.84
31.0778,0.0,0.0,0.0,0.0,0.0,0.0,0.0,0.0,0.0,4.95,2.86,46.2,157.41,110.0,419.54,141.13,0.0,882.09
31.0878,3.41,0.0,0.0,0.0,0.0,0.0,0.0,0.0,0.0,3.3,4.29,34.98,152.46,108.46,435.6,144.32,3.41,883.41
31.0978,6.82,0.0,0.0,0.0,0.0,0.0,0.0,0.0,0.0,4.95,4.29,23.87,149.27,103.95,444.62,150.7,6.82,881.65
31.1078,18.92,0.0,0.0,2.31,2.75,0.0,0.0,0.0,0.0,3.3,2.86,15.84,141.13,96.47,455.51,152.35,23.98,867.46
31.1178,44.77,0.0,0.0,2.31,2.75,3.85,0.0,0.0,0.0,0.0,0.0,12.65,134.64,91.96,459.14,153.89,53.68,852.28
31.1278,75.68,0.0,0.0,3.52,4.18,3.85,0.0,0.0,0.0,3.3,2.86,9.46,123.31,84.37,459.14,153.89,87.23,836.33
31.1378,105.05,0.0,0.0,5.83,5.5,2.53,0.0,0.0,0.0,3.3,2.86,7.92,107.47,72.27,451.88,152.35,118.91,798.05
31.1478,136.4,69.74,85.8,7.04,4.18,5.17,4.29,2.75,0.0,0.0,2.86,9.46,90.42,61.71,433.84,149.16,315.37,747.45
31.1578,131.12,144.21,149.93,11.77,8.36,5.17,4.29,4.07,0.0,3.3,2.86,12.65,70.29,49.83,407.0,142.78,458.92,688.71
31.1678,124.19,180.07,204.27,55.55,8.36,9.13,8.69,8.25,0.0,3.3,2.86,14.3,57.97,41.47,353.43,141.13,598.51,614.46
31.1778,122.43,180.07,236.83,66.55,23.65,23.54,20.24,17.93,0.0,3.3,0.0,14.3,51.26,35.53,244.09,142.78,691.24,491.26
31.1878,124.19,176.55,252.89,67.98,30.58,35.42,43.45,23.43,0.0,0.0,2.86,12.65,41.36,28.38,133.1,142.78,754.49,361.13
31.1978,124.19,176.55,265.32,70.84,36.19,47.19,66.77,26.18,0.0,0.0,2.86,12.65,33.11,24.86,66.88,113.96,813.23,254.32
31.2078,124.19,176.55,277.75,69.41,40.37,52.47,87.67,26.18,0.0,3.3,0.0,7.92,28.05,20.13,38.61,81.73,854.59,179.74
31.2178,129.36,178.31,283.25,66.55,41.8,56.43,101.09,30.36,0.0,3.3,0.0,7.92,21.45,14.19,28.93,60.28,887.15,136.07
31.2278,132.88,180.07,290.73,65.12,44.55,60.72,110.0,30.36,0.0,3.3,0.0,6.27,16.5,10.67,22.0,48.4,914.43,107.14
31.2378,136.4,180.07,292.6,67.98,47.3,59.29,114.62,31.68,0.0,0.0,0.0,4.73,8.25,9.46,17.93,29.26,929.94,69.63
31.2478,138.16,185.35,294.47,66.55,47.3,62.15,119.46,31.68,0.0,0.0,0.0,3.08,4.95,4.73,12.32,13.2,945.12,38.28
31.2578,141.57,187.11,294.47,65.12,45.98,62.15,121.11,31.68,0.0,0.0,0.0,3.08,4.95,4.73,11.0,5.83,949.19,29.59
31.2678,141.57,188.87,294.47,66.55,48.73,63.58,121.11,30.36,0.0,0.0,0.0,0.0,6.6,3.52,9.57,7.26,955.24,26.95
31.2778,143.33,188.87,290.73,66.55,45.98,62.15,119.46,31.68,0.0,0.0,0.0,3.08,0.0,4.73,6.82,5.83,948.75,20.46
31.2878,139.92,187.11,283.25,67.98,45.98,64.9,117.81,31.68,0.0,0.0,0.0,4.73,0.0,3.52,8.25,5.83,938.63,22.33
31.2978,136.4,183.59,277.75,67.98,45.98,63.58,119.46,30.36,0.0,0.0,0.0,3.08,3.3,2.31,6.82,0.0,925.1,15.51
31.3078,129.36,180.07,268.84,69.41,47.3,64.9,116.27,30.36,0.0,0.0,0.0,3.08,3.3,2.31,4.07,4.4,906.51,17.16
31.3178,120.67,174.79,256.41,72.27,47.3,64.9,119.46,30.36,0.0,0.0,0.0,0.0,4.95,3.52,6.82,0.0,886.16,15.29
31.3278,111.87,169.51,245.74,73.7,47.3,66.33,117.81,28.93,0.0,0.0,0.0,3.08,0.0,2.31,4.07,4.4,861.19,13.86
31.3378,101.53,162.69,229.68,76.56,47.3,69.19,119.46,31.68,0.0,0.0,0.0,0.0,3.3,0.0,4.07,4.4,838.09,11.77
31.3478,92.95,155.98,218.9,79.42,48.73,72.05,124.3,33.11,0.0,0.0,0.0,3.08,0.0,3.52,2.75,2.86,825.44,12.21
31.3578,84.37,147.62,206.14,83.71,48.73,74.8,125.84,33.11,0.0,0.0,0.0,3.08,0.0,0.0,5.5,2.86,804.32,11.44
31.3678,77.44,142.56,195.14,86.57,50.16,74.8,129.14,34.43,0.0,0.0,0.0,3.08,0.0,0.0,4.07,0.0,790.24,7.15
31.3778,70.51,134.2,184.14,90.86,51.48,79.09,133.98,34.43,0.0,0.0,0.0,0.0,0.0,0.0,4.07,0.0,778.69,4.07
31.3878,65.34,127.49,171.38,95.15,52.91,83.38,137.17,37.18,0.0,0.0,0.0,0.0,0.0,2.31,4.07,4.4,770.0,10.78
31.3978,60.17,119.13,163.02,99.44,55.77,84.7,143.55,39.93,0.0,0.0,0.0,0.0,0.0,0.0,4.07,0.0,765.71,4.07
31.4078,56.76,110.77,156.42,100.87,57.2,88.99,151.58,39.93,0.0,0.0,0.0,0.0,0.0,0.0,2.75,0.0,762.52,2.75
31.4178,55.11,102.52,149.93,103.73,61.6,91.85,159.72,45.54,0.0,0.0,0.0,0.0,0.0,0.0,4.07,2.86,770.0,6.93
31.4278,51.59,97.68,141.68,106.59,63.03,94.6,167.75,48.29,0.0,0.0,0.0,0.0,0.0,0.0,0.0,0.0,771.21,0.0
31.4378,48.18,89.43,133.43,108.02,67.54,97.46,176.0,52.36,0.0,0.0,0.0,0.0,0.0,0.0,0.0,0.0,772.42,0.0
31.4478,46.42,82.94,125.29,112.42,68.97,101.75,186.56,57.97,0.0,0.0,0.0,0.0,0.0,0.0,0.0,0.0,782.32,0.0
31.4578,43.01,74.69,117.04,117.04,74.8,104.5,197.12,62.37,0.0,0.0,0.0,0.0,0.0,0.0,2.75,0.0,790.57,2.75
31.4678,41.25,66.55,104.5,120.12,79.31,107.36,211.09,66.88,0.0,0.0,0.0,0.0,0.0,0.0,2.75,2.86,797.06,5.61
31.4778,39.6,58.3,96.69,123.2,85.14,110.22,221.65,72.82,0.0,0.0,0.0,0.0,0.0,0.0,0.0,2.86,807.62,2.86
31.4878,36.08,50.16,84.26,124.74,88.11,113.08,235.29,80.3,0.0,0.0,0.0,0.0,0.0,0.0,0.0,0.0,812.02,0.0
31.4978,32.67,40.48,70.18,127.82,92.51,117.7,248.93,89.21,0.0,0.0,0.0,0.0,0.0,0.0,0.0,0.0,819.5,0.0
31.5078,30.91,32.34,57.97,127.82,98.34,119.24,264.22,95.15,0.0,0.0,0.0,0.0,0.0,0.0,0.0,2.86,825.99,2.86
31.5178,29.26,24.31,44.11,127.82,99.88,122.32,277.86,105.6,0.0,0.0,0.0,3.08,0.0,0.0,0.0,2.86,831.16,5.94
31.5278,25.74,17.82,30.36,124.74,105.71,125.4,294.47,114.73,0.0,0.0,0.0,0.0,0.0,0.0,2.75,0.0,838.97,2.75
31.5378,24.09,12.87,19.25,120.12,110.22,126.94,307.78,123.97,0.0,0.0,0.0,0.0,0.0,0.0,0.0,2.86,845.24,2.86
31.5478,20.57,12.87,15.18,117.04,111.87,130.02,321.09,133.21,0.0,0.0,0.0,0.0,0.0,0.0,0.0,2.86,861.85,2.86
31.5578,15.4,9.68,12.43,110.88,111.87,130.02,334.4,142.56,0.0,0.0,0.0,0.0,0.0,0.0,0.0,2.86,867.24,2.86
31.5678,11.99,9.68,11.0,105.16,113.63,134.53,348.92,153.34,0.0,0.0,0.0,0.0,0.0,0.0,0.0,0.0,888.25,0.0
31.5778,5.06,6.38,9.57,98.01,111.87,134.53,368.83,165.66,2.42,0.0,0.0,0.0,0.0,0.0,0.0,0.0,899.91,2.42
31.5878,0.0,4.84,9.57,86.57,113.63,137.61,385.22,177.21,2.42,0.0,0.0,0.0,0.0,0.0,0.0,0.0,914.65,2.42
31.5978,0.0,4.84,5.5,73.7,108.68,139.15,403.26,191.07,3.63,0.0,0.0,0.0,0.0,0.0,0.0,0.0,926.2,3.63
31.6078,0.0,4.84,6.82,60.83,105.71,136.07,419.54,201.52,2.42,0.0,0.0,0.0,0.0,0.0,0.0,0.0,935.33,2.42
31.6178,0.0,4.84,6.82,49.61,99.88,136.07,435.93,211.86,3.63,0.0,0.0,0.0,0.0,0.0,0.0,0.0,945.01,3.63
31.6278,0.0,3.19,6.82,41.36,92.51,131.45,443.19,220.55,6.16,0.0,0.0,0.0,0.0,0.0,0.0,0.0,939.07,6.16
31.6378,0.0,4.84,5.5,31.9,82.17,131.45,455.73,225.72,9.79,0.0,0.0,0.0,0.0,0.0,0.0,0.0,937.31,9.79
31.6478,0.0,3.19,5.5,23.65,74.8,126.94,466.62,229.13,22.11,0.0,0.0,0.0,0.0,0.0,0.0,0.0,929.83,22.11
31.6578,0.0,3.19,4.07,15.29,63.03,119.24,472.01,232.65,33.22,0.0,0.0,0.0,0.0,2.31,2.75,0.0,909.48,38.28
31.6678,0.0,4.84,5.5,8.25,48.73,107.36,473.88,230.89,45.54,0.0,0.0,3.08,0.0,2.31,0.0,0.0,879.45,50.93
31.6778,0.0,3.19,5.5,7.04,36.19,96.03,473.88,225.72,69.96,0.0,0.0,4.73,6.6,3.52,2.75,0.0,847.55,87.56
31.6878,0.0,3.19,5.5,4.73,30.58,81.95,457.6,218.79,106.15,104.06,58.74,6.27,6.6,3.52,0.0,0.0,802.34,285.34
31.6978,0.0,3.19,5.5,4.73,30.58,64.9,419.54,208.45,92.73,187.99,145.2,12.65,11.55,7.04,4.07,2.86,736.89,464.09
31.7078,0.0,4.84,4.07,2.31,29.26,48.51,348.92,196.35,83.38,235.73,208.89,73.59,29.81,10.67,9.57,8.8,634.26,660.44
31.7178,0.0,4.84,4.07,3.52,29.26,32.78,230.12,189.42,83.38,241.01,248.38,87.01,47.96,14.19,13.75,14.63,494.01,750.31
31.7278,0.0,3.19,4.07,2.31,25.08,26.18,119.46,175.56,83.38,239.25,259.93,91.52,62.59,14.19,16.5,16.06,355.85,783.42
31.7378,0.0,4.84,2.75,0.0,20.9,23.54,59.4,142.56,77.99,235.73,264.88,97.46,67.21,16.61,27.5,19.03,253.99,806.41
31.7478,0.0,4.84,4.07,0.0,16.72,19.58,41.91,92.18,76.67,237.49,264.88,101.97,70.29,22.44,39.93,22.0,179.3,835.67
31.7578,0.0,3.19,4.07,0.0,12.54,15.73,28.93,62.37,76.67,242.77,263.23,106.37,71.83,27.28,46.86,26.4,126.83,861.41
31.7678,0.0,3.19,2.75,0.0,6.93,11.77,21.67,34.43,77.99,249.81,264.88,110.88,71.83,29.59,51.04,23.43,80.74,879.45
31.7778,0.0,3.19,4.07,0.0,4.18,6.49,12.98,16.5,80.74,256.96,266.53,112.42,74.91,30.8,53.79,24.86,47.41,901.01
31.7878,0.0,3.19,2.75,0.0,4.18,5.17,10.12,5.5,83.38,262.24,268.18,112.42,71.83,33.22,57.97,24.86,30.91,914.1
31.7978,0.0,0.0,2.75,0.0,2.75,5.17,8.69,4.07,84.7,262.24,264.88,118.69,73.37,35.53,60.94,23.43,23.43,923.78
31.8078,0.0,3.19,0.0,0.0,0.0,3.85,8.69,2.75,82.06,265.76,259.93,123.42,76.45,36.74,62.37,27.83,18.48,934.56
31.8178,0.0,3.19,0.0,0.0,0.0,2.53,8.69,2.75,76.67,262.24,250.03,126.61,79.64,39.05,69.85,27.83,17.16,931.92
31.8278,0.0,0.0,4.07,0.0,0.0,3.85,7.15,2.75,71.28,258.72,238.48,134.42,81.18,42.68,74.36,27.83,17.82,928.95
31.8378,0.0,3.19,2.75,0.0,0.0,3.85,5.72,0.0,64.57,251.68,223.63,139.15,84.26,46.2,75.79,27.83,15.51,913.11
31.8478,0.0,0.0,0.0,0.0,0.0,3.85,5.72,0.0,56.65,242.77,210.54,140.8,85.8,48.62,81.84,30.8,9.57,897.82
31.8578,0.0,0.0,2.75,0.0,0.0,0.0,4.29,0.0,49.28,233.97,190.96,145.53,88.88,48.62,86.24,30.8,7.04,874.28
31.8678,0.0,3.19,0.0,0.0,0.0,0.0,4.29,0.0,43.12,223.41,177.87,153.45,87.34,52.14,87.78,29.26,7.48,854.37
31.8778,0.0,0.0,2.75,0.0,0.0,0.0,4.29,0.0,36.96,208.23,160.49,156.53,91.96,52.14,93.72,33.66,7.04,833.69
31.8878,0.0,0.0,0.0,0.0,0.0,2.53,4.29,0.0,34.43,196.35,148.28,159.72,91.96,55.77,93.72,32.23,6.82,812.46
31.8978,0.0,0.0,2.75,0.0,0.0,2.53,2.86,0.0,30.8,182.93,135.96,161.26,95.04,55.77,99.66,33.66,8.14,795.08
31.9078,0.0,3.19,0.0,0.0,0.0,0.0,0.0,0.0,28.27,172.81,122.21,164.45,98.23,60.28,98.23,32.23,3.19,776.71
31.9178,0.0,0.0,2.75,0.0,0.0,2.53,2.86,0.0,27.06,159.5,111.43,167.75,98.23,61.71,105.71,35.2,8.14,766.59
31.9278,0.0,0.0,0.0,0.0,0.0,2.53,2.86,0.0,24.64,149.6,99.0,167.75,102.85,64.79,110.22,32.23,5.39,751.08
31.9378,0.0,0.0,2.75,0.0,0.0,0.0,2.86,0.0,23.43,141.35,94.38,171.27,104.39,67.76,113.19,35.2,5.61,750.97
31.9478,0.0,0.0,0.0,0.0,0.0,0.0,0.0,0.0,22.11,129.91,85.03,174.68,109.01,69.3,120.89,36.63,0.0,747.56
31.9578,0.0,0.0,2.75,0.0,0.0,0.0,0.0,0.0,20.9,120.01,77.33,176.44,110.55,72.27,127.05,36.63,2.75,741.18
31.9678,0.0,3.19,0.0,0.0,0.0,0.0,0.0,0.0,19.69,108.68,71.06,176.44,115.28,78.32,133.1,39.6,3.19,742.17
31.9778,0.0,0.0,2.75,0.0,0.0,0.0,0.0,0.0,19.69,100.98,64.9,176.44,116.82,79.86,142.34,39.6,2.75,740.63
31.9878,0.0,0.0,0.0,0.0,0.0,0.0,0.0,0.0,17.16,85.58,55.77,178.09,121.66,84.37,154.55,42.46,0.0,739.64
31.9978,0.0,0.0,2.75,0.0,0.0,0.0,0.0,0.0,15.95,76.34,52.91,174.68,126.61,87.34,163.79,42.46,2.75,740.08
32.0078,0.0,0.0,0.0,0.0,0.0,0.0,0.0,0.0,15.95,68.64,47.19,169.51,129.8,91.96,175.01,41.03,0.0,739.09
32.0178,0.0,0.0,0.0,0.0,0.0,0.0,0.0,0.0,14.74,57.75,38.61,171.27,136.29,96.47,189.64,45.43,0.0,750.2
32.0278,0.0,3.19,0.0,0.0,0.0,0.0,0.0,0.0,14.74,47.85,34.32,169.51,141.13,97.9,204.16,45.43,3.19,755.04
32.0378,0.0,0.0,0.0,0.0,0.0,0.0,0.0,0.0,13.53,37.95,25.74,164.45,144.43,103.95,220.44,48.4,0.0,758.89
32.0478,0.0,0.0,2.75,0.0,0.0,0.0,0.0,0.0,13.53,28.05,17.16,161.26,150.92,107.03,235.51,51.26,2.75,764.72
32.0578,0.0,0.0,2.75,0.0,0.0,0.0,0.0,0.0,12.32,19.8,12.87,158.18,154.11,108.46,249.26,54.23,2.75,769.23
32.0678,0.0,0.0,0.0,0.0,0.0,0.0,0.0,0.0,9.79,14.85,10.01,150.26,155.76,111.54,263.01,57.2,0.0,772.42
32.0778,0.0,3.19,0.0,0.0,0.0,0.0,0.0,0.0,7.37,13.2,7.15,147.07,160.6,114.73,280.17,66.44,3.19,796.73
32.0878,0.0,3.19,2.75,0.0,0.0,0.0,0.0,0.0,6.16,11.55,7.15,142.34,163.9,116.49,297.22,71.06,5.94,815.87
32.0978,0.0,0.0,4.07,0.0,0.0,0.0,0.0,0.0,4.84,8.25,5.72,134.42,167.09,123.42,314.16,81.73,4.07,839.63
32.1078,0.0,3.19,0.0,0.0,0.0,0.0,0.0,0.0,3.63,8.25,5.72,123.42,170.39,125.18,336.38,92.51,3.19,865.48
32.1178,0.0,0.0,2.75,0.0,0.0,0.0,0.0,0.0,3.63,4.95,2.86,107.91,173.91,123.42,363.66,103.18,2.75,883.52
32.1278,0.0,0.0,2.75,0.0,0.0,0.0,0.0,0.0,2.42,6.6,4.29,87.01,173.91,125.18,380.71,110.88,2.75,891.0
32.1378,0.0,0.0,2.75,0.0,0.0,0.0,0.0,0.0,0.0,4.95,2.86,75.13,173.91,120.01,403.37,121.99,2.75,902.22
32.1477,0.0,0.0,0.0,0.0,0.0,0.0,0.0,0.0,0.0,4.95,2.86,60.17,170.39,120.01,421.3,129.91,0.0,909.59
32.1577,0.0,0.0,0.0,0.0,0.0,0.0,0.0,0.0,0.0,4.95,4.29,47.74,167.09,118.25,433.84,136.29,0.0,912.45
32.1677,5.06,0.0,0.0,0.0,0.0,0.0,0.0,0.0,0.0,4.95,2.86,39.82,163.9,114.73,446.38,145.97,5.06,918.61
32.1777,8.58,0.0,0.0,2.31,2.75,0.0,0.0,0.0,0.0,3.3,2.86,30.25,157.41,110.0,455.51,149.16,13.64,908.49
32.1877,22.33,0.0,0.0,2.31,2.75,0.0,0.0,0.0,0.0,4.95,2.86,19.03,149.27,105.49,462.77,152.35,27.39,896.72
32.1977,49.94,0.0,0.0,0.0,4.18,2.53,0.0,0.0,0.0,3.3,2.86,14.3,137.94,97.9,470.03,155.54,56.65,881.87
32.2077,75.68,0.0,0.0,3.52,5.5,2.53,0.0,0.0,0.0,4.95,0.0,7.92,123.31,87.34,464.53,153.89,87.23,841.94
32.2177,103.29,0.0,0.0,4.73,4.18,3.85,0.0,0.0,0.0,3.3,2.86,11.11,107.47,73.81,446.38,145.97,116.05,790.9
32.2277,139.92,61.6,74.91,5.83,5.5,5.17,2.86,0.0,0.0,0.0,0.0,11.11,87.34,60.28,421.3,139.48,295.79,719.51
32.2377,139.92,135.85,140.03,7.04,4.18,5.17,2.86,2.75,0.0,0.0,2.86,12.65,62.59,49.83,378.95,134.75,437.8,641.63
32.2477,132.88,171.27,197.01,36.63,6.93,6.49,2.86,2.75,0.0,0.0,2.86,14.3,52.91,42.68,293.81,136.29,556.82,542.85
32.2577,129.36,185.35,235.07,56.76,22.22,11.77,10.12,9.57,0.0,0.0,0.0,14.3,46.31,34.32,170.17,139.48,660.22,404.58
32.2677,131.12,183.59,259.93,60.83,33.44,27.5,31.79,17.93,0.0,0.0,2.86,12.65,34.76,27.28,90.75,126.72,746.13,295.02
32.2777,132.88,185.35,272.47,63.69,37.62,36.74,56.43,20.68,0.0,0.0,2.86,11.11,29.81,22.44,42.68,93.94,805.86,202.84
32.2877,134.64,188.87,285.12,65.12,43.12,47.19,77.22,23.43,0.0,3.3,0.0,7.92,23.1,15.4,33.11,61.82,864.71,144.65
32.2977,138.16,190.63,290.73,66.55,44.55,51.15,93.61,24.75,0.0,0.0,0.0,6.27,16.5,11.77,26.18,49.83,900.13,110.55
32.3077,139.92,192.39,294.47,66.55,48.73,56.43,104.06,26.18,0.0,3.3,0.0,3.08,11.55,9.46,19.25,32.23,928.73,78.87
32.3177,143.33,195.91,294.47,67.98,50.16,56.43,110.0,26.18,0.0,0.0,0.0,3.08,8.25,7.04,13.75,20.46,944.46,52.58
32.3277,143.33,201.19,292.6,69.41,51.48,59.29,113.08,26.18,0.0,0.0,0.0,4.73,4.95,4.73,11.0,4.4,956.56,29.81
32.3377,145.09,201.19,290.73,72.27,51.48,62.15,116.27,27.5,0.0,0.0,0.0,3.08,6.6,3.52,9.57,4.4,966.68,27.17
32.3477,143.33,202.95,286.99,73.7,52.91,62.15,116.27,27.5,0.0,0.0,0.0,4.73,4.95,3.52,6.82,4.4,965.8,24.42
32.3577,138.16,202.95,281.38,73.7,51.48,64.9,119.46,27.5,0.0,0.0,0.0,3.08,4.95,4.73,5.5,4.4,959.53,22.66
32.3677,132.88,199.43,270.6,76.56,52.91,67.76,121.11,28.93,0.0,0.0,0.0,3.08,4.95,0.0,5.5,4.4,950.18,17.93
32.3777,125.84,194.15,261.69,77.99,54.34,69.19,121.11,30.36,0.0,0.0,0.0,4.73,3.3,3.52,5.5,4.4,934.67,21.45
32.3877,115.39,188.87,251.02,82.28,54.34,70.62,124.3,30.36,0.0,0.0,0.0,3.08,0.0,2.31,5.5,5.83,917.18,16.72
32.3977,105.05,181.83,236.83,85.14,54.34,73.48,124.3,27.5,0.0,0.0,0.0,3.08,0.0,2.31,5.5,4.4,888.47,15.29
32.4077,94.71,173.03,218.9,89.43,52.91,73.48,124.3,31.68,0.0,0.0,0.0,4.73,0.0,2.31,5.5,2.86,858.44,15.4
32.4177,84.37,166.1,206.14,93.72,54.34,76.23,125.84,31.68,0.0,0.0,0.0,3.08,3.3,0.0,5.5,4.4,838.42,16.28
32.4277,75.68,157.63,191.51,96.58,55.77,79.09,127.49,33.11,0.0,0.0,0.0,3.08,0.0,2.31,4.07,2.86,816.86,12.32
32.4377,68.86,149.27,178.75,102.3,54.34,80.52,129.14,33.11,0.0,0.0,0.0,3.08,0.0,0.0,4.07,2.86,796.29,10.01
32.4477,61.93,142.56,166.32,103.73,57.2,83.38,130.68,33.11,0.0,0.0,0.0,0.0,0.0,2.31,4.07,2.86,778.91,9.24
32.4577,56.76,134.2,156.42,106.59,55.77,84.7,132.33,33.11,0.0,0.0,0.0,0.0,0.0,2.31,0.0,2.86,759.88,5.17
32.4677,53.35,125.84,148.28,112.42,58.63,88.99,135.52,35.86,0.0,0.0,0.0,0.0,0.0,2.31,0.0,0.0,758.89,2.31
32.4777,49.94,117.37,138.38,117.04,60.17,88.99,140.36,38.61,0.0,0.0,0.0,0.0,0.0,0.0,2.75,0.0,750.86,2.75
32.4877,48.18,110.77,131.89,120.12,63.03,91.85,146.85,39.93,0.0,0.0,0.0,3.08,0.0,0.0,0.0,0.0,752.62,3.08
32.4977,46.42,102.52,125.29,123.2,64.57,94.6,153.23,44.11,0.0,0.0,0.0,3.08,0.0,0.0,0.0,2.86,753.94,5.94
32.5077,43.01,96.03,118.69,123.2,67.54,97.46,159.72,46.86,0.0,0.0,0.0,0.0,0.0,0.0,2.75,0.0,752.51,2.75
32.5177,41.25,87.78,112.2,127.82,70.4,101.75,167.75,48.29,0.0,0.0,0.0,0.0,0.0,0.0,0.0,0.0,757.24,0.0
32.5277,39.6,81.29,106.04,130.9,74.8,101.75,174.24,53.79,0.0,0.0,0.0,3.08,0.0,0.0,0.0,0.0,762.41,3.08
32.5377,37.84,73.04,98.23,134.09,77.77,107.36,183.04,56.54,0.0,0.0,0.0,0.0,0.0,2.31,0.0,2.86,767.91,5.17
32.5477,36.08,64.9,91.96,137.17,80.74,110.22,197.12,62.37,0.0,0.0,0.0,0.0,0.0,0.0,2.75,2.86,780.56,5.61
32.5577,34.43,58.3,84.26,140.25,86.57,113.08,205.81,69.85,0.0,0.0,0.0,0.0,0.0,0.0,0.0,2.86,792.55,2.86
32.5677,32.67,50.16,76.45,143.33,88.11,114.62,218.13,75.79,0.0,0.0,0.0,0.0,0.0,0.0,0.0,0.0,799.26,0.0
32.5777,29.26,38.83,64.02,144.87,93.94,119.24,231.88,83.27,0.0,0.0,0.0,0.0,0.0,0.0,0.0,2.86,805.31,2.86
32.5877,29.26,29.15,51.04,143.33,101.31,120.78,248.93,92.18,0.0,0.0,0.0,3.08,0.0,0.0,0.0,2.86,815.98,5.94
32.5977,27.5,24.31,40.04,141.79,104.28,123.86,264.22,101.2,0.0,0.0,0.0,0.0,0.0,0.0,0.0,2.86,827.2,2.86
32.6077,24.09,19.36,24.86,140.25,110.22,128.48,277.86,110.11,0.0,0.0,0.0,0.0,0.0,0.0,0.0,0.0,835.23,0.0
32.6177,24.09,14.52,17.93,137.17,115.28,128.48,297.77,122.43,0.0,0.0,0.0,0.0,0.0,0.0,0.0,2.86,857.67,2.86
32.6277,18.92,11.33,15.18,130.9,120.45,131.45,314.38,134.75,0.0,0.0,0.0,0.0,0.0,0.0,0.0,2.86,877.36,2.86
32.6377,15.4,9.68,12.43,123.2,122.1,134.53,330.99,145.64,0.0,0.0,0.0,0.0,0.0,0.0,0.0,2.86,893.97,2.86
32.6477,11.99,9.68,9.57,110.88,123.86,134.53,350.68,159.5,0.0,0.0,0.0,0.0,0.0,0.0,0.0,0.0,910.69,0.0
32.6577,5.06,6.38,8.25,99.44,123.86,136.07,374.33,172.04,0.0,0.0,0.0,0.0,0.0,0.0,0.0,0.0,925.43,0.0
32.6677,0.0,6.38,6.82,83.71,122.1,137.61,394.24,185.9,0.0,0.0,0.0,0.0,0.0,0.0,0.0,0.0,936.76,0.0
32.6777,0.0,4.84,5.5,69.41,120.45,137.61,415.91,201.52,2.42,0.0,0.0,0.0,0.0,0.0,0.0,0.0,955.24,2.42
32.6877,0.0,4.84,5.5,54.34,115.28,136.07,437.69,213.62,2.42,0.0,0.0,0.0,0.0,0.0,0.0,0.0,967.34,2.42
32.6977,0.0,4.84,5.5,44.88,107.25,132.99,453.97,224.07,3.63,0.0,0.0,0.0,0.0,0.0,0.0,0.0,973.5,3.63
32.7077,0.0,3.19,5.5,33.11,96.91,130.02,468.38,232.65,6.16,0.0,0.0,0.0,0.0,0.0,0.0,0.0,969.76,6.16
32.7177,0.0,3.19,6.82,23.65,88.11,125.4,482.9,239.47,9.79,0.0,0.0,3.08,0.0,0.0,0.0,0.0,969.54,12.87
32.7277,0.0,3.19,5.5,14.19,74.8,119.24,493.68,241.23,24.64,0.0,0.0,3.08,0.0,0.0,0.0,0.0,951.83,27.72
32.7377,0.0,4.84,5.5,9.46,58.63,107.36,497.31,244.64,38.17,0.0,0.0,3.08,3.3,0.0,0.0,0.0,927.74,44.55
32.7477,0.0,4.84,4.07,7.04,41.8,94.6,497.31,236.06,54.23,0.0,0.0,4.73,0.0,2.31,0.0,0.0,885.72,61.27
32.7577,0.0,4.84,4.07,5.83,32.01,79.09,479.27,229.13,87.34,8.25,0.0,6.27,6.6,4.73,0.0,2.86,834.24,116.05
32.7677,0.0,3.19,5.5,3.52,32.01,60.72,439.56,213.62,122.87,138.16,80.41,4.73,4.95,5.83,4.07,2.86,758.12,363.88
32.7777,0.0,4.84,2.75,3.52,32.01,44.55,359.81,204.93,106.15,218.35,166.65,11.11,8.25,5.83,2.75,0.0,652.41,519.09
32.7877,0.0,3.19,4.07,3.52,29.26,34.1,231.88,198.0,92.73,255.2,226.93,70.62,21.45,11.77,11.0,8.8,504.02,698.5
32.7977,0.0,4.84,4.07,2.31,25.08,27.5,119.46,185.9,88.77,255.2,268.18,91.52,43.01,14.19,12.32,13.2,369.16,786.39
32.8077,0.0,4.84,4.07,0.0,22.22,24.86,60.83,148.72,87.34,256.96,284.79,101.97,56.21,14.19,13.75,14.63,265.54,829.84
32.8177,0.0,4.84,2.75,0.0,16.72,20.9,44.88,96.69,83.38,251.68,284.79,107.91,67.21,18.92,22.0,20.46,186.78,856.35
32.8277,0.0,3.19,2.75,0.0,12.54,15.73,31.79,63.91,80.74,255.2,288.2,112.42,70.29,22.44,31.68,22.0,129.91,882.97
32.8377,0.0,4.84,2.75,0.0,6.93,11.77,23.1,35.86,82.06,260.48,286.44,113.96,70.29,26.07,39.93,23.43,85.25,902.66
32.8477,0.0,3.19,2.75,0.0,5.5,7.81,14.41,16.5,83.38,264.0,283.03,118.69,71.83,28.38,44.11,22.0,50.16,915.42
32.8577,0.0,0.0,0.0,0.0,4.18,5.17,11.55,5.5,83.38,267.52,283.03,120.23,73.37,29.59,44.11,22.0,26.4,923.23
32.8677,0.0,3.19,2.75,0.0,4.18,3.85,8.69,2.75,84.7,271.04,278.08,123.42,71.83,32.01,46.86,24.86,25.41,932.8
32.8777,0.0,3.19,0.0,0.0,2.75,3.85,7.15,0.0,83.38,274.56,271.48,124.96,74.91,29.59,52.36,24.86,16.94,936.1
32.8877,0.0,0.0,2.75,0.0,2.75,3.85,5.72,0.0,79.31,272.8,258.28,131.34,76.45,33.22,53.79,24.86,15.07,930.05
32.8977,0.0,0.0,2.75,0.0,0.0,2.53,5.72,0.0,72.6,265.76,245.08,134.42,76.45,35.53,59.4,26.4,11.0,915.64
32.9077,0.0,3.19,2.75,0.0,2.75,2.53,5.72,2.75,63.25,256.96,231.88,137.61,78.1,37.95,65.34,26.4,19.69,897.49
32.9177,0.0,3.19,0.0,0.0,2.75,0.0,4.29,0.0,56.65,246.29,215.38,142.34,81.18,41.47,68.31,26.4,10.23,878.02
32.9277,0.0,3.19,0.0,0.0,0.0,2.53,5.72,0.0,50.49,233.97,202.4,145.53,84.26,41.47,77.33,27.83,11.44,863.28
32.9377,0.0,3.19,0.0,0.0,2.75,2.53,4.29,0.0,44.33,221.65,187.66,147.07,85.8,46.2,78.76,27.83,12.76,839.3
32.9477,0.0,0.0,2.75,0.0,0.0,0.0,4.29,0.0,39.38,211.53,176.33,147.07,88.88,46.2,86.24,29.26,7.04,824.89
32.9577,0.0,3.19,0.0,0.0,0.0,2.53,4.29,0.0,35.75,199.76,165.11,148.72,90.42,48.62,90.75,30.8,10.01,809.93
32.9677,0.0,0.0,0.0,0.0,0.0,2.53,2.86,0.0,33.22,184.58,152.79,150.26,91.96,50.93,93.72,30.8,5.39,788.26
32.9777,0.0,3.19,2.75,0.0,0.0,0.0,0.0,0.0,30.8,171.05,143.66,150.26,95.04,53.35,102.74,32.23,5.94,779.13
32.9877,0.0,3.19,0.0,0.0,0.0,2.53,0.0,0.0,28.27,159.5,137.5,148.72,95.04,55.77,108.68,33.66,5.72,767.14
32.9977,0.0,3.19,2.75,0.0,0.0,0.0,0.0,0.0,27.06,147.95,129.91,148.72,98.23,57.2,117.81,33.66,5.94,760.54
33.0077,0.0,0.0,0.0,0.0,0.0,2.53,0.0,0.0,25.85,136.51,122.21,150.26,101.31,63.25,125.51,36.63,2.53,761.53
33.0177,0.0,0.0,0.0,0.0,0.0,0.0,0.0,0.0,24.64,126.61,114.51,150.26,105.93,69.3,130.02,33.66,0.0,754.93
33.0277,0.0,3.19,0.0,0.0,0.0,0.0,0.0,0.0,22.11,115.06,105.27,151.8,112.09,70.84,143.88,38.06,3.19,759.11
33.0377,0.0,0.0,2.75,0.0,0.0,0.0,0.0,0.0,22.11,105.6,99.0,151.8,112.09,76.78,153.01,39.6,2.75,759.99
33.0477,0.0,3.19,2.75,0.0,0.0,0.0,0.0,0.0,19.69,91.74,88.22,153.45,118.47,79.86,160.71,39.6,5.94,751.74
33.0577,0.0,3.19,2.75,0.0,0.0,0.0,0.0,0.0,18.48,80.96,78.87,153.45,123.31,82.83,175.01,42.46,5.94,755.37
33.0677,0.0,0.0,2.75,0.0,0.0,0.0,0.0,0.0,17.16,70.18,69.52,151.8,128.15,85.91,187.99,44.0,2.75,754.71
33.0777,0.0,0.0,2.75,0.0,0.0,0.0,0.0,0.0,17.16,59.4,58.74,147.07,133.1,91.96,202.51,42.46,2.75,752.4
33.0877,0.0,0.0,2.75,0.0,0.0,0.0,0.0,0.0,15.95,46.2,45.76,147.07,141.13,93.39,218.79,49.83,2.75,758.12
33.0977,0.0,0.0,2.75,0.0,0.0,0.0,0.0,0.0,14.74,34.65,35.75,142.34,145.97,99.44,230.34,55.77,2.75,759.0
33.1077,0.0,0.0,2.75,0.0,0.0,0.0,0.0,0.0,13.53,24.75,24.31,139.15,154.11,99.44,249.26,61.82,2.75,766.37
33.1177,0.0,0.0,0.0,0.0,0.0,0.0,0.0,0.0,14.74,19.8,15.73,131.34,158.95,102.52,264.66,69.52,0.0,777.26
33.1277,0.0,0.0,2.75,0.0,0.0,0.0,0.0,0.0,9.79,14.85,7.15,120.23,163.9,102.52,283.58,75.57,2.75,777.59
33.1377,0.0,0.0,0.0,0.0,0.0,0.0,0.0,0.0,7.37,13.2,10.01,107.91,165.44,102.52,304.04,81.73,0.0,792.22
33.1477,0.0,3.19,0.0,0.0,0.0,0.0,0.0,0.0,4.84,8.25,7.15,99.0,168.74,102.52,322.74,93.94,3.19,807.18
33.1577,0.0,0.0,2.75,0.0,0.0,0.0,0.0,0.0,3.63,6.6,7.15,91.52,168.74,103.95,338.03,103.18,2.75,822.8
33.1677,0.0,0.0,2.75,0.0,0.0,0.0,0.0,0.0,2.42,8.25,5.72,84.04,170.39,103.95,358.49,109.34,2.75,842.6
33.1777,0.0,0.0,0.0,0.0,0.0,0.0,0.0,0.0,2.42,6.6,5.72,76.56,173.91,103.95,373.89,121.99,0.0,865.04
33.1877,0.0,0.0,0.0,0.0,0.0,0.0,0.0,0.0,0.0,4.95,5.72,67.65,172.15,105.49,394.46,133.1,0.0,883.52
33.1977,0.0,0.0,0.0,0.0,0.0,0.0,0.0,0.0,0.0,6.6,4.29,58.74,172.15,108.46,410.52,137.94,0.0,898.7
33.2077,0.0,0.0,0.0,0.0,0.0,0.0,0.0,0.0,0.0,3.3,4.29,49.39,168.74,105.49,430.21,147.51,0.0,908.93
33.2177,5.06,0.0,0.0,0.0,0.0,0.0,0.0,0.0,0.0,4.95,2.86,38.17,165.44,102.52,446.38,153.89,5.06,914.21
33.2277,6.82,0.0,0.0,2.31,0.0,0.0,0.0,0.0,2.42,4.95,2.86,30.25,157.41,100.98,457.27,158.73,9.13,914.87
33.2377,18.92,0.0,0.0,3.52,0.0,0.0,0.0,0.0,0.0,4.95,2.86,22.22,152.46,96.47,466.4,158.73,22.44,904.09
33.2477,43.01,0.0,0.0,3.52,4.18,0.0,0.0,0.0,0.0,3.3,2.86,14.3,141.13,93.39,470.03,161.92,50.71,886.93
33.2577,70.51,0.0,0.0,3.52,5.5,0.0,0.0,0.0,0.0,4.95,2.86,12.65,131.45,85.91,470.03,160.27,79.53,868.12
33.2677,96.36,0.0,0.0,3.52,4.18,2.53,0.0,0.0,0.0,0.0,2.86,9.46,116.82,76.78,464.53,158.73,106.59,829.18
33.2777,127.6,4.84,27.61,5.83,5.5,3.85,2.86,0.0,0.0,0.0,0.0,9.46,98.23,64.79,444.62,152.35,178.09,769.45
33.2877,145.09,77.99,113.85,5.83,5.5,5.17,4.29,2.75,0.0,3.3,2.86,12.65,76.45,52.14,414.15,145.97,360.47,707.52
33.2977,136.4,145.97,173.25,9.46,6.93,6.49,4.29,4.07,0.0,0.0,2.86,11.11,59.51,43.89,368.72,136.29,486.86,622.38
33.3077,125.84,173.03,218.9,42.57,12.54,7.81,7.15,8.25,0.0,3.3,2.86,14.3,54.56,36.74,266.42,137.94,596.09,516.12
33.3177,124.19,180.07,245.74,53.13,27.83,22.22,23.1,17.93,0.0,0.0,2.86,14.3,43.01,29.59,146.96,141.13,694.21,377.85
33.3277,125.84,178.31,268.84,56.76,33.44,36.74,49.17,20.68,0.0,3.3,2.86,9.46,34.76,27.28,74.36,118.8,769.78,270.82
33.3377,129.36,178.31,285.12,56.76,40.37,47.19,74.25,24.75,0.0,3.3,0.0,9.46,29.81,20.13,41.36,83.27,836.11,187.33
33.3477,132.88,180.07,294.47,56.76,43.12,53.79,93.61,24.75,0.0,0.0,2.86,7.92,23.1,14.19,31.68,58.74,879.45,138.49
33.3577,136.4,181.83,300.08,56.76,47.3,56.43,105.6,27.5,0.0,0.0,2.86,6.27,16.5,11.77,22.0,45.43,911.9,104.83
33.3677,139.92,185.35,305.69,56.76,50.16,59.29,114.62,30.36,0.0,0.0,0.0,4.73,11.55,8.25,17.93,29.26,942.15,71.72
33.3777,141.57,187.11,303.82,57.97,51.48,62.15,119.46,31.68,0.0,0.0,0.0,4.73,8.25,5.83,12.32,14.63,955.24,45.76
33.3877,143.33,190.63,303.82,57.97,51.48,62.15,124.3,31.68,0.0,3.3,0.0,3.08,8.25,3.52,11.0,5.83,965.36,34.98
33.3977,141.57,192.39,300.08,60.83,52.91,64.9,125.84,33.11,0.0,0.0,0.0,4.73,3.3,4.73,9.57,5.83,971.63,28.16
33.4077,138.16,188.87,294.47,62.26,54.34,66.33,130.68,35.86,0.0,0.0,0.0,4.73,3.3,3.52,8.25,4.4,970.97,24.2
33.4177,132.88,187.11,286.99,62.26,55.77,70.62,135.52,38.61,0.0,0.0,0.0,3.08,3.3,2.31,6.82,5.83,969.76,21.34
33.4277,125.84,180.07,279.51,65.12,55.77,72.05,137.17,37.18,0.0,0.0,0.0,0.0,3.3,3.52,6.82,2.86,952.71,16.5
33.4377,117.15,174.79,265.32,67.98,55.77,74.8,142.01,39.93,0.0,0.0,0.0,0.0,4.95,3.52,5.5,5.83,937.75,19.8
33.4477,106.7,169.51,254.65,69.41,55.77,76.23,142.01,39.93,0.0,0.0,0.0,3.08,3.3,2.31,5.5,4.4,914.21,18.59
33.4577,96.36,162.69,238.59,73.7,57.2,80.52,142.01,41.36,0.0,0.0,0.0,3.08,3.3,2.31,5.5,4.4,892.43,18.59
33.4677,86.02,152.68,220.77,77.99,58.63,80.52,145.2,42.68,0.0,0.0,0.0,0.0,0.0,2.31,4.07,4.4,864.49,10.78
33.4777,75.68,145.97,206.14,82.28,57.2,84.7,146.85,44.11,0.0,0.0,0.0,3.08,0.0,0.0,4.07,4.4,842.93,11.55
33.4877,67.1,135.85,187.88,86.57,60.17,84.7,150.04,45.54,0.0,0.0,0.0,3.08,3.3,0.0,4.07,2.86,817.85,13.31
33.4977,60.17,125.84,169.62,88.0,61.6,88.99,153.23,44.11,0.0,0.0,0.0,3.08,0.0,2.31,2.75,4.4,791.56,12.54
33.5077,55.11,115.72,156.42,93.72,61.6,91.85,156.42,46.86,0.0,0.0,0.0,3.08,0.0,0.0,4.07,2.86,777.7,10.01
33.5177,49.94,105.82,144.98,96.58,64.57,94.6,161.26,51.04,0.0,0.0,0.0,0.0,0.0,0.0,2.75,0.0,768.79,2.75
33.5277,46.42,96.03,133.43,99.44,67.54,96.03,167.75,53.79,0.0,0.0,0.0,0.0,0.0,0.0,4.07,2.86,760.43,6.93
33.5377,43.01,86.13,125.29,99.44,68.97,98.89,174.24,56.54,0.0,0.0,0.0,0.0,0.0,0.0,4.07,2.86,752.51,6.93
33.5477,41.25,77.99,115.39,103.73,73.37,103.07,183.04,57.97,0.0,0.0,0.0,3.08,0.0,0.0,2.75,2.86,755.81,8.69
33.5577,37.84,69.74,107.58,105.16,77.77,101.75,195.36,63.91,0.0,0.0,0.0,0.0,0.0,0.0,0.0,0.0,759.11,0.0
33.5677,36.08,63.25,99.77,105.16,82.17,104.5,205.81,68.31,0.0,0.0,0.0,0.0,0.0,0.0,0.0,2.86,765.05,2.86
33.5776,34.43,55.11,93.61,106.59,85.14,107.36,216.37,74.36,0.0,0.0,0.0,0.0,0.0,0.0,2.75,2.86,772.97,5.61
33.5876,32.67,46.97,84.26,109.45,88.11,110.22,226.71,80.3,0.0,0.0,0.0,3.08,0.0,0.0,2.75,2.86,778.69,8.69
33.5976,30.91,40.48,77.99,110.88,92.51,113.08,238.7,84.7,0.0,0.0,0.0,0.0,0.0,0.0,2.75,4.4,789.25,7.15
33.6076,29.26,33.99,67.1,110.88,96.91,116.16,248.93,92.18,0.0,0.0,0.0,0.0,0.0,0.0,0.0,2.86,795.41,2.86
33.6176,27.5,27.5,57.97,110.88,102.85,117.7,264.22,102.63,0.0,0.0,0.0,0.0,0.0,0.0,2.75,2.86,811.25,5.61
33.6276,25.74,22.66,45.54,110.88,107.25,122.32,277.86,110.11,0.0,0.0,0.0,0.0,0.0,0.0,2.75,4.4,822.36,7.15
33.6376,24.09,17.82,34.43,108.02,111.87,123.86,291.06,122.43,0.0,0.0,0.0,0.0,0.0,0.0,0.0,2.86,833.58,2.86
33.6476,22.33,12.87,23.43,106.59,117.04,125.4,307.78,131.67,0.0,0.0,0.0,0.0,0.0,0.0,0.0,2.86,847.11,2.86
33.6576,20.57,11.33,19.25,99.44,120.45,128.48,321.09,142.56,0.0,0.0,0.0,0.0,0.0,0.0,0.0,2.86,863.17,2.86
33.6676,17.16,11.33,12.43,93.72,123.86,126.94,336.16,150.26,0.0,0.0,0.0,3.08,0.0,0.0,0.0,2.86,871.86,5.94
33.6776,13.75,9.68,13.75,88.0,123.86,130.02,354.31,161.04,0.0,0.0,0.0,0.0,0.0,0.0,0.0,2.86,894.41,2.86
33.6876,10.23,8.03,11.0,79.42,123.86,131.45,368.83,170.39,0.0,0.0,0.0,0.0,0.0,0.0,0.0,2.86,903.21,2.86
33.6976,3.41,6.38,9.57,72.27,123.86,132.99,383.35,180.73,0.0,0.0,0.0,0.0,0.0,0.0,0.0,2.86,912.56,2.86
33.7076,0.0,3.19,5.5,66.55,123.86,132.99,397.87,192.83,0.0,0.0,0.0,0.0,0.0,0.0,0.0,2.86,922.79,2.86
33.7176,0.0,4.84,6.82,55.55,118.69,134.53,415.91,203.28,0.0,0.0,0.0,0.0,0.0,0.0,0.0,0.0,939.62,0.0
33.7276,0.0,3.19,5.5,48.4,111.87,134.53,430.43,213.62,0.0,0.0,0.0,0.0,0.0,0.0,0.0,2.86,947.54,2.86
33.7376,0.0,4.84,5.5,40.15,105.71,132.99,446.71,224.07,0.0,0.0,0.0,0.0,0.0,0.0,0.0,0.0,959.97,0.0
33.7476,0.0,3.19,5.5,30.69,96.91,130.02,459.36,232.65,3.63,0.0,0.0,0.0,0.0,0.0,0.0,0.0,958.32,3.63
33.7576,0.0,4.84,5.5,22.44,89.54,126.94,470.25,239.47,4.84,0.0,0.0,0.0,0.0,0.0,0.0,0.0,958.98,4.84
33.7676,0.0,4.84,5.5,15.29,77.77,120.78,479.27,244.64,8.58,0.0,0.0,0.0,0.0,0.0,0.0,0.0,948.09,8.58
33.7776,0.0,3.19,4.07,10.56,64.57,114.62,486.42,246.29,23.43,0.0,0.0,3.08,0.0,2.31,0.0,0.0,929.72,28.82
33.7876,0.0,3.19,5.5,7.04,50.16,103.07,488.29,244.64,35.75,0.0,0.0,4.73,4.95,2.31,0.0,0.0,901.89,47.74
33.7976,0.0,3.19,4.07,5.83,36.19,91.85,479.27,237.71,51.7,0.0,0.0,3.08,4.95,3.52,0.0,0.0,858.11,63.25
33.8076,0.0,3.19,5.5,4.73,29.26,76.23,462.99,227.48,84.7,18.15,0.0,6.27,6.6,3.52,0.0,0.0,809.38,119.24
33.8176,0.0,4.84,2.75,3.52,30.58,59.29,423.17,215.38,115.83,149.6,83.49,7.92,8.25,5.83,0.0,2.86,739.53,373.78
33.8276,0.0,4.84,5.5,3.52,30.58,43.23,345.29,204.93,102.08,230.45,174.68,15.84,11.55,7.04,4.07,4.4,637.89,550.11
33.8376,0.0,4.84,4.07,3.52,29.26,32.78,226.71,196.35,94.05,269.28,238.48,79.53,26.4,11.77,11.0,7.26,497.53,737.77
33.8476,0.0,3.19,4.07,2.31,23.65,27.5,119.46,182.49,92.73,267.52,276.43,94.49,49.61,14.19,12.32,13.2,362.67,820.49
33.8576,0.0,4.84,2.75,2.31,20.9,24.86,59.4,145.64,91.41,260.48,288.2,99.0,62.59,15.4,19.25,16.06,260.7,852.39
33.8676,0.0,3.19,2.75,0.0,15.29,20.9,44.88,95.15,86.02,255.2,286.44,101.97,68.75,20.13,30.36,19.03,182.16,867.9
33.8776,0.0,3.19,2.75,0.0,12.54,14.41,31.79,66.88,82.06,255.2,283.03,106.37,70.29,24.86,39.93,20.46,131.56,882.2
33.8876,0.0,3.19,2.75,0.0,9.68,10.45,23.1,38.61,79.31,255.2,278.08,109.34,73.37,28.38,51.04,23.43,87.78,898.15
33.8976,0.0,3.19,2.75,0.0,4.18,6.49,15.84,19.25,79.31,258.72,278.08,113.96,74.91,32.01,57.97,24.86,51.7,919.82
33.9076,0.0,3.19,2.75,0.0,4.18,3.85,11.55,6.82,80.74,262.24,278.08,115.5,76.45,33.22,65.34,23.43,32.34,935.0
33.9176,0.0,3.19,2.75,0.0,2.75,3.85,8.69,4.07,80.74,264.0,271.48,118.69,78.1,34.32,71.39,27.83,25.3,946.55
33.9276,0.0,0.0,0.0,0.0,2.75,3.85,7.15,2.75,77.99,265.76,268.18,120.23,78.1,37.95,78.76,27.83,16.5,954.8
33.9376,0.0,0.0,0.0,0.0,2.75,3.85,7.15,0.0,74.03,256.96,258.28,121.88,82.72,41.47,84.81,29.26,13.75,949.41
33.9476,0.0,0.0,0.0,0.0,2.75,3.85,5.72,0.0,68.64,251.68,251.68,124.96,84.26,43.89,93.72,30.8,12.32,949.63
33.9576,0.0,0.0,2.75,0.0,0.0,0.0,5.72,2.75,63.25,239.25,246.73,123.42,84.26,44.99,101.2,29.26,11.22,932.36
33.9676,0.0,0.0,0.0,0.0,0.0,3.85,5.72,0.0,56.65,223.41,235.18,121.88,87.34,50.93,107.14,32.23,9.57,914.76
33.9776,0.0,3.19,2.75,0.0,0.0,2.53,5.72,0.0,51.7,209.88,223.63,120.23,90.42,52.14,114.73,32.23,14.19,894.96
33.9876,0.0,3.19,0.0,0.0,0.0,2.53,5.72,0.0,45.54,193.05,212.19,117.15,93.5,53.35,127.05,33.66,11.44,875.49
33.9976,0.0,3.19,2.75,0.0,0.0,0.0,4.29,0.0,41.91,179.52,199.1,110.88,95.04,58.74,134.64,33.66,10.23,853.49
34.0076,0.0,0.0,2.75,0.0,0.0,0.0,4.29,0.0,36.96,164.45,187.66,113.96,99.77,60.28,143.88,35.2,7.04,842.16
34.0176,0.0,3.19,2.75,0.0,0.0,0.0,2.86,0.0,33.22,152.9,174.68,110.88,102.85,66.22,149.93,36.63,8.8,827.31
34.0276,0.0,0.0,0.0,0.0,0.0,0.0,0.0,0.0,30.8,139.7,158.95,112.42,104.39,69.3,156.09,36.63,0.0,808.28
34.0376,0.0,0.0,0.0,0.0,0.0,0.0,4.29,0.0,28.27,126.61,143.66,115.5,109.01,72.27,165.33,39.6,4.29,800.25
34.0476,0.0,0.0,2.75,0.0,0.0,0.0,0.0,0.0,25.85,115.06,129.91,117.15,110.55,75.35,173.36,38.06,2.75,785.29
34.0576,0.0,0.0,2.75,0.0,0.0,0.0,2.86,0.0,24.64,108.68,116.05,117.15,116.82,76.78,179.85,41.03,5.61,781.0
34.0676,0.0,0.0,2.75,0.0,0.0,0.0,0.0,0.0,22.11,96.36,105.27,118.69,118.47,82.83,189.64,41.03,2.75,774.4
34.0776,0.0,0.0,0.0,0.0,0.0,0.0,0.0,0.0,20.9,85.58,92.84,118.69,124.96,85.91,200.97,44.0,0.0,773.85
34.0876,0.0,3.19,0.0,0.0,0.0,0.0,0.0,0.0,19.69,74.8,81.95,118.69,126.61,88.88,210.65,46.86,3.19,768.13
34.0976,0.0,3.19,2.75,0.0,0.0,0.0,0.0,0.0,18.48,64.02,69.52,120.23,131.45,91.96,221.98,49.83,5.94,767.47
34.1076,0.0,0.0,0.0,0.0,0.0,0.0,0.0,0.0,17.16,54.45,57.2,118.69,137.94,94.93,231.99,51.26,0.0,763.62
34.1176,0.0,0.0,2.75,0.0,0.0,0.0,0.0,0.0,15.95,42.9,50.05,117.15,139.59,97.9,244.09,55.77,2.75,763.4
34.1276,0.0,0.0,0.0,0.0,0.0,0.0,0.0,0.0,15.95,34.65,40.04,113.96,144.43,99.44,254.43,58.74,0.0,761.64
34.1376,0.0,0.0,0.0,0.0,0.0,0.0,0.0,0.0,13.53,24.75,31.46,107.91,150.92,100.98,266.42,64.9,0.0,760.87
34.1476,0.0,0.0,2.75,0.0,0.0,0.0,0.0,0.0,13.53,18.15,20.02,106.37,155.76,100.98,280.17,71.06,2.75,766.04
34.1576,0.0,0.0,0.0,0.0,0.0,0.0,0.0,0.0,12.32,13.2,11.44,101.97,158.95,100.98,295.46,78.65,0.0,772.97
34.1676,0.0,3.19,0.0,0.0,0.0,0.0,0.0,0.0,8.58,11.55,8.58,92.95,162.25,102.52,307.34,83.27,3.19,777.04
34.1776,0.0,3.19,0.0,0.0,0.0,0.0,0.0,0.0,6.16,9.9,8.58,88.55,162.25,99.44,319.33,90.97,3.19,785.18
34.1876,0.0,0.0,0.0,0.0,0.0,0.0,0.0,0.0,4.84,8.25,8.58,82.5,160.6,103.95,331.21,97.02,0.0,796.95
34.1976,0.0,0.0,2.75,0.0,0.0,0.0,0.0,0.0,3.63,6.6,4.29,73.59,163.9,105.49,350.02,106.26,2.75,813.78
34.2076,0.0,0.0,2.75,0.0,0.0,0.0,0.0,0.0,2.42,6.6,5.72,69.08,163.9,105.49,367.07,117.15,2.75,837.43
34.2176,0.0,0.0,2.75,0.0,0.0,0.0,0.0,0.0,2.42,6.6,4.29,61.71,165.44,103.95,382.36,123.53,2.75,850.3
34.2276,0.0,0.0,2.75,0.0,0.0,0.0,0.0,0.0,2.42,6.6,5.72,50.93,165.44,103.95,398.09,133.1,2.75,866.25
34.2376,0.0,0.0,2.75,0.0,0.0,0.0,0.0,0.0,0.0,4.95,4.29,44.55,163.9,107.03,410.52,141.13,2.75,876.37
34.2476,0.0,0.0,0.0,0.0,0.0,0.0,0.0,0.0,0.0,3.3,4.29,39.82,160.6,105.49,424.93,144.32,0.0,882.75
34.2576,0.0,0.0,0.0,0.0,0.0,0.0,0.0,0.0,0.0,4.95,0.0,33.44,157.41,103.95,440.99,152.35,0.0,893.09
34.2676,5.06,0.0,0.0,0.0,0.0,0.0,0.0,0.0,0.0,0.0,2.86,25.41,150.92,102.52,453.64,155.54,5.06,890.89
34.2776,6.82,0.0,0.0,2.31,0.0,0.0,0.0,0.0,0.0,4.95,2.86,19.03,147.62,97.9,466.4,161.92,9.13,900.68
34.2876,17.16,0.0,0.0,2.31,2.75,2.53,0.0,0.0,0.0,3.3,2.86,12.65,139.59,94.93,477.29,165.11,24.75,895.73
34.2976,43.01,0.0,0.0,2.31,0.0,2.53,0.0,0.0,0.0,3.3,2.86,9.46,129.8,88.88,479.05,166.76,47.85,880.11
34.3076,68.86,0.0,0.0,2.31,4.18,2.53,0.0,0.0,0.0,0.0,0.0,7.92,118.47,79.86,484.55,166.76,77.88,857.56
34.3176,92.95,0.0,0.0,3.52,4.18,3.85,0.0,0.0,0.0,0.0,2.86,9.46,101.31,69.3,475.42,161.92,104.5,820.27
34.3276,120.67,43.67,70.18,5.83,5.5,3.85,2.86,0.0,0.0,0.0,2.86,9.46,85.8,57.2,453.64,155.54,252.56,764.5
34.3376,120.67,120.78,136.73,9.46,8.36,3.85,4.29,4.07,0.0,0.0,2.86,11.11,67.21,47.41,419.54,147.51,408.21,695.64
34.3476,117.15,161.04,193.38,50.82,9.68,6.49,5.72,6.82,0.0,0.0,4.29,12.65,54.56,40.26,356.84,144.32,551.1,612.92
34.3576,118.91,169.51,233.31,62.26,26.4,19.58,15.84,15.18,0.0,0.0,0.0,14.3,51.26,35.53,235.51,142.78,660.99,479.38
34.3676,124.19,167.75,256.41,65.12,33.44,34.1,41.91,19.25,0.0,3.3,2.86,11.11,39.71,27.28,125.51,141.13,742.17,350.9
34.3776,125.84,169.51,270.6,65.12,38.94,44.55,66.77,23.43,0.0,0.0,2.86,11.11,33.11,26.07,59.4,112.42,804.76,244.97
34.3876,127.6,171.27,283.25,66.55,43.12,52.47,86.13,24.75,0.0,3.3,0.0,9.46,28.05,17.71,38.61,80.19,855.14,177.32
34.3976,132.88,173.03,290.73,66.55,44.55,57.86,98.12,27.5,0.0,3.3,0.0,6.27,18.15,12.98,27.5,58.74,891.22,126.94
34.4076,138.16,178.31,298.21,65.12,48.73,60.72,108.57,27.5,0.0,3.3,0.0,6.27,16.5,10.67,20.68,45.43,925.32,102.85
34.4176,143.33,181.83,300.08,66.55,50.16,62.15,116.27,28.93,0.0,0.0,0.0,4.73,9.9,7.04,16.5,27.83,949.3,66.0
34.4276,146.85,187.11,301.95,67.98,50.16,64.9,117.81,30.36,0.0,0.0,0.0,4.73,6.6,5.83,13.75,13.2,967.12,44.11
34.4376,148.61,188.87,301.95,67.98,51.48,64.9,121.11,27.5,0.0,0.0,0.0,3.08,4.95,4.73,11.0,7.26,972.4,31.02
34.4476,148.61,190.63,300.08,69.41,51.48,64.9,121.11,28.93,0.0,0.0,0.0,3.08,4.95,4.73,9.57,7.26,975.15,29.59
34.4576,146.85,188.87,296.34,69.41,52.91,64.9,119.46,28.93,0.0,0.0,0.0,3.08,0.0,2.31,9.57,5.83,967.67,20.79
34.4676,143.33,185.35,288.86,69.41,52.91,66.33,122.65,28.93,0.0,0.0,0.0,3.08,3.3,0.0,8.25,5.83,957.77,20.46
34.4776,136.4,181.83,279.51,69.41,52.91,66.33,122.65,30.36,0.0,0.0,0.0,3.08,3.3,3.52,8.25,2.86,939.4,21.01
34.4876,129.36,178.31,270.6,72.27,51.48,66.33,121.11,28.93,0.0,0.0,0.0,3.08,3.3,0.0,6.82,4.4,918.39,17.6
34.4976,122.43,171.27,256.41,73.7,50.16,67.76,119.46,30.36,0.0,0.0,0.0,3.08,0.0,2.31,5.5,4.4,891.55,15.29
34.5076,111.87,166.1,245.74,73.7,50.16,67.76,121.11,30.36,0.0,0.0,0.0,0.0,0.0,2.31,6.82,4.4,866.8,13.53
34.5176,103.29,159.39,231.44,77.99,51.48,70.62,122.65,28.93,0.0,0.0,0.0,0.0,3.3,2.31,4.07,2.86,845.79,12.54
34.5276,92.95,150.92,220.77,79.42,52.91,72.05,124.3,30.36,0.0,0.0,0.0,0.0,0.0,0.0,5.5,0.0,823.68,5.5
34.5376,84.37,144.21,206.14,82.28,54.34,74.8,127.49,28.93,0.0,0.0,0.0,0.0,0.0,2.31,2.75,0.0,802.56,5.06
34.5476,77.44,137.5,195.14,86.57,54.34,76.23,130.68,28.93,0.0,0.0,0.0,0.0,0.0,2.31,4.07,0.0,786.83,6.38
34.5576,70.51,130.79,180.51,88.0,55.77,77.66,135.52,33.11,0.0,0.0,0.0,0.0,0.0,2.31,2.75,2.86,771.87,7.92
34.5676,63.69,122.43,169.62,93.72,57.2,81.95,138.71,35.86,0.0,0.0,0.0,0.0,0.0,0.0,0.0,0.0,763.18,0.0
34.5776,60.17,114.07,163.02,98.01,58.63,84.7,146.85,35.86,0.0,0.0,0.0,3.08,0.0,2.31,2.75,2.86,761.31,11.0
34.5876,55.11,107.47,153.12,99.44,61.6,87.56,151.58,38.61,0.0,0.0,0.0,0.0,0.0,0.0,4.07,2.86,754.49,6.93
34.5976,51.59,100.87,146.63,103.73,66.0,91.85,159.72,41.36,0.0,0.0,0.0,0.0,0.0,0.0,2.75,2.86,761.75,5.61
34.6076,49.94,92.73,140.03,108.02,70.4,94.6,167.75,42.68,0.0,0.0,0.0,0.0,0.0,0.0,0.0,0.0,766.15,0.0
34.6176,48.18,87.78,133.43,112.42,71.94,96.03,177.76,49.61,0.0,0.0,0.0,3.08,0.0,0.0,2.75,2.86,777.15,8.69
34.6276,44.77,82.94,125.29,115.5,77.77,101.75,188.32,52.36,0.0,0.0,0.0,0.0,0.0,0.0,2.75,0.0,788.7,2.75
34.6376,43.01,76.34,117.04,118.58,82.17,104.5,200.53,57.97,0.0,0.0,0.0,0.0,0.0,0.0,2.75,2.86,800.14,5.61
34.6476,39.6,68.2,106.04,124.74,85.14,108.79,212.85,63.91,0.0,0.0,0.0,0.0,0.0,0.0,0.0,0.0,809.27,0.0
34.6576,36.08,59.95,96.69,127.82,91.08,111.65,223.41,71.28,0.0,0.0,0.0,0.0,0.0,0.0,2.75,2.86,817.96,5.61
34.6676,34.43,50.16,84.26,130.9,95.48,117.7,238.7,78.76,0.0,0.0,0.0,0.0,0.0,0.0,0.0,0.0,830.39,0.0
34.6776,30.91,40.48,73.37,132.55,99.88,122.32,253.99,87.78,0.0,0.0,0.0,0.0,0.0,0.0,0.0,0.0,841.28,0.0
34.6876,29.26,32.34,59.4,137.17,105.71,125.4,269.28,95.15,0.0,0.0,0.0,0.0,0.0,0.0,2.75,2.86,853.71,5.61
34.6976,27.5,24.31,45.54,138.71,110.22,128.48,282.81,107.14,0.0,0.0,0.0,0.0,0.0,0.0,0.0,0.0,864.71,0.0
34.7076,24.09,16.17,30.36,137.17,113.63,131.45,296.12,116.27,0.0,0.0,0.0,0.0,0.0,0.0,0.0,2.86,865.26,2.86
34.7176,24.09,14.52,20.68,135.63,117.04,132.99,311.08,128.59,0.0,0.0,0.0,0.0,0.0,0.0,0.0,0.0,884.62,0.0
34.7276,18.92,12.87,15.18,129.36,118.69,137.61,326.04,137.83,0.0,0.0,0.0,0.0,0.0,0.0,0.0,0.0,896.5,0.0
34.7376,13.75,9.68,11.0,123.2,118.69,137.61,341.66,150.26,0.0,0.0,0.0,0.0,0.0,0.0,0.0,0.0,905.85,0.0
34.7476,10.23,9.68,9.57,112.42,118.69,139.15,361.57,161.04,0.0,0.0,0.0,0.0,0.0,0.0,0.0,0.0,922.35,0.0
34.7576,3.41,6.38,8.25,99.44,117.04,142.23,381.59,173.8,0.0,0.0,0.0,0.0,0.0,0.0,0.0,2.86,932.14,2.86
34.7676,0.0,4.84,5.5,85.14,117.04,142.23,399.63,187.66,0.0,0.0,0.0,0.0,0.0,0.0,0.0,2.86,942.04,2.86
34.7776,0.0,4.84,6.82,69.41,111.87,142.23,415.91,201.52,0.0,0.0,0.0,0.0,0.0,0.0,0.0,2.86,952.6,2.86
34.7876,0.0,4.84,6.82,57.97,105.71,140.69,430.43,211.86,0.0,0.0,0.0,0.0,0.0,0.0,0.0,2.86,958.32,2.86
34.7976,0.0,4.84,6.82,46.09,99.88,139.15,446.71,222.31,0.0,0.0,0.0,0.0,0.0,0.0,0.0,0.0,965.8,0.0
34.8076,0.0,4.84,5.5,36.63,89.54,137.61,453.97,229.13,2.42,0.0,0.0,0.0,0.0,0.0,0.0,0.0,957.22,2.42
34.8176,0.0,3.19,5.5,27.17,80.74,132.99,464.75,236.06,3.63,0.0,0.0,0.0,0.0,0.0,0.0,0.0,950.4,3.63
34.8276,0.0,3.19,6.82,17.71,70.4,126.94,470.25,241.23,6.16,0.0,0.0,0.0,0.0,0.0,0.0,0.0,936.54,6.16
34.8376,0.0,4.84,4.07,11.77,57.2,120.78,475.64,241.23,12.32,0.0,0.0,3.08,0.0,2.31,0.0,2.86,915.53,20.57
34.8476,0.0,4.84,4.07,7.04,43.12,105.93,479.27,239.47,29.59,0.0,0.0,3.08,3.3,3.52,0.0,0.0,883.74,39.49
34.8576,0.0,3.19,5.5,4.73,32.01,94.6,468.38,236.06,44.33,6.6,0.0,4.73,0.0,3.52,2.75,0.0,844.47,61.93
34.8676,0.0,4.84,4.07,3.52,29.26,80.52,446.71,227.48,56.65,79.42,4.29,6.27,6.6,3.52,2.75,0.0,796.4,159.5
34.8776,0.0,4.84,4.07,4.73,29.26,62.15,405.13,215.38,68.64,174.46,77.33,25.41,11.55,5.83,6.82,2.86,725.56,372.9
34.8876,0.0,4.84,5.5,4.73,29.26,45.87,319.33,204.93,71.28,220.0,146.74,78.1,29.81,10.67,9.57,8.8,614.46,574.97
34.8976,0.0,4.84,5.5,3.52,27.83,34.1,202.29,198.0,79.31,233.97,200.75,97.46,46.31,14.19,11.0,13.2,476.08,696.19
34.9076,0.0,4.84,4.07,2.31,23.65,24.86,105.6,184.14,88.77,237.49,231.88,100.43,64.13,18.92,22.0,19.03,349.47,782.65
34.9176,0.0,4.84,4.07,2.31,20.9,23.54,56.43,140.91,91.41,233.97,248.38,101.97,68.75,24.86,37.18,23.43,253.0,829.95
34.9276,0.0,3.19,4.07,0.0,15.29,19.58,41.91,93.72,91.41,235.73,254.98,106.37,70.29,29.59,51.04,24.86,177.76,864.27
34.9376,0.0,3.19,0.0,0.0,12.54,15.73,28.93,68.31,91.41,237.49,253.33,110.88,74.91,34.32,59.4,26.4,128.7,888.14
34.9476,0.0,3.19,2.75,0.0,8.36,11.77,21.67,42.68,91.41,244.53,248.38,113.96,76.45,36.74,66.88,27.83,90.42,906.18
34.9576,0.0,3.19,2.75,0.0,5.5,7.81,14.41,20.68,91.41,248.05,243.43,121.88,76.45,39.05,69.85,27.83,54.34,917.95
34.9676,0.0,3.19,0.0,0.0,4.18,5.17,11.55,6.82,91.41,258.72,236.83,128.15,78.1,40.26,71.39,27.83,30.91,932.69
34.9776,0.0,3.19,2.75,0.0,2.75,3.85,10.12,4.07,86.02,260.48,221.98,137.61,78.1,43.89,72.82,29.26,26.73,930.16
34.9876,0.0,3.19,2.75,0.0,0.0,3.85,8.69,0.0,79.31,258.72,208.89,143.99,79.64,47.41,77.33,29.26,18.48,924.55
34.9976,0.0,0.0,2.75,0.0,2.75,3.85,7.15,2.75,72.6,253.44,192.61,150.26,81.18,50.93,80.3,30.8,19.25,912.12
35.0075,0.0,3.19,0.0,0.0,0.0,2.53,5.72,2.75,64.57,246.29,179.52,158.18,81.18,54.56,81.84,32.23,14.19,898.37
35.0175,0.0,3.19,2.75,0.0,0.0,2.53,5.72,0.0,56.65,237.49,168.19,161.26,85.8,57.2,86.24,32.23,14.19,885.06
35.0275,0.0,0.0,0.0,0.0,0.0,3.85,5.72,0.0,50.49,225.17,157.41,164.45,87.34,58.74,93.72,32.23,9.57,869.55
35.0375,0.0,3.19,2.75,0.0,0.0,2.53,5.72,0.0,44.33,211.53,143.66,169.51,90.42,63.25,95.26,32.23,14.19,850.19
35.0475,0.0,0.0,0.0,0.0,0.0,2.53,4.29,0.0,39.38,198.11,134.42,172.92,93.5,64.79,104.17,33.66,6.82,840.95
35.0575,0.0,3.19,0.0,0.0,0.0,2.53,4.29,0.0,34.43,182.93,120.67,176.44,98.23,70.84,105.71,33.66,10.01,822.91
35.0675,0.0,3.19,2.75,0.0,0.0,2.53,4.29,0.0,33.22,171.05,108.35,179.85,99.77,72.27,111.65,36.63,12.76,812.79
35.0775,0.0,0.0,0.0,0.0,0.0,2.53,4.29,0.0,30.8,159.5,94.38,183.37,99.77,75.35,114.73,33.66,6.82,791.56
35.0875,0.0,0.0,2.75,0.0,0.0,0.0,2.86,0.0,27.06,143.0,81.95,188.54,102.85,79.86,120.89,38.06,5.61,782.21
35.0975,0.0,0.0,2.75,0.0,0.0,0.0,2.86,0.0,25.85,131.56,71.06,193.71,105.93,81.4,127.05,38.06,5.61,774.62
35.1075,0.0,0.0,2.75,0.0,0.0,0.0,0.0,0.0,24.64,120.01,60.28,195.47,112.09,84.37,128.59,36.63,2.75,762.08
35.1175,0.0,3.19,2.75,0.0,0.0,0.0,0.0,0.0,22.11,105.6,51.48,197.12,115.28,85.91,139.26,39.6,5.94,756.36
35.1275,0.0,0.0,0.0,0.0,0.0,0.0,2.86,0.0,20.9,94.82,45.76,198.88,116.82,90.42,145.42,39.6,2.86,752.62
35.1375,0.0,0.0,2.75,0.0,0.0,0.0,0.0,0.0,20.9,85.58,38.61,197.12,120.12,94.93,149.93,39.6,2.75,746.79
35.1475,0.0,0.0,2.75,0.0,0.0,0.0,0.0,0.0,19.69,74.8,32.89,197.12,124.96,93.39,159.17,42.46,2.75,744.48
35.1575,0.0,0.0,2.75,0.0,0.0,0.0,0.0,0.0,18.48,62.48,27.17,195.47,126.61,99.44,170.17,44.0,2.75,743.82
35.1675,0.0,3.19,2.75,0.0,0.0,0.0,0.0,0.0,17.16,52.8,21.45,190.19,129.8,102.52,181.5,41.03,5.94,736.45
35.1775,0.0,3.19,0.0,0.0,0.0,0.0,0.0,0.0,17.16,44.55,17.16,186.78,136.29,103.95,192.83,44.0,3.19,742.72
35.1875,0.0,0.0,0.0,0.0,0.0,0.0,0.0,0.0,17.16,36.3,12.87,183.37,137.94,110.0,205.81,46.86,0.0,750.31
35.1975,0.0,0.0,0.0,0.0,0.0,0.0,0.0,0.0,15.95,28.05,8.58,178.09,142.78,113.08,215.49,45.43,0.0,747.45
35.2075,0.0,0.0,2.75,0.0,0.0,0.0,0.0,0.0,13.53,18.15,10.01,174.68,144.43,114.73,228.58,48.4,2.75,752.51
35.2175,0.0,0.0,0.0,0.0,0.0,0.0,0.0,0.0,11.0,14.85,7.15,169.51,144.43,116.49,244.09,54.23,0.0,761.75
35.2275,0.0,0.0,2.75,0.0,0.0,0.0,0.0,0.0,8.58,13.2,7.15,164.45,147.62,118.25,256.08,57.2,2.75,772.53
35.2375,0.0,0.0,4.07,0.0,0.0,0.0,0.0,0.0,7.37,13.2,5.72,156.53,150.92,121.77,266.42,63.36,4.07,785.29
35.2475,0.0,0.0,2.75,0.0,0.0,0.0,0.0,0.0,4.84,8.25,5.72,151.8,149.27,123.42,278.52,67.98,2.75,789.8
35.2575,0.0,3.19,0.0,0.0,0.0,0.0,0.0,0.0,4.84,8.25,5.72,145.53,150.92,123.42,290.4,75.57,3.19,804.65
35.2675,0.0,3.19,2.75,0.0,0.0,0.0,0.0,0.0,4.84,9.9,2.86,139.15,152.46,128.7,300.63,81.73,5.94,820.27
35.2775,0.0,0.0,0.0,0.0,0.0,0.0,0.0,0.0,3.63,6.6,4.29,134.42,152.46,132.22,312.51,86.35,0.0,832.48
35.2875,0.0,0.0,0.0,0.0,0.0,0.0,0.0,0.0,3.63,8.25,4.29,123.42,152.46,133.87,331.21,95.48,0.0,852.61
35.2975,0.0,0.0,2.75,0.0,0.0,0.0,0.0,0.0,2.42,6.6,2.86,109.34,154.11,135.63,346.61,104.72,2.75,862.29
35.3075,0.0,0.0,2.75,0.0,0.0,0.0,0.0,0.0,0.0,3.3,4.29,94.49,155.76,132.22,368.72,109.34,2.75,868.12
35.3175,0.0,0.0,0.0,0.0,0.0,0.0,0.0,0.0,0.0,0.0,0.0,78.1,155.76,133.87,387.53,120.34,0.0,875.6
35.3275,0.0,0.0,0.0,0.0,0.0,0.0,0.0,0.0,0.0,0.0,2.86,64.68,154.11,130.46,401.61,123.53,0.0,877.25
35.3375,3.41,0.0,0.0,0.0,0.0,0.0,0.0,0.0,0.0,3.3,2.86,52.58,149.27,128.7,412.39,129.91,3.41,879.01
35.3475,5.06,0.0,0.0,0.0,0.0,0.0,0.0,0.0,0.0,3.3,0.0,43.01,149.27,121.77,424.93,136.29,5.06,878.57
35.3575,11.99,0.0,0.0,2.31,0.0,0.0,0.0,0.0,0.0,3.3,0.0,30.25,142.78,121.77,432.08,139.48,14.3,869.66
35.3675,30.91,0.0,0.0,2.31,0.0,2.53,0.0,0.0,0.0,0.0,0.0,22.22,137.94,116.49,435.6,139.48,35.75,851.73
35.3775,58.52,0.0,0.0,3.52,4.18,0.0,0.0,0.0,0.0,0.0,2.86,15.84,124.96,107.03,433.84,142.78,66.22,827.31
35.3875,82.61,0.0,0.0,3.52,4.18,3.85,0.0,0.0,0.0,0.0,0.0,14.3,112.09,94.93,421.3,136.29,94.16,778.91
35.3975,105.05,3.19,13.75,5.83,6.93,3.85,0.0,2.75,0.0,0.0,2.86,12.65,96.69,79.86,407.0,134.75,141.35,733.81
35.4075,115.39,79.64,106.04,7.04,5.5,6.49,4.29,2.75,0.0,3.3,0.0,12.65,73.37,67.76,375.54,128.37,327.14,660.99
35.4175,111.87,139.26,166.32,30.69,8.36,7.81,5.72,0.0,0.0,0.0,0.0,14.3,57.97,55.77,317.57,133.1,470.03,578.71
35.4275,110.22,162.69,217.14,56.76,12.54,9.13,8.69,5.5,0.0,3.3,0.0,14.3,51.26,46.2,209.0,142.78,582.67,466.84
35.4375,113.63,167.75,245.74,67.98,32.01,23.54,21.67,16.5,0.0,0.0,0.0,12.65,41.36,29.59,120.89,149.16,688.82,353.65
35.4475,117.15,164.34,268.84,67.98,37.62,34.1,46.31,19.25,0.0,3.3,0.0,11.11,34.76,24.86,56.54,120.34,755.59,250.91
35.4575,117.15,167.75,279.51,72.27,41.8,47.19,71.28,23.43,0.0,3.3,0.0,7.92,26.4,18.92,38.61,84.81,820.38,179.96
35.4675,120.67,169.51,286.99,70.84,47.3,52.47,89.21,26.18,0.0,0.0,0.0,7.92,21.45,12.98,30.36,60.28,863.17,132.99
35.4775,122.43,173.03,296.34,72.27,47.3,56.43,104.06,26.18,0.0,0.0,0.0,6.27,16.5,10.67,22.0,49.83,898.04,105.27
35.4875,127.6,174.79,300.08,72.27,51.48,59.29,113.08,28.93,0.0,0.0,0.0,6.27,8.25,9.46,17.93,27.83,927.52,69.74
35.4975,129.36,178.31,301.95,70.84,51.48,62.15,116.27,30.36,0.0,0.0,0.0,4.73,9.9,4.73,12.32,13.2,940.72,44.88
35.5075,132.88,180.07,301.95,72.27,51.48,62.15,117.81,28.93,0.0,0.0,0.0,3.08,6.6,3.52,11.0,7.26,947.54,31.46
35.5175,132.88,181.83,300.08,72.27,52.91,62.15,121.11,30.36,0.0,0.0,0.0,4.73,4.95,4.73,9.57,2.86,953.59,26.84
35.5275,132.88,181.83,298.21,70.84,52.91,62.15,121.11,30.36,0.0,0.0,0.0,4.73,4.95,4.73,6.82,5.83,950.29,27.06
35.5375,131.12,178.31,292.6,69.41,52.91,62.15,119.46,30.36,0.0,0.0,0.0,3.08,4.95,2.31,8.25,5.83,936.32,24.42
35.5475,127.6,174.79,286.99,67.98,52.91,62.15,122.65,28.93,0.0,0.0,0.0,3.08,3.3,3.52,4.07,0.0,924.0,13.97
35.5575,122.43,167.75,279.51,67.98,54.34,60.72,121.11,28.93,0.0,0.0,0.0,3.08,3.3,0.0,6.82,4.4,902.77,17.6
35.5675,117.15,161.04,268.84,66.55,54.34,60.72,119.46,28.93,0.0,0.0,0.0,3.08,3.3,0.0,5.5,2.86,877.03,14.74
35.5775,110.22,157.63,256.41,66.55,54.34,60.72,121.11,28.93,0.0,0.0,0.0,3.08,3.3,2.31,5.5,0.0,855.91,14.19
35.5875,103.29,149.27,245.74,66.55,54.34,60.72,121.11,26.18,0.0,0.0,0.0,0.0,0.0,2.31,5.5,4.4,827.2,12.21
35.5975,94.71,140.91,236.83,67.98,55.77,59.29,122.65,28.93,0.0,0.0,0.0,3.08,0.0,2.31,4.07,2.86,807.07,12.32
35.6075,89.54,134.2,224.4,67.98,54.34,60.72,122.65,28.93,0.0,0.0,0.0,3.08,0.0,2.31,4.07,2.86,782.76,12.32
35.6175,84.37,129.14,213.4,70.84,54.34,62.15,124.3,28.93,0.0,0.0,0.0,0.0,3.3,0.0,4.07,2.86,767.47,10.23
35.6275,77.44,120.78,204.27,70.84,55.77,64.9,125.84,27.5,0.0,0.0,0.0,3.08,0.0,0.0,4.07,0.0,747.34,7.15
35.6375,74.03,115.72,191.51,73.7,58.63,66.33,129.14,30.36,0.0,0.0,0.0,0.0,0.0,2.31,4.07,0.0,739.42,6.38
35.6475,68.86,107.47,184.14,76.56,58.63,69.19,133.98,30.36,0.0,0.0,0.0,0.0,0.0,2.31,2.75,2.86,729.19,7.92
35.6575,65.34,100.87,175.01,77.99,61.6,72.05,140.36,34.43,0.0,0.0,0.0,3.08,0.0,0.0,2.75,0.0,727.65,5.83
35.6675,60.17,94.38,166.32,80.85,64.57,74.8,148.39,35.86,0.0,0.0,0.0,0.0,0.0,0.0,4.07,2.86,725.34,6.93
35.6775,56.76,86.13,158.07,83.71,67.54,77.66,158.07,42.68,0.0,0.0,0.0,0.0,0.0,0.0,0.0,0.0,730.62,0.0
35.6875,53.35,81.29,148.28,86.57,70.4,80.52,169.29,48.29,0.0,0.0,0.0,0.0,0.0,0.0,2.75,2.86,737.99,5.61
35.6975,49.94,74.69,141.68,92.29,77.77,87.56,183.04,53.79,0.0,0.0,0.0,0.0,0.0,0.0,0.0,0.0,760.76,0.0
35.7075,46.42,66.55,133.43,96.58,80.74,91.85,198.77,62.37,0.0,0.0,0.0,0.0,0.0,0.0,0.0,2.86,776.71,2.86
35.7175,43.01,58.3,121.99,100.87,89.54,96.03,212.85,72.82,0.0,0.0,0.0,0.0,0.0,0.0,2.75,2.86,795.41,5.61
35.7275,39.6,50.16,107.58,102.3,95.48,101.75,230.12,83.27,0.0,0.0,0.0,0.0,0.0,0.0,2.75,0.0,810.26,2.75
35.7375,36.08,40.48,93.61,106.59,101.31,107.36,248.93,92.18,0.0,0.0,0.0,0.0,0.0,0.0,2.75,0.0,826.54,2.75
35.7475,34.43,32.34,79.53,109.45,107.25,110.22,264.22,102.63,0.0,0.0,0.0,0.0,0.0,0.0,0.0,2.86,840.07,2.86
35.7575,30.91,22.66,64.02,110.88,113.63,113.08,281.16,113.19,0.0,0.0,0.0,0.0,0.0,0.0,2.75,0.0,849.53,2.75
35.7675,27.5,17.82,46.86,112.42,118.69,119.24,294.47,122.43,0.0,0.0,0.0,0.0,0.0,0.0,0.0,2.86,859.43,2.86
35.7775,24.09,12.87,31.68,109.45,125.51,120.78,311.08,133.21,0.0,0.0,0.0,0.0,0.0,0.0,0.0,0.0,868.67,0.0
35.7875,20.57,9.68,20.68,106.59,128.92,122.32,326.04,140.91,0.0,0.0,0.0,0.0,0.0,0.0,0.0,0.0,875.71,0.0
35.7975,15.4,8.03,13.75,99.44,132.33,126.94,341.66,153.34,0.0,0.0,0.0,0.0,0.0,0.0,0.0,0.0,890.89,0.0
35.8075,11.99,8.03,13.75,93.72,132.33,126.94,361.57,162.58,0.0,0.0,0.0,0.0,0.0,0.0,0.0,2.86,910.91,2.86
35.8175,8.58,6.38,12.43,83.71,134.09,128.48,377.96,175.56,2.42,0.0,0.0,0.0,0.0,0.0,0.0,0.0,927.19,2.42
35.8275,3.41,6.38,9.57,76.56,132.33,130.02,394.24,187.66,2.42,0.0,0.0,0.0,0.0,0.0,0.0,0.0,940.17,2.42
35.8375,0.0,4.84,8.25,66.55,130.68,130.02,410.52,201.52,2.42,0.0,0.0,0.0,0.0,0.0,0.0,0.0,952.38,2.42
35.8475,0.0,4.84,6.82,55.55,125.51,131.45,428.67,215.38,3.63,0.0,0.0,0.0,0.0,0.0,0.0,0.0,968.22,3.63
35.8575,0.0,4.84,5.5,46.09,118.69,130.02,441.32,225.72,4.84,0.0,0.0,0.0,0.0,0.0,0.0,0.0,972.18,4.84
35.8675,0.0,4.84,6.82,36.63,107.25,126.94,453.97,234.3,8.58,0.0,0.0,0.0,0.0,2.31,0.0,0.0,970.75,10.89
35.8775,0.0,3.19,6.82,25.96,98.34,123.86,466.62,241.23,14.74,0.0,0.0,3.08,0.0,0.0,0.0,0.0,966.02,17.82
35.8875,0.0,0.0,5.5,17.71,86.57,119.24,473.88,246.29,24.64,0.0,0.0,3.08,0.0,2.31,0.0,0.0,949.19,30.03
35.8975,0.0,3.19,5.5,10.56,71.94,111.65,477.4,246.29,35.75,0.0,0.0,3.08,0.0,2.31,0.0,0.0,926.53,41.14
35.9075,0.0,4.84,5.5,5.83,57.2,98.89,477.4,246.29,46.86,0.0,0.0,3.08,4.95,3.52,0.0,0.0,895.95,58.41
35.9175,0.0,4.84,5.5,4.73,40.37,86.13,473.88,241.23,71.28,54.45,12.87,4.73,4.95,3.52,0.0,0.0,856.68,151.8
35.9275,0.0,4.84,4.07,4.73,32.01,72.05,461.23,234.3,69.96,139.7,103.73,23.87,11.55,7.04,6.82,5.83,813.23,368.5
35.9375,0.0,3.19,5.5,3.52,30.58,53.79,421.41,222.31,66.0,187.99,166.65,75.13,39.71,9.46,8.25,11.66,740.3,564.85
35.9475,0.0,4.84,5.5,2.31,32.01,39.27,343.42,210.21,68.64,199.76,208.89,94.49,57.97,12.98,13.75,13.2,637.56,669.68
35.9575,0.0,4.84,4.07,2.31,30.58,28.82,225.06,204.93,69.96,196.35,221.98,99.0,68.75,16.61,19.25,17.6,500.61,709.5
35.9675,0.0,4.84,5.5,2.31,25.08,26.18,116.27,185.9,64.57,191.29,220.33,101.97,74.91,20.13,30.36,20.46,366.08,724.02
35.9775,0.0,4.84,2.75,2.31,22.22,23.54,59.4,147.18,61.93,189.64,217.03,106.37,76.45,26.07,44.11,22.0,262.24,743.6
35.9875,0.0,4.84,4.07,0.0,16.72,20.9,44.88,98.12,61.93,198.11,220.33,110.88,81.18,29.59,51.04,22.0,189.53,775.06
35.9975,0.0,4.84,4.07,0.0,11.11,15.73,33.22,66.88,63.25,203.17,218.68,110.88,82.72,33.22,53.79,24.86,135.85,790.57
36.0075,0.0,3.19,2.75,0.0,8.36,11.77,21.67,37.18,64.57,208.23,218.68,117.15,84.26,34.32,60.94,24.86,84.92,813.01
36.0175,0.0,3.19,0.0,0.0,5.5,7.81,15.84,17.93,67.32,214.94,221.98,121.88,82.72,37.95,66.88,26.4,50.27,840.07
36.0275,0.0,3.19,2.75,0.0,2.75,5.17,11.55,6.82,66.0,220.0,217.03,128.15,85.8,41.47,69.85,26.4,32.23,854.7
36.0375,0.0,3.19,2.75,0.0,4.18,3.85,11.55,2.75,61.93,218.35,207.24,136.07,91.96,44.99,81.84,29.26,28.27,871.64
36.0475,0.0,3.19,0.0,0.0,0.0,3.85,8.69,2.75,57.97,213.29,200.75,142.34,93.5,49.83,89.21,30.8,18.48,877.69
36.0575,0.0,3.19,0.0,0.0,2.75,2.53,7.15,2.75,53.02,208.23,192.61,148.72,98.23,55.77,96.69,30.8,18.37,884.07
36.0675,0.0,3.19,0.0,0.0,2.75,0.0,7.15,2.75,49.28,201.41,184.47,153.45,99.77,60.28,105.71,32.23,15.84,886.6
36.0775,0.0,0.0,2.75,0.0,0.0,2.53,5.72,2.75,45.54,189.64,176.33,154.99,104.39,67.76,110.22,33.66,13.75,882.53
36.0875,0.0,3.19,0.0,0.0,2.75,0.0,5.72,0.0,41.91,181.17,165.11,154.99,107.47,73.81,116.27,33.66,11.66,874.39
36.0975,0.0,3.19,4.07,0.0,0.0,2.53,5.72,2.75,38.17,166.1,152.79,159.72,110.55,75.35,127.05,36.63,18.26,866.36
36.1075,0.0,3.19,0.0,0.0,0.0,2.53,4.29,0.0,35.75,152.9,135.96,161.26,113.63,81.4,131.56,35.2,10.01,847.66
36.1175,0.0,0.0,0.0,0.0,0.0,2.53,2.86,0.0,32.01,138.16,119.13,162.91,116.82,84.37,140.8,38.06,5.39,832.26
36.1275,0.0,0.0,2.75,0.0,0.0,2.53,2.86,0.0,29.59,123.31,102.19,162.91,120.12,87.34,151.47,41.03,8.14,817.96
36.1375,0.0,0.0,2.75,0.0,0.0,0.0,4.29,0.0,27.06,105.6,85.03,162.91,123.31,93.39,157.63,41.03,7.04,795.96
36.1475,0.0,3.19,2.75,0.0,0.0,0.0,2.86,0.0,24.64,93.28,71.06,161.26,126.61,94.93,168.52,42.46,8.8,782.76
36.1575,0.0,0.0,2.75,0.0,0.0,0.0,2.86,0.0,23.43,80.96,58.74,158.18,129.8,99.44,175.01,44.0,5.61,769.56
36.1675,0.0,0.0,0.0,0.0,0.0,0.0,2.86,0.0,20.9,67.1,48.62,154.99,131.45,103.95,189.64,46.86,2.86,763.51
36.1775,0.0,0.0,2.75,0.0,0.0,0.0,2.86,0.0,20.9,57.75,40.04,151.8,137.94,105.49,197.67,48.4,5.61,759.99
36.1875,0.0,0.0,0.0,0.0,0.0,0.0,0.0,0.0,19.69,44.55,31.46,150.26,137.94,108.46,210.65,52.8,0.0,755.81
36.1975,0.0,3.19,0.0,0.0,0.0,0.0,0.0,0.0,18.48,34.65,22.88,145.53,144.43,110.0,221.98,51.26,3.19,749.21
36.2075,0.0,0.0,2.75,0.0,0.0,0.0,0.0,0.0,17.16,24.75,15.73,140.8,147.62,111.54,233.75,55.77,2.75,747.12
36.2175,0.0,0.0,2.75,0.0,0.0,0.0,0.0,0.0,17.16,19.8,12.87,132.88,149.27,110.0,244.09,61.82,2.75,747.89
36.2275,0.0,3.19,0.0,0.0,0.0,0.0,0.0,0.0,13.53,14.85,7.15,124.96,152.46,113.08,256.08,66.44,3.19,748.55
36.2375,0.0,0.0,0.0,0.0,0.0,0.0,0.0,0.0,9.79,11.55,8.58,117.15,155.76,110.0,266.42,69.52,0.0,748.77
36.2475,0.0,0.0,2.75,0.0,0.0,0.0,0.0,0.0,8.58,13.2,5.72,106.37,155.76,113.08,281.82,77.11,2.75,761.64
36.2575,0.0,0.0,2.75,0.0,0.0,0.0,0.0,0.0,6.16,11.55,5.72,101.97,158.95,111.54,290.4,80.19,2.75,766.48
36.2675,0.0,0.0,0.0,0.0,0.0,0.0,0.0,0.0,4.84,9.9,5.72,95.92,158.95,111.54,300.63,81.73,0.0,769.23
36.2775,0.0,0.0,0.0,0.0,0.0,0.0,0.0,0.0,3.63,6.6,4.29,87.01,158.95,111.54,309.1,89.43,0.0,770.55
36.2875,0.0,0.0,0.0,0.0,0.0,0.0,0.0,0.0,2.42,4.95,5.72,79.53,158.95,111.54,324.39,92.51,0.0,780.01
36.2975,0.0,0.0,2.75,0.0,0.0,0.0,0.0,0.0,0.0,3.3,4.29,67.65,158.95,111.54,336.38,101.64,2.75,783.75
36.3075,0.0,0.0,0.0,0.0,0.0,0.0,0.0,0.0,0.0,3.3,2.86,61.71,160.6,111.54,348.26,104.72,0.0,792.99
36.3175,0.0,0.0,2.75,0.0,0.0,0.0,0.0,0.0,0.0,4.95,2.86,55.77,160.6,110.0,363.66,110.88,2.75,808.72
36.3275,0.0,0.0,2.75,0.0,0.0,0.0,0.0,0.0,0.0,0.0,2.86,49.39,162.25,111.54,375.54,121.99,2.75,823.57
36.3375,0.0,0.0,2.75,0.0,0.0,0.0,0.0,0.0,0.0,3.3,0.0,43.01,162.25,113.08,389.18,126.72,2.75,837.54
36.3475,0.0,0.0,2.75,0.0,0.0,0.0,0.0,0.0,0.0,3.3,0.0,36.63,162.25,111.54,408.76,134.75,2.75,857.23
36.3575,0.0,0.0,0.0,0.0,0.0,0.0,0.0,0.0,0.0,3.3,0.0,25.41,162.25,108.46,428.45,144.32,0.0,872.19
36.3675,0.0,0.0,0.0,0.0,0.0,0.0,0.0,0.0,0.0,3.3,2.86,20.68,157.41,103.95,440.99,150.7,0.0,879.89
36.3775,0.0,0.0,0.0,0.0,0.0,0.0,0.0,0.0,0.0,3.3,2.86,12.65,157.41,96.47,460.9,158.73,0.0,892.32
36.3875,6.82,0.0,0.0,0.0,0.0,0.0,0.0,0.0,0.0,0.0,0.0,11.11,150.92,91.96,470.03,160.27,6.82,884.29
36.3975,18.92,0.0,0.0,2.31,0.0,2.53,0.0,0.0,0.0,3.3,0.0,9.46,142.78,85.91,475.42,161.92,23.76,878.79
36.4075,46.42,0.0,0.0,3.52,4.18,0.0,0.0,0.0,0.0,3.3,0.0,6.27,134.64,78.32,475.42,161.92,54.12,859.87
36.4175,79.2,0.0,0.0,3.52,2.75,2.53,0.0,0.0,0.0,0.0,2.86,9.46,120.12,70.84,466.4,160.27,88.0,829.95
36.4275,111.87,0.0,0.0,4.73,5.5,2.53,2.86,0.0,0.0,0.0,2.86,9.46,104.39,61.71,446.38,153.89,127.49,778.69
36.4374,157.3,46.97,88.88,5.83,5.5,6.49,2.86,4.07,0.0,3.3,0.0,12.65,84.26,52.14,421.3,147.51,317.9,721.16
36.4474,157.3,139.26,169.62,8.25,6.93,5.17,2.86,4.07,0.0,0.0,2.86,11.11,64.13,46.2,380.71,147.51,493.46,652.52
36.4574,145.09,190.63,235.07,34.21,8.36,7.81,5.72,6.82,0.0,0.0,2.86,14.3,59.51,40.26,293.81,152.35,633.71,563.09
36.4674,138.16,201.19,268.84,53.13,20.9,20.9,14.41,16.5,0.0,3.3,2.86,11.11,46.31,33.22,171.71,152.35,734.03,420.86
36.4774,136.4,194.15,283.25,55.55,30.58,32.78,41.91,20.68,0.0,0.0,0.0,11.11,38.06,28.38,95.26,134.75,795.3,307.56
36.4874,131.12,187.11,292.6,56.76,34.76,44.55,66.77,23.43,0.0,0.0,0.0,9.46,33.11,23.65,48.29,97.02,837.1,211.53
36.4974,129.36,188.87,298.21,59.4,37.62,55.11,87.67,26.18,0.0,0.0,0.0,7.92,24.75,18.92,34.43,64.9,882.42,150.92
36.5074,132.88,192.39,303.82,57.97,40.37,57.86,102.63,30.36,0.0,0.0,0.0,6.27,16.5,12.98,27.5,55.77,918.28,119.02
36.5174,134.64,192.39,303.82,60.83,43.12,64.9,111.54,31.68,0.0,0.0,0.0,3.08,13.2,10.67,17.93,36.63,942.92,81.51
36.5274,134.64,195.91,301.95,60.83,45.98,64.9,116.27,34.43,0.0,0.0,0.0,3.08,9.9,5.83,15.18,22.0,954.91,55.99
36.5374,134.64,197.67,300.08,63.69,47.3,67.76,121.11,35.86,0.0,0.0,0.0,4.73,6.6,5.83,9.57,7.26,968.11,33.99
36.5474,132.88,197.67,292.6,62.26,47.3,69.19,125.84,38.61,0.0,0.0,0.0,3.08,4.95,2.31,11.0,7.26,966.35,28.6
36.5574,129.36,197.67,288.86,63.69,48.73,72.05,132.33,39.93,0.0,0.0,0.0,3.08,4.95,3.52,9.57,7.26,972.62,28.38
36.5674,122.43,194.15,281.38,66.55,50.16,73.48,137.17,39.93,0.0,0.0,0.0,3.08,6.6,2.31,8.25,5.83,965.25,26.07
36.5774,117.15,188.87,275.99,66.55,52.91,74.8,138.71,42.68,0.0,0.0,0.0,3.08,3.3,2.31,8.25,5.83,957.66,22.77
36.5874,110.22,181.83,263.56,67.98,51.48,74.8,142.01,44.11,0.0,0.0,0.0,3.08,3.3,3.52,6.82,2.86,935.99,19.58
36.5974,99.88,173.03,252.89,70.84,54.34,77.66,145.2,45.54,0.0,0.0,0.0,0.0,3.3,2.31,6.82,0.0,919.38,12.43
36.6074,91.19,166.1,240.35,72.27,52.91,79.09,148.39,46.86,0.0,0.0,0.0,0.0,0.0,2.31,6.82,4.4,897.16,13.53
36.6174,82.61,157.63,222.64,73.7,55.77,80.52,148.39,48.29,0.0,0.0,0.0,0.0,0.0,3.52,4.07,4.4,869.55,11.99
36.6274,72.27,145.97,208.01,76.56,55.77,83.38,153.23,48.29,0.0,0.0,0.0,0.0,0.0,0.0,4.07,4.4,843.48,8.47
36.6374,65.34,139.26,193.38,77.99,55.77,84.7,153.23,49.61,0.0,0.0,0.0,3.08,0.0,0.0,4.07,4.4,819.28,11.55
36.6474,60.17,129.14,175.01,82.28,58.63,88.99,156.42,51.04,0.0,0.0,0.0,3.08,0.0,2.31,2.75,2.86,801.68,11.0
36.6574,55.11,119.13,161.37,86.57,58.63,91.85,159.72,51.04,0.0,0.0,0.0,0.0,0.0,0.0,5.5,4.4,783.42,9.9
36.6674,49.94,109.12,148.28,89.43,61.6,94.6,161.26,53.79,0.0,0.0,0.0,0.0,0.0,0.0,4.07,2.86,768.02,6.93
36.6774,46.42,99.22,136.73,93.72,61.6,96.03,166.1,55.11,0.0,0.0,0.0,0.0,0.0,0.0,4.07,2.86,754.93,6.93
36.6874,43.01,87.78,123.64,95.15,66.0,96.03,172.59,59.4,0.0,0.0,0.0,0.0,0.0,0.0,4.07,2.86,743.6,6.93
36.6974,41.25,79.64,117.04,98.01,67.54,100.32,179.52,62.37,0.0,0.0,0.0,0.0,0.0,2.31,0.0,2.86,745.69,5.17
36.7074,39.6,73.04,106.04,99.44,70.4,100.32,188.32,68.31,0.0,0.0,0.0,0.0,0.0,2.31,0.0,2.86,745.47,5.17
36.7174,36.08,64.9,96.69,99.44,74.8,104.5,200.53,72.82,0.0,0.0,0.0,0.0,0.0,0.0,2.75,2.86,749.76,5.61
36.7274,34.43,55.11,88.88,100.87,77.77,107.36,207.57,78.76,0.0,0.0,0.0,0.0,0.0,0.0,0.0,2.86,750.75,2.86
36.7374,32.67,46.97,81.07,100.87,80.74,108.79,221.65,86.24,0.0,0.0,0.0,0.0,0.0,0.0,2.75,4.4,759.0,7.15
36.7474,30.91,38.83,70.18,103.73,86.57,110.22,233.53,95.15,0.0,0.0,0.0,0.0,0.0,0.0,2.75,0.0,769.12,2.75
36.7574,29.26,32.34,59.4,105.16,91.08,114.62,245.52,102.63,0.0,0.0,0.0,0.0,0.0,0.0,0.0,2.86,780.01,2.86
36.7674,27.5,25.85,46.86,103.73,95.48,116.16,264.22,114.73,0.0,0.0,0.0,0.0,0.0,0.0,0.0,2.86,794.53,2.86
36.7774,24.09,19.36,37.29,103.73,99.88,119.24,277.86,123.97,0.0,0.0,0.0,0.0,0.0,0.0,0.0,2.86,805.42,2.86
36.7874,22.33,14.52,24.86,98.01,104.28,117.7,296.12,136.29,0.0,0.0,0.0,0.0,0.0,0.0,0.0,0.0,814.11,0.0
36.7974,20.57,11.33,17.93,93.72,107.25,120.78,314.38,145.64,0.0,0.0,0.0,0.0,0.0,0.0,0.0,2.86,831.6,2.86
36.8074,17.16,11.33,13.75,89.43,110.22,123.86,329.34,154.88,0.0,0.0,0.0,0.0,0.0,0.0,0.0,0.0,849.97,0.0
36.8174,15.4,9.68,12.43,80.85,113.63,123.86,345.29,162.58,0.0,0.0,0.0,0.0,0.0,0.0,0.0,0.0,863.72,0.0
36.8274,8.58,8.03,11.0,73.7,113.63,125.4,361.57,175.56,0.0,0.0,0.0,0.0,0.0,0.0,0.0,0.0,877.47,0.0
36.8374,3.41,6.38,8.25,67.98,113.63,123.86,376.09,184.14,0.0,0.0,0.0,0.0,0.0,0.0,0.0,0.0,883.74,0.0
36.8474,0.0,6.38,5.5,57.97,111.87,126.94,394.24,198.0,0.0,0.0,0.0,0.0,0.0,0.0,0.0,0.0,900.9,0.0
36.8574,0.0,4.84,6.82,50.82,108.68,125.4,408.76,208.45,0.0,0.0,0.0,0.0,0.0,0.0,0.0,2.86,913.77,2.86
36.8674,0.0,4.84,5.5,43.67,104.28,126.94,425.04,218.79,0.0,0.0,0.0,0.0,0.0,0.0,0.0,0.0,929.06,0.0
36.8774,0.0,4.84,5.5,38.94,99.88,125.4,439.56,225.72,0.0,0.0,0.0,0.0,0.0,0.0,0.0,2.86,939.84,2.86
36.8874,0.0,4.84,4.07,33.11,92.51,125.4,450.34,236.06,0.0,0.0,0.0,0.0,0.0,0.0,0.0,2.86,946.33,2.86
36.8974,0.0,3.19,4.07,25.96,85.14,122.32,462.99,244.64,0.0,0.0,0.0,0.0,0.0,0.0,0.0,2.86,948.31,2.86
36.9074,0.0,4.84,5.5,21.23,76.34,120.78,477.4,248.05,2.42,0.0,0.0,0.0,0.0,0.0,0.0,0.0,954.14,2.42
36.9174,0.0,3.19,5.5,14.19,64.57,116.16,484.66,251.46,3.63,0.0,0.0,0.0,0.0,0.0,0.0,0.0,939.73,3.63
36.9274,0.0,4.84,5.5,7.04,52.91,110.22,490.05,253.22,6.16,0.0,0.0,0.0,0.0,0.0,0.0,0.0,923.78,6.16
36.9374,0.0,4.84,4.07,4.73,37.62,101.75,488.29,248.05,17.16,0.0,0.0,0.0,0.0,2.31,0.0,0.0,889.35,19.47
36.9474,0.0,4.84,5.5,3.52,29.26,90.42,472.01,236.06,34.43,0.0,0.0,3.08,0.0,2.31,0.0,0.0,841.61,39.82
36.9574,0.0,3.19,4.07,3.52,30.58,74.8,435.93,224.07,57.97,4.95,0.0,0.0,6.6,3.52,0.0,0.0,776.16,73.04
36.9674,0.0,4.84,4.07,3.52,30.58,56.43,368.83,210.21,94.05,126.61,28.6,4.73,8.25,3.52,4.07,2.86,678.48,272.69
36.9774,0.0,0.0,4.07,3.52,30.58,39.27,255.64,201.52,91.41,225.17,152.79,33.44,13.2,5.83,5.5,4.4,534.6,531.74
36.9874,0.0,4.84,4.07,0.0,25.08,27.5,132.33,191.07,91.41,276.43,246.73,99.0,46.31,12.98,13.75,14.63,384.89,801.24
36.9974,0.0,4.84,4.07,0.0,20.9,23.54,65.34,156.42,99.44,278.08,314.05,109.34,67.21,20.13,26.18,22.0,275.11,936.43
37.0074,0.0,4.84,4.07,0.0,16.72,20.9,46.31,102.63,107.47,276.43,345.29,112.42,74.91,26.07,42.68,24.86,195.47,1010.13
37.0174,0.0,4.84,4.07,0.0,13.86,15.73,33.22,72.82,102.08,271.04,338.25,110.88,81.18,32.01,56.54,23.43,144.54,1015.41
37.0274,0.0,3.19,2.75,0.0,8.36,10.45,21.67,45.54,94.05,265.76,324.28,117.15,82.72,36.74,65.34,27.83,91.96,1013.87
37.0374,0.0,3.19,0.0,0.0,5.5,7.81,15.84,22.0,88.77,265.76,310.53,123.42,81.18,40.26,72.82,29.26,54.34,1012.0
37.0474,0.0,3.19,2.75,0.0,2.75,3.85,10.12,8.25,86.02,271.04,293.37,126.61,82.72,43.89,74.36,30.8,30.91,1008.81
37.0574,0.0,3.19,2.75,0.0,2.75,3.85,10.12,4.07,86.02,278.08,279.73,136.07,81.18,44.99,75.79,30.8,26.73,1012.66
37.0674,0.0,3.19,0.0,0.0,0.0,2.53,10.12,2.75,82.06,281.38,266.53,137.61,81.18,44.99,74.36,29.26,18.59,997.37
37.0774,0.0,0.0,2.75,0.0,2.75,2.53,8.69,2.75,75.35,276.43,253.33,142.34,82.72,48.62,75.79,29.26,19.47,983.84
37.0874,0.0,3.19,2.75,0.0,0.0,3.85,5.72,2.75,67.32,269.28,238.48,145.53,84.26,50.93,81.84,30.8,18.26,968.44
37.0974,0.0,3.19,2.75,0.0,0.0,2.53,7.15,0.0,60.61,260.48,223.63,148.72,87.34,52.14,86.24,32.23,15.62,951.39
37.1074,0.0,0.0,2.75,0.0,0.0,2.53,5.72,0.0,53.02,246.29,212.19,150.26,90.42,55.77,90.75,33.66,11.0,932.36
37.1174,0.0,0.0,2.75,0.0,0.0,2.53,4.29,0.0,46.86,233.97,200.75,148.72,91.96,57.2,101.2,33.66,9.57,914.32
37.1274,0.0,3.19,0.0,0.0,0.0,2.53,4.29,0.0,43.12,214.94,187.66,145.53,98.23,58.74,108.68,35.2,10.01,892.1
37.1374,0.0,0.0,2.75,0.0,0.0,2.53,2.86,0.0,38.17,198.11,179.52,145.53,101.31,60.28,111.65,35.2,8.14,869.77
37.1474,0.0,0.0,2.75,0.0,0.0,2.53,4.29,0.0,34.43,184.58,169.73,142.34,104.39,60.28,120.89,35.2,9.57,851.84
37.1574,0.0,0.0,0.0,0.0,0.0,2.53,2.86,0.0,32.01,171.05,155.87,142.34,104.39,63.25,125.51,35.2,5.39,829.62
37.1674,0.0,0.0,0.0,0.0,0.0,0.0,2.86,0.0,29.59,157.85,143.66,137.61,109.01,64.79,131.56,33.66,2.86,807.73
37.1774,0.0,3.19,2.75,0.0,0.0,2.53,2.86,0.0,27.06,143.0,128.37,136.07,112.09,67.76,137.72,38.06,11.33,790.13
37.1874,0.0,0.0,0.0,0.0,0.0,0.0,2.86,0.0,25.85,129.91,116.05,134.42,112.09,70.84,145.42,39.6,2.86,774.18
37.1974,0.0,3.19,0.0,0.0,0.0,0.0,0.0,0.0,24.64,115.06,105.27,132.88,115.28,75.35,149.93,39.6,3.19,758.01
37.2074,0.0,0.0,2.75,0.0,0.0,0.0,0.0,0.0,22.11,100.98,95.92,131.34,118.47,76.78,160.71,38.06,2.75,744.37
37.2174,0.0,0.0,0.0,0.0,0.0,0.0,0.0,0.0,20.9,91.74,88.22,129.69,120.12,79.86,171.71,41.03,0.0,743.27
37.2274,0.0,0.0,2.75,0.0,0.0,0.0,0.0,0.0,19.69,80.96,80.41,128.15,126.61,85.91,179.85,39.6,2.75,741.18
37.2374,0.0,0.0,2.75,0.0,0.0,0.0,0.0,0.0,18.48,70.18,72.71,128.15,129.8,90.42,196.02,44.0,2.75,749.76
37.2474,0.0,0.0,2.75,0.0,0.0,0.0,0.0,0.0,17.16,60.94,61.82,124.96,136.29,91.96,209.0,48.4,2.75,750.53
37.2574,0.0,0.0,0.0,0.0,0.0,0.0,0.0,0.0,15.95,46.2,54.34,126.61,142.78,96.47,221.98,46.86,0.0,751.19
37.2674,0.0,0.0,2.75,0.0,0.0,0.0,0.0,0.0,14.74,41.25,45.76,123.42,149.27,100.98,237.16,52.8,2.75,765.38
37.2774,0.0,0.0,0.0,0.0,0.0,0.0,0.0,0.0,14.74,31.35,35.75,123.42,155.76,103.95,252.67,57.2,0.0,774.84
37.2874,0.0,0.0,0.0,0.0,0.0,0.0,0.0,0.0,13.53,24.75,25.74,121.88,158.95,105.49,271.59,61.82,0.0,783.75
37.2974,0.0,0.0,0.0,0.0,0.0,0.0,0.0,0.0,13.53,19.8,15.73,115.5,165.44,105.49,283.58,71.06,0.0,790.13
37.3074,0.0,0.0,2.75,0.0,0.0,0.0,0.0,0.0,9.79,13.2,10.01,109.34,168.74,107.03,298.87,74.14,2.75,791.12
37.3174,0.0,0.0,0.0,0.0,0.0,0.0,0.0,0.0,6.16,11.55,10.01,99.0,170.39,108.46,312.51,80.19,0.0,798.27
37.3274,0.0,0.0,2.75,0.0,0.0,0.0,0.0,0.0,6.16,11.55,8.58,92.95,170.39,108.46,324.39,89.43,2.75,811.91
37.3374,0.0,0.0,0.0,0.0,0.0,0.0,0.0,0.0,4.84,8.25,7.15,85.58,168.74,110.0,341.44,97.02,0.0,823.02
37.3474,0.0,3.19,0.0,0.0,0.0,0.0,0.0,0.0,2.42,4.95,4.29,79.53,172.15,110.0,353.43,103.18,3.19,829.95
37.3574,0.0,0.0,0.0,0.0,0.0,0.0,0.0,0.0,2.42,4.95,5.72,72.16,170.39,111.54,370.48,112.42,0.0,850.08
37.3674,0.0,0.0,2.75,0.0,0.0,0.0,0.0,0.0,0.0,4.95,4.29,63.14,168.74,111.54,385.77,117.15,2.75,855.58
37.3774,0.0,0.0,2.75,0.0,0.0,0.0,0.0,0.0,0.0,3.3,4.29,55.77,168.74,111.54,401.61,128.37,2.75,873.62
37.3874,0.0,0.0,0.0,0.0,0.0,0.0,0.0,0.0,0.0,4.95,4.29,44.55,163.9,111.54,415.91,134.75,0.0,879.89
37.3974,0.0,0.0,0.0,0.0,0.0,0.0,0.0,0.0,0.0,3.3,4.29,36.63,160.6,108.46,432.08,137.94,0.0,883.3
37.4074,3.41,0.0,0.0,0.0,0.0,0.0,0.0,0.0,0.0,4.95,2.86,28.6,157.41,107.03,440.99,145.97,3.41,887.81
37.4174,5.06,0.0,0.0,0.0,0.0,0.0,0.0,0.0,0.0,0.0,4.29,20.68,149.27,100.98,453.64,149.16,5.06,878.02
37.4274,11.99,0.0,0.0,0.0,0.0,0.0,0.0,0.0,0.0,3.3,2.86,11.11,144.43,96.47,462.77,149.16,11.99,870.1
37.4374,37.84,0.0,0.0,2.31,0.0,0.0,0.0,0.0,0.0,3.3,2.86,11.11,133.1,88.88,462.77,147.51,40.15,849.53
37.4474,65.34,0.0,0.0,2.31,4.18,0.0,0.0,0.0,0.0,0.0,2.86,9.46,123.31,81.4,460.9,149.16,71.83,827.09
37.4574,94.71,0.0,0.0,4.73,2.75,2.53,0.0,0.0,0.0,0.0,0.0,9.46,109.01,70.84,450.01,142.78,104.72,782.1
37.4674,124.19,4.84,40.04,4.73,4.18,3.85,0.0,0.0,0.0,0.0,2.86,11.11,88.88,58.74,432.08,139.48,181.83,733.15
37.4774,138.16,97.68,136.73,7.04,5.5,5.17,2.86,2.75,0.0,0.0,2.86,12.65,68.75,49.83,398.09,133.1,395.89,665.28
37.4874,129.36,161.04,208.01,44.88,12.54,9.13,7.15,6.82,0.0,0.0,2.86,12.65,56.21,42.68,339.79,131.56,578.93,585.75
37.4974,129.36,180.07,254.65,65.12,27.83,19.58,17.38,16.5,0.0,3.3,2.86,12.65,51.26,35.53,228.58,134.75,710.49,468.93
37.5074,132.88,174.79,279.51,69.41,38.94,31.46,47.74,22.0,0.0,0.0,0.0,12.65,41.36,28.38,125.51,134.75,796.73,342.65
37.5174,131.12,173.03,286.99,70.84,41.8,43.23,74.25,22.0,0.0,0.0,0.0,11.11,31.46,24.86,63.91,110.88,843.26,242.22
37.5274,131.12,171.27,294.47,69.41,47.3,53.79,95.15,26.18,0.0,3.3,0.0,7.92,26.4,20.13,38.61,75.57,888.69,171.93
37.5374,132.88,174.79,298.21,70.84,50.16,59.29,110.0,27.5,0.0,3.3,0.0,6.27,21.45,14.19,30.36,58.74,923.67,134.31
37.5474,134.64,178.31,300.08,70.84,52.91,62.15,119.46,30.36,0.0,0.0,0.0,4.73,16.5,10.67,23.43,45.43,948.75,100.76
37.5574,136.4,180.07,301.95,72.27,52.91,62.15,124.3,31.68,0.0,0.0,0.0,4.73,9.9,9.46,17.93,29.26,961.73,71.28
37.5674,136.4,181.83,300.08,72.27,52.91,63.58,125.84,34.43,0.0,0.0,0.0,0.0,6.6,7.04,13.75,14.63,967.34,42.02
37.5774,138.16,185.35,296.34,75.13,54.34,66.33,124.3,33.11,0.0,0.0,0.0,4.73,3.3,5.83,11.0,7.26,973.06,32.12
37.5874,134.64,187.11,290.73,75.13,54.34,66.33,125.84,31.68,0.0,0.0,0.0,4.73,6.6,4.73,6.82,4.4,965.8,27.28
37.5974,131.12,183.59,283.25,76.56,54.34,66.33,125.84,31.68,0.0,0.0,0.0,0.0,4.95,3.52,9.57,5.83,952.71,23.87
37.6074,124.19,178.31,272.47,77.99,54.34,66.33,125.84,33.11,0.0,0.0,0.0,3.08,4.95,4.73,5.5,4.4,932.58,22.66
37.6174,115.39,173.03,263.56,77.99,54.34,69.19,125.84,33.11,0.0,0.0,0.0,0.0,3.3,3.52,5.5,4.4,912.45,16.72
37.6274,108.46,166.1,249.26,80.85,55.77,67.76,125.84,33.11,0.0,0.0,0.0,0.0,3.3,2.31,6.82,4.4,887.15,16.83
37.6374,98.12,159.39,238.59,83.71,55.77,69.19,129.14,33.11,0.0,0.0,0.0,3.08,3.3,2.31,6.82,2.86,867.02,18.37
37.6474,89.54,152.68,220.77,85.14,55.77,72.05,129.14,33.11,0.0,0.0,0.0,3.08,3.3,2.31,4.07,4.4,838.2,17.16
37.6574,82.61,144.21,208.01,88.0,54.34,74.8,132.33,31.68,0.0,0.0,0.0,3.08,0.0,2.31,5.5,2.86,815.98,13.75
37.6674,74.03,135.85,191.51,90.86,57.2,77.66,132.33,33.11,0.0,0.0,0.0,0.0,0.0,2.31,5.5,2.86,792.55,10.67
37.6774,67.1,127.49,176.88,95.15,58.63,79.09,137.17,34.43,0.0,0.0,0.0,0.0,3.3,0.0,4.07,2.86,775.94,10.23
37.6874,61.93,117.37,161.37,100.87,60.17,81.95,140.36,38.61,0.0,0.0,0.0,0.0,0.0,3.52,5.5,0.0,762.63,9.02
37.6974,58.52,109.12,151.47,103.73,61.6,84.7,145.2,39.93,0.0,0.0,0.0,0.0,0.0,0.0,0.0,0.0,754.27,0.0
37.7074,55.11,102.52,141.68,106.59,61.6,88.99,150.04,41.36,0.0,0.0,0.0,0.0,0.0,0.0,4.07,0.0,747.89,4.07
37.7174,53.35,96.03,136.73,109.45,63.03,90.42,153.23,44.11,0.0,0.0,0.0,0.0,0.0,0.0,4.07,2.86,746.35,6.93
37.7274,49.94,89.43,130.24,113.96,67.54,91.85,161.26,48.29,0.0,0.0,0.0,0.0,0.0,0.0,4.07,2.86,752.51,6.93
37.7374,48.18,82.94,123.64,115.5,70.4,97.46,167.75,51.04,0.0,0.0,0.0,0.0,0.0,0.0,4.07,0.0,756.91,4.07
37.7474,46.42,77.99,117.04,118.58,74.8,97.46,177.76,53.79,0.0,0.0,0.0,0.0,0.0,0.0,0.0,2.86,763.84,2.86
37.7574,44.77,71.39,113.85,120.12,77.77,100.32,186.56,57.97,0.0,0.0,0.0,0.0,0.0,0.0,2.75,2.86,772.75,5.61
37.7674,43.01,66.55,107.58,121.66,80.74,104.5,195.36,65.34,0.0,0.0,0.0,0.0,0.0,0.0,2.75,0.0,784.74,2.75
37.7774,39.6,59.95,102.85,123.2,83.71,107.36,209.33,69.85,0.0,0.0,0.0,0.0,0.0,0.0,0.0,0.0,795.85,0.0
37.7874,39.6,53.46,96.69,123.2,89.54,108.79,219.89,75.79,0.0,0.0,0.0,0.0,0.0,0.0,0.0,0.0,806.96,0.0
37.7974,37.84,46.97,88.88,126.28,93.94,113.08,228.47,83.27,0.0,0.0,0.0,0.0,0.0,0.0,0.0,2.86,818.73,2.86
37.8074,34.43,40.48,79.53,127.82,98.34,114.62,242.11,87.78,0.0,0.0,0.0,0.0,0.0,0.0,2.75,0.0,825.11,2.75
37.8174,32.67,33.99,68.64,129.36,102.85,119.24,255.64,98.12,0.0,0.0,0.0,0.0,0.0,0.0,0.0,0.0,840.51,0.0
37.8274,30.91,27.5,55.22,129.36,105.71,122.32,267.63,105.6,0.0,0.0,0.0,0.0,0.0,0.0,2.75,4.4,844.25,7.15
37.8374,29.26,19.36,42.79,129.36,108.68,125.4,281.16,114.73,0.0,0.0,0.0,0.0,0.0,0.0,0.0,2.86,850.74,2.86
37.8474,25.74,16.17,28.93,126.28,113.63,126.94,294.47,122.43,0.0,0.0,0.0,0.0,0.0,2.31,0.0,2.86,854.59,5.17
37.8573,24.09,12.87,19.25,121.66,117.04,128.48,307.78,131.67,0.0,0.0,0.0,0.0,0.0,0.0,0.0,2.86,862.84,2.86
37.8673,20.57,11.33,15.18,118.58,120.45,131.45,321.09,144.1,0.0,0.0,0.0,0.0,0.0,0.0,0.0,2.86,882.75,2.86
37.8773,15.4,9.68,13.75,112.42,120.45,132.99,336.16,151.8,0.0,0.0,0.0,0.0,0.0,0.0,0.0,0.0,892.65,0.0
37.8873,13.75,8.03,11.0,106.59,120.45,134.53,352.55,162.58,0.0,0.0,0.0,0.0,0.0,2.31,0.0,0.0,909.48,2.31
37.8973,6.82,4.84,9.57,95.15,122.1,134.53,370.7,173.8,0.0,0.0,0.0,0.0,0.0,0.0,0.0,0.0,917.51,0.0
37.9073,0.0,4.84,6.82,85.14,118.69,136.07,386.98,185.9,0.0,0.0,0.0,0.0,0.0,0.0,0.0,0.0,924.44,0.0
37.9173,0.0,4.84,5.5,70.84,118.69,136.07,401.5,194.59,2.42,0.0,0.0,0.0,0.0,0.0,0.0,0.0,932.03,2.42
37.9273,0.0,4.84,6.82,60.83,110.22,134.53,412.39,206.69,2.42,0.0,0.0,0.0,0.0,0.0,0.0,0.0,936.32,2.42
37.9373,0.0,3.19,5.5,50.82,105.71,136.07,425.04,215.38,3.63,0.0,0.0,0.0,0.0,0.0,0.0,0.0,941.71,3.63
37.9473,0.0,3.19,5.5,42.57,98.34,134.53,435.93,220.55,4.84,0.0,0.0,0.0,0.0,0.0,0.0,0.0,940.61,4.84
37.9573,0.0,4.84,4.07,33.11,89.54,131.45,446.71,229.13,8.58,0.0,0.0,0.0,0.0,0.0,0.0,0.0,938.85,8.58
37.9673,0.0,4.84,5.5,24.75,77.77,125.4,455.73,232.65,20.9,0.0,0.0,0.0,0.0,0.0,0.0,0.0,926.64,20.9
37.9773,0.0,3.19,4.07,15.29,68.97,119.24,462.99,236.06,34.43,0.0,0.0,3.08,0.0,0.0,0.0,0.0,909.81,37.51
37.9873,0.0,4.84,4.07,8.25,54.34,108.79,466.62,237.71,48.07,0.0,0.0,3.08,3.3,2.31,2.75,0.0,884.62,59.51
37.9973,0.0,4.84,5.5,5.83,40.37,96.03,464.75,230.89,67.32,41.25,2.86,4.73,4.95,3.52,2.75,0.0,848.21,127.38
38.0073,0.0,3.19,5.5,4.73,29.26,81.95,452.21,224.07,71.28,149.6,86.68,9.46,11.55,5.83,5.5,4.4,800.91,344.3
38.0173,0.0,3.19,5.5,3.52,27.83,64.9,421.41,211.86,64.57,199.76,155.87,73.59,36.41,10.67,8.25,8.8,738.21,557.92
38.0273,0.0,3.19,5.5,3.52,29.26,48.51,359.81,198.0,67.32,216.59,207.24,99.0,51.26,12.98,12.32,14.63,647.79,681.34
38.0373,0.0,3.19,4.07,3.52,27.83,35.42,252.23,189.42,72.6,216.59,231.88,100.43,64.13,17.71,23.43,16.06,515.68,742.83
38.0473,0.0,4.84,4.07,3.52,25.08,26.18,137.17,173.8,71.28,209.88,236.83,101.97,70.29,23.65,34.43,19.03,374.66,767.36
38.0573,0.0,4.84,4.07,0.0,20.9,23.54,66.77,148.72,68.64,209.88,235.18,104.94,73.37,28.38,44.11,24.86,268.84,789.36
38.0673,0.0,3.19,2.75,0.0,16.72,20.9,46.31,102.63,67.32,213.29,235.18,110.88,73.37,34.32,55.11,26.4,192.5,815.87
38.0773,0.0,4.84,2.75,0.0,12.54,15.73,34.76,69.85,67.32,220.0,231.88,117.15,74.91,37.95,60.94,26.4,140.47,836.55
38.0873,0.0,3.19,2.75,0.0,9.68,13.09,24.53,42.68,68.64,228.69,231.88,118.69,76.45,41.47,66.88,27.83,95.92,860.53
38.0973,0.0,3.19,0.0,0.0,6.93,7.81,17.38,19.25,68.64,232.21,226.93,126.61,79.64,43.89,69.85,29.26,54.56,877.03
38.1073,0.0,0.0,0.0,0.0,4.18,6.49,12.98,11.0,69.96,239.25,223.63,129.69,81.18,46.2,71.39,27.83,34.65,889.13
38.1173,0.0,3.19,2.75,0.0,4.18,3.85,10.12,4.07,67.32,239.25,217.03,139.15,81.18,49.83,74.36,27.83,28.16,895.95
38.1273,0.0,3.19,0.0,0.0,0.0,2.53,8.69,4.07,64.57,239.25,208.89,145.53,84.26,52.14,78.76,29.26,18.48,902.66
38.1373,0.0,3.19,2.75,0.0,2.75,3.85,7.15,2.75,61.93,239.25,205.59,151.8,85.8,54.56,83.27,32.23,22.44,914.43
38.1473,0.0,3.19,0.0,0.0,2.75,0.0,5.72,0.0,57.97,235.73,195.8,156.53,88.88,57.2,89.21,32.23,11.66,913.55
38.1573,0.0,0.0,0.0,0.0,2.75,0.0,7.15,2.75,51.7,228.69,182.82,164.45,88.88,61.71,93.72,32.23,12.65,904.2
38.1673,0.0,0.0,2.75,0.0,0.0,2.53,5.72,2.75,46.86,218.35,171.38,169.51,91.96,64.79,98.23,35.2,13.75,896.28
38.1773,0.0,0.0,0.0,0.0,2.75,2.53,4.29,0.0,41.91,208.23,157.41,172.92,96.69,67.76,101.2,35.2,9.57,881.32
38.1873,0.0,0.0,0.0,0.0,0.0,2.53,5.72,2.75,38.17,193.05,142.12,178.09,98.23,72.27,102.74,36.63,11.0,861.3
38.1973,0.0,0.0,0.0,0.0,0.0,0.0,2.86,0.0,34.43,179.52,126.83,181.61,101.31,73.81,107.14,35.2,2.86,839.85
38.2073,0.0,0.0,2.75,0.0,0.0,0.0,2.86,0.0,32.01,166.1,113.08,183.37,104.39,76.78,110.22,38.06,5.61,824.01
38.2173,0.0,0.0,2.75,0.0,0.0,0.0,4.29,0.0,30.8,154.55,99.0,190.19,104.39,78.32,113.19,36.63,7.04,807.07
38.2273,0.0,0.0,0.0,0.0,0.0,2.53,2.86,0.0,28.27,141.35,86.68,193.71,109.01,82.83,116.27,36.63,5.39,794.75
38.2373,0.0,0.0,2.75,0.0,0.0,0.0,2.86,0.0,25.85,126.61,75.79,197.12,112.09,85.91,122.43,38.06,5.61,783.86
38.2473,0.0,0.0,0.0,0.0,0.0,0.0,0.0,0.0,24.64,115.06,64.9,200.64,115.28,88.88,128.59,36.63,0.0,774.62
38.2573,0.0,0.0,2.75,0.0,0.0,0.0,0.0,0.0,23.43,105.6,57.2,200.64,120.12,93.39,134.64,38.06,2.75,773.08
38.2673,0.0,0.0,0.0,0.0,0.0,0.0,0.0,0.0,22.11,93.28,48.62,204.05,123.31,94.93,142.34,42.46,0.0,771.1
38.2773,0.0,0.0,2.75,0.0,0.0,0.0,0.0,0.0,19.69,79.42,41.47,204.05,126.61,100.98,149.93,42.46,2.75,764.61
38.2873,0.0,0.0,2.75,0.0,0.0,0.0,0.0,0.0,19.69,70.18,34.32,198.88,131.45,103.95,159.17,44.0,2.75,761.64
38.2973,0.0,0.0,0.0,0.0,0.0,0.0,0.0,0.0,18.48,57.75,28.6,195.47,134.64,105.49,170.17,45.43,0.0,756.03
38.3073,0.0,0.0,2.75,0.0,0.0,0.0,0.0,0.0,18.48,49.5,22.88,190.19,137.94,107.03,181.5,44.0,2.75,751.52
38.3173,0.0,0.0,0.0,0.0,0.0,0.0,0.0,0.0,18.48,39.6,17.16,183.37,142.78,110.0,194.48,46.86,0.0,752.73
38.3273,0.0,0.0,0.0,0.0,0.0,0.0,0.0,0.0,17.16,31.35,12.87,176.44,145.97,110.0,207.46,49.83,0.0,751.08
38.3373,0.0,0.0,2.75,0.0,0.0,0.0,0.0,0.0,17.16,21.45,11.44,171.27,147.62,113.08,218.79,51.26,2.75,752.07
38.3473,0.0,0.0,0.0,0.0,0.0,0.0,0.0,0.0,13.53,16.5,8.58,161.26,149.27,111.54,233.75,55.77,0.0,750.2
38.3573,0.0,0.0,0.0,0.0,0.0,0.0,0.0,0.0,9.79,14.85,8.58,148.72,154.11,113.08,245.74,60.28,0.0,755.15
38.3673,0.0,0.0,0.0,0.0,0.0,0.0,0.0,0.0,7.37,11.55,7.15,136.07,157.41,111.54,263.01,66.44,0.0,760.54
38.3773,0.0,0.0,0.0,0.0,0.0,0.0,0.0,0.0,6.16,13.2,5.72,120.23,158.95,111.54,281.82,74.14,0.0,771.76
38.3873,0.0,0.0,0.0,0.0,0.0,0.0,0.0,0.0,4.84,8.25,5.72,112.42,162.25,110.0,297.22,80.19,0.0,780.89
38.3973,0.0,0.0,2.75,0.0,0.0,0.0,0.0,0.0,4.84,9.9,5.72,103.4,165.44,110.0,309.1,87.89,2.75,796.29
38.4073,0.0,0.0,2.75,0.0,0.0,0.0,0.0,0.0,3.63,8.25,4.29,97.46,165.44,114.73,322.74,92.51,2.75,809.05
38.4173,0.0,0.0,2.75,0.0,0.0,0.0,0.0,0.0,2.42,4.95,4.29,89.98,167.09,114.73,341.44,101.64,2.75,826.54
38.4273,0.0,0.0,2.75,0.0,0.0,0.0,0.0,0.0,2.42,4.95,4.29,84.04,168.74,116.49,353.43,110.88,2.75,845.24
38.4373,0.0,0.0,0.0,0.0,0.0,0.0,0.0,0.0,2.42,4.95,2.86,76.56,168.74,116.49,367.07,118.8,0.0,857.89
38.4473,0.0,0.0,0.0,0.0,0.0,0.0,0.0,0.0,0.0,0.0,0.0,67.65,172.15,120.01,384.12,123.53,0.0,867.46
38.4573,0.0,0.0,0.0,0.0,0.0,0.0,0.0,0.0,0.0,4.95,0.0,61.71,168.74,120.01,394.46,129.91,0.0,879.78
38.4673,0.0,0.0,0.0,0.0,0.0,0.0,0.0,0.0,0.0,0.0,2.86,54.12,167.09,120.01,412.39,141.13,0.0,897.6
38.4773,3.41,0.0,0.0,0.0,0.0,0.0,0.0,0.0,0.0,0.0,2.86,44.55,165.44,118.25,424.93,145.97,3.41,902.0
38.4873,5.06,0.0,0.0,0.0,0.0,0.0,0.0,0.0,0.0,3.3,0.0,36.63,162.25,114.73,433.84,150.7,5.06,901.45
38.4973,13.75,0.0,0.0,0.0,0.0,0.0,0.0,0.0,0.0,3.3,0.0,28.6,155.76,111.54,440.99,152.35,13.75,892.54
38.5073,32.67,0.0,0.0,0.0,4.18,0.0,0.0,0.0,0.0,0.0,0.0,20.68,149.27,107.03,440.99,152.35,36.85,870.32
38.5173,61.93,0.0,0.0,2.31,4.18,0.0,0.0,0.0,0.0,0.0,0.0,14.3,139.59,102.52,440.99,149.16,68.42,846.56
38.5273,89.54,0.0,0.0,4.73,4.18,2.53,0.0,0.0,0.0,0.0,2.86,12.65,126.61,94.93,432.08,145.97,100.98,815.1
38.5373,118.91,0.0,0.0,4.73,5.5,5.17,0.0,0.0,0.0,3.3,0.0,9.46,110.55,84.37,415.91,137.94,134.31,761.53
38.5473,155.54,64.9,95.15,5.83,5.5,5.17,2.86,2.75,0.0,3.3,2.86,11.11,90.42,73.81,390.94,134.75,337.7,707.19
38.5573,148.61,144.21,158.07,8.25,6.93,6.49,0.0,2.75,0.0,0.0,0.0,12.65,67.21,58.74,360.25,128.37,475.31,627.22
38.5673,136.4,185.35,211.64,46.09,6.93,7.81,5.72,5.5,0.0,0.0,2.86,11.11,54.56,48.62,290.4,133.1,605.44,540.65
38.5773,131.12,194.15,240.35,65.12,22.22,13.09,8.69,11.0,0.0,0.0,2.86,14.3,46.31,37.95,173.36,141.13,685.74,415.91
38.5873,129.36,190.63,259.93,72.27,32.01,27.5,31.79,19.25,0.0,3.3,0.0,12.65,36.41,27.28,98.23,129.91,762.74,307.78
38.5973,129.36,192.39,267.08,75.13,36.19,40.59,52.14,22.0,0.0,3.3,0.0,11.11,29.81,23.65,48.29,97.02,814.88,213.18
38.6073,129.36,194.15,279.51,77.99,41.8,48.51,72.71,24.75,0.0,3.3,0.0,6.27,26.4,18.92,34.43,63.36,868.78,152.68
38.6173,132.88,194.15,283.25,79.42,44.55,53.79,86.13,26.18,0.0,3.3,0.0,7.92,18.15,15.4,27.5,49.83,900.35,122.1
38.6273,134.64,199.43,286.99,77.99,47.3,56.43,96.58,28.93,0.0,3.3,0.0,3.08,13.2,11.77,20.68,39.6,928.29,91.63
38.6373,134.64,199.43,290.73,79.42,50.16,59.29,102.63,27.5,0.0,0.0,0.0,4.73,8.25,9.46,16.5,24.86,943.8,63.8
38.6473,136.4,202.95,288.86,79.42,48.73,60.72,108.57,30.36,0.0,0.0,0.0,3.08,8.25,5.83,11.0,10.23,956.01,38.39
38.6573,136.4,202.95,286.99,82.28,51.48,62.15,110.0,28.93,0.0,0.0,0.0,3.08,6.6,4.73,9.57,5.83,961.18,29.81
38.6673,134.64,202.95,285.12,80.85,51.48,62.15,116.27,30.36,0.0,0.0,0.0,3.08,4.95,4.73,8.25,4.4,963.82,25.41
38.6773,132.88,201.19,281.38,82.28,54.34,66.33,117.81,28.93,0.0,0.0,0.0,4.73,4.95,4.73,5.5,5.83,965.14,25.74
38.6873,127.6,197.67,275.99,83.71,54.34,67.76,121.11,30.36,0.0,0.0,0.0,0.0,0.0,3.52,6.82,5.83,958.54,16.17
38.6973,122.43,192.39,265.32,85.14,55.77,69.19,121.11,30.36,0.0,0.0,0.0,0.0,3.3,3.52,5.5,4.4,941.71,16.72
38.7073,113.63,185.35,254.65,86.57,54.34,69.19,122.65,30.36,0.0,0.0,0.0,0.0,3.3,3.52,4.07,0.0,916.74,10.89
38.7173,105.05,178.31,242.11,88.0,54.34,70.62,121.11,31.68,0.0,0.0,0.0,3.08,3.3,2.31,6.82,4.4,891.22,19.91
38.7273,94.71,169.51,229.68,89.43,55.77,72.05,124.3,30.36,0.0,0.0,0.0,0.0,3.3,0.0,5.5,4.4,865.81,13.2
38.7373,84.37,161.04,215.27,93.72,55.77,73.48,124.3,31.68,0.0,0.0,0.0,0.0,0.0,0.0,2.75,2.86,839.63,5.61
38.7473,77.44,154.33,200.64,96.58,55.77,74.8,127.49,31.68,0.0,0.0,0.0,0.0,0.0,2.31,2.75,0.0,818.73,5.06
38.7573,70.51,147.62,186.01,102.3,55.77,79.09,129.14,33.11,0.0,0.0,0.0,0.0,0.0,0.0,4.07,0.0,803.55,4.07
38.7673,63.69,139.26,175.01,105.16,57.2,81.95,130.68,34.43,0.0,0.0,0.0,0.0,0.0,0.0,4.07,4.4,787.38,8.47
38.7773,58.52,132.55,163.02,108.02,60.17,83.38,137.17,35.86,0.0,0.0,0.0,0.0,0.0,0.0,4.07,0.0,778.69,4.07
38.7873,55.11,124.08,153.12,112.42,58.63,87.56,140.36,37.18,0.0,0.0,0.0,0.0,0.0,0.0,4.07,2.86,768.46,6.93
38.7973,51.59,115.72,146.63,115.5,63.03,90.42,145.2,41.36,0.0,0.0,0.0,0.0,0.0,0.0,2.75,0.0,769.45,2.75
38.8073,48.18,107.47,138.38,120.12,64.57,90.42,153.23,44.11,0.0,0.0,0.0,0.0,0.0,0.0,2.75,2.86,766.48,5.61
38.8173,46.42,100.87,131.89,123.2,67.54,93.17,159.72,46.86,0.0,0.0,0.0,0.0,0.0,0.0,4.07,2.86,769.67,6.93
38.8273,44.77,92.73,123.64,126.28,70.4,97.46,167.75,49.61,0.0,0.0,0.0,0.0,0.0,0.0,0.0,2.86,772.64,2.86
38.8373,41.25,86.13,115.39,129.36,74.8,100.32,176.0,53.79,0.0,0.0,0.0,0.0,0.0,2.31,0.0,2.86,777.04,5.17
38.8473,39.6,77.99,109.12,132.55,79.31,103.07,184.8,59.4,0.0,0.0,0.0,0.0,0.0,0.0,2.75,2.86,785.84,5.61
38.8573,36.08,68.2,102.85,134.09,82.17,107.36,197.12,62.37,0.0,0.0,0.0,0.0,0.0,2.31,0.0,2.86,790.24,5.17
38.8673,36.08,61.6,95.15,137.17,86.57,107.36,209.33,69.85,0.0,0.0,0.0,0.0,0.0,0.0,0.0,2.86,803.11,2.86
38.8773,34.43,53.46,84.26,138.71,91.08,111.65,219.89,75.79,0.0,0.0,0.0,0.0,0.0,0.0,2.75,0.0,809.27,2.75
38.8873,32.67,45.32,76.45,140.25,93.94,113.08,230.12,83.27,0.0,0.0,0.0,0.0,0.0,0.0,2.75,2.86,815.1,5.61
38.8973,29.26,38.83,65.56,143.33,98.34,117.7,242.11,89.21,0.0,0.0,0.0,0.0,0.0,0.0,0.0,0.0,824.34,0.0
38.9073,27.5,32.34,55.22,143.33,102.85,120.78,255.64,98.12,0.0,0.0,0.0,0.0,0.0,0.0,0.0,0.0,835.78,0.0
38.9173,27.5,25.85,44.11,141.79,107.25,123.86,265.87,107.14,0.0,0.0,0.0,0.0,0.0,0.0,2.75,2.86,843.37,5.61
38.9273,25.74,21.01,34.43,140.25,108.68,125.4,279.51,113.19,0.0,0.0,0.0,0.0,0.0,0.0,0.0,0.0,848.21,0.0
38.9373,24.09,16.17,24.86,137.17,113.63,126.94,296.12,125.51,0.0,0.0,0.0,0.0,0.0,0.0,0.0,2.86,864.49,2.86
38.9473,22.33,12.87,19.25,134.09,117.04,130.02,307.78,131.67,0.0,0.0,0.0,0.0,0.0,0.0,0.0,0.0,875.05,0.0
38.9573,17.16,11.33,13.75,129.36,118.69,130.02,321.09,142.56,0.0,0.0,0.0,0.0,0.0,0.0,0.0,0.0,883.96,0.0
38.9673,13.75,9.68,11.0,123.2,118.69,131.45,330.99,150.26,0.0,0.0,0.0,0.0,0.0,0.0,0.0,2.86,889.02,2.86
38.9773,10.23,8.03,11.0,113.96,118.69,131.45,347.05,159.5,0.0,0.0,0.0,0.0,0.0,0.0,0.0,0.0,899.91,0.0
38.9873,5.06,6.38,8.25,106.59,117.04,134.53,365.2,173.8,0.0,0.0,0.0,0.0,0.0,0.0,0.0,0.0,916.85,0.0
38.9973,0.0,4.84,6.82,93.72,111.87,134.53,381.59,184.14,0.0,0.0,0.0,0.0,0.0,0.0,0.0,0.0,917.51,0.0
39.0073,0.0,4.84,5.5,82.28,110.22,137.61,392.37,198.0,0.0,0.0,0.0,0.0,0.0,0.0,0.0,0.0,930.82,0.0
39.0173,0.0,4.84,6.82,70.84,105.71,136.07,408.76,208.45,0.0,0.0,0.0,0.0,0.0,0.0,0.0,0.0,941.49,0.0
39.0273,0.0,3.19,6.82,59.4,99.88,136.07,421.41,215.38,0.0,0.0,0.0,0.0,0.0,0.0,0.0,0.0,942.15,0.0
39.0373,0.0,3.19,5.5,50.82,91.08,136.07,428.67,224.07,2.42,0.0,0.0,3.08,0.0,0.0,0.0,0.0,939.4,5.5
39.0473,0.0,4.84,5.5,40.15,83.71,132.99,444.95,234.3,4.84,0.0,0.0,0.0,0.0,0.0,0.0,0.0,946.44,4.84
39.0573,0.0,4.84,5.5,29.48,74.8,130.02,459.36,239.47,7.37,0.0,0.0,3.08,0.0,0.0,0.0,0.0,943.47,10.45
39.0673,0.0,3.19,4.07,17.71,63.03,123.86,470.25,241.23,17.16,0.0,0.0,3.08,0.0,0.0,0.0,0.0,923.34,20.24
39.0773,0.0,0.0,5.5,10.56,51.48,116.16,475.64,242.88,33.22,0.0,0.0,0.0,0.0,2.31,0.0,0.0,902.22,35.53
39.0873,0.0,3.19,5.5,7.04,38.94,101.75,472.01,239.47,48.07,0.0,0.0,0.0,4.95,3.52,0.0,0.0,867.9,56.54
39.0973,0.0,4.84,5.5,7.04,29.26,87.56,453.97,227.48,68.64,6.6,0.0,3.08,4.95,4.73,0.0,0.0,815.65,88.0
39.1073,0.0,4.84,2.75,4.73,30.58,73.48,425.04,217.14,96.8,118.36,14.3,4.73,8.25,3.52,2.75,0.0,758.56,248.71
39.1173,0.0,4.84,4.07,4.73,29.26,55.11,367.07,204.93,99.44,213.29,91.3,7.92,9.9,4.73,4.07,0.0,670.01,430.65
39.1273,0.0,4.84,4.07,4.73,30.58,39.27,262.46,198.0,86.02,262.24,158.95,34.98,14.85,7.04,6.82,4.4,543.95,575.3
39.1373,0.0,4.84,4.07,3.52,26.4,28.82,148.39,192.83,83.38,279.73,208.89,75.13,23.1,11.77,11.0,7.26,408.87,700.26
39.1473,0.0,3.19,4.07,2.31,22.22,24.86,75.79,170.39,83.38,283.14,241.78,91.52,38.06,14.19,12.32,13.2,302.83,777.59
39.1573,0.0,4.84,4.07,0.0,18.04,23.54,50.6,116.27,82.06,281.38,256.63,100.43,52.91,14.19,12.32,13.2,217.36,813.12
39.1673,0.0,4.84,0.0,0.0,13.86,18.26,37.62,83.27,79.31,276.43,259.93,107.91,61.05,17.71,17.93,19.03,157.85,839.3
39.1773,0.0,3.19,2.75,0.0,9.68,14.41,26.07,57.97,77.99,278.08,263.23,110.88,65.67,22.44,24.75,20.46,114.07,863.5
39.1873,0.0,3.19,2.75,0.0,6.93,9.13,20.24,33.11,79.31,283.14,264.88,113.96,67.21,23.65,33.11,20.46,75.35,885.72
39.1973,0.0,3.19,0.0,0.0,5.5,5.17,12.98,19.25,80.74,284.79,264.88,112.42,68.75,26.07,34.43,20.46,46.09,892.54
39.2073,0.0,3.19,0.0,0.0,4.18,3.85,8.69,2.75,82.06,286.44,264.88,115.5,70.29,27.28,39.93,20.46,22.66,906.84
39.2173,0.0,0.0,0.0,0.0,2.75,2.53,8.69,2.75,83.38,288.2,263.23,117.15,71.83,27.28,42.68,22.0,16.72,915.75
39.2273,0.0,0.0,0.0,0.0,2.75,3.85,7.15,2.75,83.38,288.2,256.63,117.15,68.75,28.38,45.54,22.0,16.5,910.03
39.2373,0.0,3.19,2.75,0.0,0.0,2.53,7.15,2.75,77.99,283.14,250.03,118.69,73.37,30.8,49.61,23.43,18.37,907.06
39.2473,0.0,0.0,2.75,0.0,2.75,0.0,4.29,0.0,74.03,281.38,240.13,117.15,73.37,32.01,53.79,23.43,9.79,895.29
39.2573,0.0,3.19,0.0,0.0,0.0,2.53,5.72,0.0,68.64,272.8,235.18,121.88,74.91,34.32,57.97,24.86,11.44,890.56
39.2673,0.0,0.0,2.75,0.0,0.0,0.0,4.29,0.0,61.93,262.24,223.63,124.96,78.1,35.53,65.34,24.86,7.04,876.59
39.2773,0.0,3.19,0.0,0.0,0.0,2.53,4.29,0.0,55.44,253.44,207.24,128.15,76.45,37.95,71.39,27.83,10.01,857.89
39.2872,0.0,0.0,2.75,0.0,0.0,2.53,2.86,0.0,49.28,239.25,197.45,129.69,79.64,41.47,72.82,29.26,8.14,838.86
39.2972,0.0,3.19,0.0,0.0,0.0,2.53,4.29,0.0,45.54,230.45,182.82,132.88,84.26,42.68,78.76,29.26,10.01,826.65
39.3072,0.0,0.0,2.75,0.0,0.0,0.0,2.86,0.0,39.38,214.94,165.11,137.61,84.26,46.2,80.3,29.26,5.61,797.06
39.3172,0.0,0.0,2.75,0.0,0.0,0.0,2.86,0.0,35.75,206.47,154.33,140.8,87.34,47.41,83.27,29.26,5.61,784.63
39.3272,0.0,3.19,0.0,0.0,0.0,0.0,2.86,0.0,32.01,196.35,142.12,145.53,88.88,48.62,87.78,30.8,6.05,772.09
39.3372,0.0,0.0,2.75,0.0,0.0,2.53,0.0,0.0,30.8,184.58,129.91,147.07,90.42,52.14,89.21,29.26,5.28,753.39
39.3472,0.0,3.19,0.0,0.0,0.0,0.0,2.86,0.0,28.27,176.11,119.13,151.8,91.96,52.14,95.26,30.8,6.05,745.47
39.3572,0.0,0.0,2.75,0.0,0.0,0.0,0.0,0.0,27.06,166.1,108.35,156.53,95.04,55.77,98.23,32.23,2.75,739.31
39.3672,0.0,0.0,0.0,0.0,0.0,0.0,0.0,0.0,24.64,154.55,99.0,161.26,99.77,57.2,104.17,33.66,0.0,734.25
39.3772,0.0,3.19,2.75,0.0,0.0,0.0,0.0,0.0,23.43,143.0,89.76,164.45,101.31,63.25,110.22,35.2,5.94,730.62
39.3872,0.0,0.0,2.75,0.0,0.0,0.0,0.0,0.0,22.11,134.86,80.41,166.1,104.39,66.22,116.27,33.66,2.75,724.02
39.3972,0.0,0.0,0.0,0.0,0.0,0.0,0.0,0.0,19.69,120.01,75.79,169.51,109.01,72.27,122.43,36.63,0.0,725.34
39.4072,0.0,0.0,2.75,0.0,0.0,0.0,0.0,0.0,19.69,108.68,63.36,171.27,115.28,75.35,134.64,38.06,2.75,726.33
39.4172,0.0,0.0,2.75,0.0,0.0,0.0,0.0,0.0,17.16,93.28,57.2,174.68,120.12,79.86,146.96,38.06,2.75,727.32
39.4272,0.0,0.0,2.75,0.0,0.0,0.0,0.0,0.0,17.16,84.04,51.48,172.92,124.96,85.91,159.17,39.6,2.75,735.24
39.4372,0.0,0.0,0.0,0.0,0.0,0.0,0.0,0.0,15.95,73.26,42.9,174.68,129.8,90.42,176.66,42.46,0.0,746.13
39.4472,0.0,0.0,0.0,0.0,0.0,0.0,0.0,0.0,15.95,60.94,35.75,174.68,136.29,93.39,189.64,42.46,0.0,749.1
39.4572,0.0,0.0,0.0,0.0,0.0,0.0,0.0,0.0,14.74,49.5,27.17,172.92,142.78,100.98,202.51,44.0,0.0,754.6
39.4672,0.0,0.0,2.75,0.0,0.0,0.0,0.0,0.0,14.74,41.25,20.02,172.92,144.43,103.95,218.79,46.86,2.75,762.96
39.4772,0.0,0.0,0.0,0.0,0.0,0.0,0.0,0.0,13.53,29.7,14.3,169.51,149.27,107.03,233.75,49.83,0.0,766.92
39.4872,0.0,0.0,0.0,0.0,0.0,0.0,0.0,0.0,12.32,18.15,11.44,164.45,152.46,110.0,250.91,54.23,0.0,773.96
39.4972,0.0,0.0,0.0,0.0,0.0,0.0,0.0,0.0,8.58,14.85,8.58,159.72,157.41,116.49,264.66,58.74,0.0,789.03
39.5072,0.0,3.19,2.75,0.0,0.0,0.0,0.0,0.0,7.37,14.85,5.72,154.99,158.95,116.49,285.23,69.52,5.94,813.12
39.5172,0.0,0.0,0.0,0.0,0.0,0.0,0.0,0.0,4.84,11.55,7.15,148.72,160.6,120.01,300.63,78.65,0.0,832.15
39.5272,0.0,0.0,2.75,0.0,0.0,0.0,0.0,0.0,3.63,9.9,2.86,139.15,163.9,126.94,314.16,86.35,2.75,846.89
39.5372,0.0,0.0,0.0,0.0,0.0,0.0,0.0,0.0,3.63,8.25,4.29,128.15,163.9,128.7,331.21,95.48,0.0,863.61
39.5472,0.0,0.0,2.75,0.0,0.0,0.0,0.0,0.0,2.42,8.25,4.29,115.5,160.6,130.46,350.02,106.26,2.75,877.8
39.5572,0.0,0.0,0.0,0.0,0.0,0.0,0.0,0.0,2.42,6.6,4.29,106.37,158.95,130.46,363.66,113.96,0.0,886.71
39.5672,0.0,0.0,0.0,0.0,0.0,0.0,0.0,0.0,2.42,4.95,0.0,92.95,157.41,126.94,377.3,121.99,0.0,883.96
39.5772,0.0,0.0,0.0,0.0,0.0,0.0,0.0,0.0,0.0,6.6,2.86,79.53,154.11,130.46,385.77,128.37,0.0,887.7
39.5872,3.41,0.0,0.0,0.0,0.0,0.0,0.0,0.0,0.0,3.3,0.0,67.65,150.92,128.7,399.85,136.29,3.41,886.71
39.5972,5.06,0.0,0.0,0.0,0.0,0.0,0.0,0.0,0.0,3.3,2.86,55.77,145.97,125.18,407.0,139.48,5.06,879.56
39.6072,11.99,0.0,0.0,0.0,0.0,0.0,0.0,0.0,0.0,3.3,2.86,43.01,139.59,121.77,419.54,142.78,11.99,872.85
39.6172,34.43,0.0,0.0,3.52,0.0,0.0,0.0,0.0,0.0,3.3,2.86,30.25,129.8,116.49,423.06,141.13,37.95,846.89
39.6272,63.69,0.0,0.0,2.31,4.18,2.53,0.0,0.0,0.0,0.0,2.86,20.68,120.12,108.46,424.93,145.97,72.71,823.02
39.6372,91.19,0.0,0.0,3.52,4.18,2.53,0.0,0.0,0.0,3.3,2.86,14.3,110.55,97.9,412.39,142.78,101.42,784.08
39.6472,118.91,0.0,0.0,5.83,5.5,2.53,0.0,0.0,0.0,4.95,0.0,12.65,93.5,84.37,398.09,136.29,132.77,729.85
39.6572,152.13,58.3,88.88,5.83,5.5,5.17,2.86,2.75,0.0,3.3,0.0,11.11,76.45,72.27,372.13,131.56,321.42,666.82
39.6672,145.09,134.2,151.47,8.25,5.5,5.17,2.86,4.07,0.0,0.0,2.86,14.3,54.56,55.77,334.62,126.72,456.61,588.83
39.6772,132.88,176.55,206.14,42.57,6.93,7.81,5.72,4.07,0.0,3.3,2.86,14.3,49.61,46.2,249.26,133.1,582.67,498.63
39.6872,129.36,190.63,243.98,62.26,25.08,18.26,14.41,13.75,0.0,3.3,2.86,14.3,39.71,33.22,145.42,144.32,697.73,383.13
39.6972,132.88,190.63,267.08,65.12,33.44,32.78,39.05,20.68,0.0,0.0,0.0,12.65,33.11,26.07,78.76,128.37,781.66,278.96
39.7072,134.64,192.39,277.75,70.84,40.37,43.23,63.8,22.0,0.0,3.3,0.0,9.46,29.81,20.13,41.36,90.97,845.02,195.03
39.7172,136.4,192.39,286.99,70.84,43.12,51.15,86.13,24.75,0.0,0.0,0.0,9.46,23.1,17.71,30.36,61.82,891.77,142.45
39.7272,138.16,192.39,294.47,70.84,45.98,55.11,99.55,26.18,0.0,3.3,0.0,6.27,18.15,10.67,24.75,49.83,922.68,112.97
39.7372,143.33,195.91,296.34,69.41,48.73,60.72,110.0,26.18,0.0,3.3,0.0,4.73,13.2,9.46,17.93,36.63,950.62,85.25
39.7472,145.09,197.67,298.21,69.41,51.48,60.72,116.27,28.93,0.0,0.0,0.0,4.73,8.25,7.04,12.32,24.86,967.78,57.2
39.7572,146.85,201.19,298.21,70.84,51.48,62.15,121.11,30.36,0.0,0.0,0.0,4.73,6.6,4.73,8.25,8.8,982.19,33.11
39.7672,148.61,202.95,300.08,70.84,51.48,64.9,121.11,28.93,0.0,0.0,0.0,4.73,3.3,3.52,6.82,5.83,988.9,24.2
39.7772,146.85,202.95,296.34,70.84,52.91,64.9,122.65,28.93,0.0,0.0,0.0,4.73,3.3,2.31,8.25,5.83,986.37,24.42
39.7872,146.85,201.19,292.6,69.41,51.48,63.58,121.11,28.93,0.0,0.0,0.0,4.73,4.95,2.31,5.5,4.4,975.15,21.89
39.7972,145.09,197.67,285.12,67.98,52.91,63.58,119.46,28.93,0.0,0.0,0.0,4.73,3.3,2.31,6.82,4.4,960.74,21.56
39.8072,139.92,195.91,277.75,69.41,51.48,62.15,116.27,28.93,0.0,0.0,0.0,3.08,3.3,2.31,6.82,4.4,941.82,19.91
39.8172,132.88,188.87,267.08,69.41,50.16,62.15,113.08,26.18,0.0,0.0,0.0,0.0,0.0,3.52,5.5,2.86,909.81,11.88
39.8272,125.84,185.35,254.65,70.84,50.16,62.15,113.08,27.5,0.0,0.0,0.0,3.08,3.3,2.31,2.75,4.4,889.57,15.84
39.8372,117.15,178.31,243.98,70.84,48.73,62.15,110.0,27.5,0.0,0.0,0.0,3.08,0.0,2.31,4.07,4.4,858.66,13.86
39.8472,108.46,171.27,231.44,75.13,50.16,62.15,111.54,27.5,0.0,0.0,0.0,3.08,0.0,2.31,5.5,4.4,837.65,15.29
39.8572,101.53,164.34,218.9,76.56,50.16,63.58,110.0,26.18,0.0,0.0,0.0,0.0,3.3,2.31,2.75,2.86,811.25,11.22
39.8672,92.95,159.39,209.77,77.99,50.16,64.9,110.0,27.5,0.0,0.0,0.0,3.08,0.0,0.0,4.07,2.86,792.66,10.01
39.8772,87.78,152.68,200.64,80.85,51.48,66.33,113.08,27.5,0.0,0.0,0.0,0.0,0.0,0.0,2.75,2.86,780.34,5.61
39.8872,79.2,147.62,191.51,83.71,52.91,67.76,116.27,28.93,0.0,0.0,0.0,0.0,0.0,0.0,4.07,0.0,767.91,4.07
39.8972,74.03,140.91,184.14,88.0,51.48,72.05,122.65,30.36,0.0,0.0,0.0,0.0,0.0,0.0,0.0,0.0,763.62,0.0
39.9072,68.86,132.55,175.01,92.29,55.77,76.23,130.68,30.36,0.0,0.0,0.0,0.0,0.0,0.0,0.0,2.86,761.75,2.86
39.9172,65.34,125.84,169.62,93.72,58.63,79.09,140.36,33.11,0.0,0.0,0.0,0.0,0.0,0.0,0.0,2.86,765.71,2.86
39.9272,61.93,117.37,164.67,96.58,63.03,84.7,150.04,37.18,0.0,0.0,0.0,0.0,0.0,0.0,2.75,0.0,775.5,2.75
39.9372,56.76,110.77,158.07,100.87,66.0,87.56,159.72,39.93,0.0,0.0,0.0,0.0,0.0,0.0,2.75,2.86,779.68,5.61
39.9472,55.11,102.52,153.12,102.3,71.94,91.85,172.59,45.54,0.0,0.0,0.0,0.0,0.0,0.0,0.0,0.0,794.97,0.0
39.9572,49.94,94.38,144.98,106.59,77.77,96.03,188.32,53.79,0.0,0.0,0.0,3.08,0.0,0.0,0.0,2.86,811.8,5.94
39.9672,48.18,84.48,133.43,110.88,82.17,101.75,202.29,60.94,0.0,0.0,0.0,0.0,0.0,0.0,0.0,0.0,824.12,0.0
39.9772,44.77,73.04,123.64,112.42,88.11,104.5,221.65,68.31,0.0,0.0,0.0,0.0,0.0,0.0,0.0,2.86,836.44,2.86
39.9872,41.25,64.9,107.58,115.5,93.94,107.36,233.53,78.76,0.0,0.0,0.0,0.0,0.0,0.0,0.0,0.0,842.82,0.0
39.9972,36.08,51.81,95.15,118.58,96.91,113.08,248.93,89.21,0.0,0.0,0.0,0.0,0.0,0.0,0.0,2.86,849.75,2.86
40.0072,34.43,40.48,79.53,120.12,104.28,117.7,265.87,98.12,0.0,0.0,0.0,0.0,0.0,0.0,0.0,2.86,860.53,2.86
40.0172,30.91,30.69,62.48,118.58,108.68,122.32,282.81,110.11,0.0,0.0,0.0,0.0,0.0,0.0,0.0,2.86,866.58,2.86
40.0272,27.5,21.01,45.54,115.5,113.63,123.86,302.72,120.89,0.0,0.0,0.0,0.0,0.0,0.0,0.0,0.0,870.65,0.0
40.0372,25.74,16.17,27.61,112.42,118.69,126.94,317.68,133.21,0.0,0.0,0.0,0.0,0.0,0.0,0.0,2.86,878.46,2.86
40.0472,22.33,12.87,20.68,106.59,123.86,125.4,336.16,142.56,0.0,0.0,0.0,0.0,0.0,0.0,0.0,0.0,890.45,0.0
40.0572,18.92,11.33,13.75,98.01,125.51,125.4,352.55,151.8,0.0,0.0,0.0,0.0,0.0,0.0,0.0,0.0,897.27,0.0
40.0672,15.4,9.68,12.43,89.43,127.27,128.48,367.07,161.04,0.0,0.0,0.0,0.0,0.0,0.0,0.0,0.0,910.8,0.0
40.0772,10.23,8.03,9.57,79.42,125.51,126.94,383.35,172.04,0.0,0.0,0.0,0.0,0.0,0.0,0.0,0.0,915.09,0.0
40.0872,3.41,6.38,8.25,69.41,125.51,130.02,401.5,180.73,0.0,0.0,0.0,0.0,0.0,0.0,0.0,0.0,925.21,0.0
40.0972,0.0,6.38,6.82,57.97,120.45,128.48,419.54,194.59,0.0,0.0,0.0,0.0,0.0,0.0,0.0,0.0,934.23,0.0
40.1072,0.0,4.84,5.5,50.82,117.04,130.02,434.06,206.69,0.0,0.0,0.0,0.0,0.0,0.0,0.0,0.0,948.97,0.0
40.1172,0.0,4.84,5.5,42.57,110.22,126.94,448.58,215.38,0.0,0.0,0.0,0.0,0.0,0.0,0.0,0.0,954.03,0.0
40.1272,0.0,4.84,5.5,34.21,101.31,125.4,461.23,224.07,0.0,0.0,0.0,0.0,0.0,0.0,0.0,0.0,956.56,0.0
40.1372,0.0,4.84,5.5,27.17,93.94,123.86,472.01,230.89,2.42,0.0,0.0,0.0,0.0,0.0,0.0,0.0,958.21,2.42
40.1472,0.0,4.84,4.07,18.92,85.14,120.78,479.27,236.06,4.84,0.0,0.0,0.0,0.0,0.0,0.0,0.0,949.08,4.84
40.1572,0.0,4.84,5.5,14.19,73.37,116.16,488.29,241.23,7.37,0.0,0.0,0.0,0.0,0.0,0.0,0.0,943.58,7.37
40.1672,0.0,4.84,4.07,7.04,60.17,108.79,495.55,242.88,18.48,0.0,0.0,0.0,0.0,2.31,0.0,0.0,923.34,20.79
40.1772,0.0,4.84,5.5,7.04,45.98,97.46,501.05,246.29,30.8,0.0,0.0,3.08,0.0,2.31,0.0,0.0,908.16,36.19
40.1872,0.0,4.84,5.5,4.73,32.01,83.38,499.18,242.88,45.54,0.0,0.0,4.73,3.3,3.52,0.0,0.0,872.52,57.09
40.1972,0.0,4.84,5.5,3.52,29.26,70.62,479.27,234.3,66.0,33.0,0.0,4.73,4.95,3.52,2.75,0.0,827.31,114.95
40.2072,0.0,4.84,4.07,4.73,30.58,55.11,441.32,225.72,90.09,146.3,57.2,7.92,8.25,4.73,4.07,2.86,766.37,321.42
40.2172,0.0,4.84,4.07,3.52,30.58,43.23,372.46,215.38,80.74,208.23,139.04,47.74,19.8,9.46,8.25,8.8,674.08,522.06
40.2272,0.0,4.84,4.07,3.52,30.58,32.78,259.05,208.45,82.06,246.29,197.45,82.5,38.06,12.98,12.32,10.23,543.29,681.89
40.2372,0.0,4.84,2.75,2.31,26.4,27.5,140.36,196.35,86.02,251.68,233.53,94.49,61.05,16.61,12.32,16.06,400.51,771.76
40.2472,0.0,4.84,2.75,0.0,20.9,24.86,71.28,164.12,87.34,248.05,251.68,100.43,67.21,17.71,27.5,19.03,288.75,818.95
40.2572,0.0,4.84,4.07,0.0,19.47,22.22,50.6,113.19,86.02,249.81,254.98,103.4,70.29,22.44,38.61,22.0,214.39,847.55
40.2672,0.0,3.19,4.07,0.0,13.86,18.26,37.62,81.73,84.7,249.81,254.98,106.37,74.91,28.38,52.36,22.0,158.73,873.51
40.2772,0.0,3.19,2.75,0.0,9.68,13.09,26.07,49.61,84.7,253.44,253.33,109.34,78.1,30.8,57.97,26.4,104.39,894.08
40.2872,0.0,0.0,2.75,0.0,5.5,7.81,17.38,24.75,84.7,256.96,251.68,113.96,76.45,33.22,65.34,26.4,58.19,908.71
40.2972,0.0,3.19,2.75,0.0,4.18,6.49,12.98,13.75,86.02,262.24,248.38,117.15,78.1,35.53,71.39,26.4,43.34,925.21
40.3072,0.0,0.0,0.0,0.0,2.75,3.85,8.69,4.07,86.02,265.76,243.43,121.88,78.1,37.95,72.82,27.83,19.36,933.79
40.3172,0.0,0.0,0.0,0.0,2.75,3.85,8.69,2.75,82.06,264.0,236.83,124.96,81.18,40.26,80.3,29.26,18.04,938.85
40.3272,0.0,0.0,0.0,0.0,2.75,3.85,8.69,2.75,77.99,260.48,226.93,129.69,84.26,43.89,86.24,29.26,18.04,938.74
40.3372,0.0,3.19,2.75,0.0,2.75,2.53,5.72,2.75,72.6,253.44,220.33,132.88,85.8,47.41,90.75,30.8,19.69,934.01
40.3472,0.0,0.0,0.0,0.0,0.0,2.53,5.72,0.0,67.32,246.29,212.19,132.88,84.26,49.83,96.69,30.8,8.25,920.26
40.3572,0.0,3.19,0.0,0.0,0.0,2.53,4.29,0.0,60.61,233.97,200.75,134.42,90.42,52.14,104.17,32.23,10.01,908.71
40.3672,0.0,3.19,2.75,0.0,2.75,0.0,5.72,2.75,54.23,218.35,189.31,132.88,91.96,55.77,110.22,33.66,17.16,886.38
40.3772,0.0,3.19,0.0,0.0,0.0,0.0,5.72,0.0,49.28,208.23,181.17,128.15,91.96,58.74,117.81,33.66,8.91,869.0
40.3872,0.0,3.19,2.75,0.0,0.0,2.53,4.29,0.0,44.33,193.05,171.38,129.69,96.69,60.28,125.51,35.2,12.76,856.13
40.3972,0.0,0.0,2.75,0.0,0.0,0.0,4.29,0.0,39.38,179.52,162.03,128.15,98.23,64.79,133.1,38.06,7.04,843.26
40.4072,0.0,0.0,0.0,0.0,0.0,2.53,2.86,0.0,35.75,166.1,152.79,123.42,101.31,66.22,140.8,39.6,5.39,825.99
40.4172,0.0,0.0,2.75,0.0,0.0,0.0,2.86,0.0,33.22,156.2,142.12,123.42,102.85,72.27,148.39,39.6,5.61,818.07
40.4272,0.0,0.0,2.75,0.0,0.0,0.0,2.86,0.0,30.8,143.0,132.88,118.69,107.47,73.81,156.09,39.6,5.61,802.34
40.4372,0.0,0.0,2.75,0.0,0.0,0.0,2.86,0.0,29.59,134.86,126.83,121.88,110.55,78.32,168.52,42.46,5.61,813.01
40.4472,0.0,0.0,0.0,0.0,0.0,0.0,0.0,0.0,27.06,123.31,116.05,121.88,115.28,79.86,178.2,42.46,0.0,804.1
40.4572,0.0,3.19,2.75,0.0,0.0,0.0,0.0,0.0,25.85,115.06,105.27,120.23,120.12,87.34,187.99,45.43,5.94,807.29
40.4672,0.0,0.0,0.0,0.0,0.0,0.0,0.0,0.0,23.43,104.06,94.38,123.42,126.61,90.42,199.32,45.43,0.0,807.07
40.4772,0.0,0.0,0.0,0.0,0.0,0.0,0.0,0.0,22.11,93.28,81.95,121.88,129.8,93.39,212.3,49.83,0.0,804.54
40.4872,0.0,0.0,2.75,0.0,0.0,0.0,0.0,0.0,20.9,80.96,69.52,121.88,137.94,94.93,225.28,51.26,2.75,802.67
40.4972,0.0,0.0,0.0,0.0,0.0,0.0,0.0,0.0,19.69,70.18,57.2,121.88,142.78,99.44,237.16,54.23,0.0,802.56
40.5072,0.0,0.0,0.0,0.0,0.0,0.0,0.0,0.0,18.48,60.94,47.19,121.88,145.97,102.52,250.91,60.28,0.0,808.17
40.5172,0.0,0.0,0.0,0.0,0.0,0.0,0.0,0.0,18.48,49.5,37.18,120.23,152.46,103.95,261.25,66.44,0.0,809.49
40.5272,0.0,0.0,2.75,0.0,0.0,0.0,0.0,0.0,15.95,33.0,27.17,118.69,155.76,107.03,271.59,71.06,2.75,800.25
40.5372,0.0,0.0,0.0,0.0,0.0,0.0,0.0,0.0,15.95,21.45,17.16,115.5,158.95,108.46,281.82,74.14,0.0,793.43
40.5472,0.0,0.0,0.0,0.0,0.0,0.0,0.0,0.0,14.74,16.5,11.44,109.34,162.25,108.46,295.46,75.57,0.0,793.76
40.5572,0.0,0.0,0.0,0.0,0.0,0.0,0.0,0.0,9.79,11.55,10.01,103.4,165.44,108.46,309.1,83.27,0.0,801.02
40.5672,0.0,0.0,0.0,0.0,0.0,0.0,0.0,0.0,7.37,11.55,8.58,95.92,165.44,105.49,320.98,87.89,0.0,803.22
40.5772,0.0,0.0,2.75,0.0,0.0,0.0,0.0,0.0,4.84,8.25,5.72,87.01,165.44,108.46,336.38,93.94,2.75,810.04
40.5872,0.0,0.0,2.75,0.0,0.0,0.0,0.0,0.0,3.63,6.6,4.29,79.53,167.09,108.46,346.61,98.56,2.75,814.77
40.5972,0.0,0.0,2.75,0.0,0.0,0.0,0.0,0.0,3.63,6.6,4.29,70.62,167.09,110.0,360.25,106.26,2.75,828.74
40.6072,0.0,0.0,2.75,0.0,0.0,0.0,0.0,0.0,2.42,4.95,4.29,63.14,163.9,108.46,378.95,115.61,2.75,841.72
40.6172,0.0,0.0,0.0,0.0,0.0,0.0,0.0,0.0,0.0,3.3,4.29,54.12,165.44,105.49,394.46,123.53,0.0,850.63
40.6272,0.0,0.0,0.0,0.0,0.0,0.0,0.0,0.0,2.42,4.95,4.29,44.55,162.25,105.49,407.0,128.37,0.0,859.32
40.6372,0.0,0.0,0.0,0.0,0.0,0.0,0.0,0.0,0.0,3.3,4.29,34.98,160.6,105.49,423.06,139.48,0.0,871.2
40.6472,3.41,0.0,0.0,0.0,0.0,0.0,0.0,0.0,0.0,0.0,0.0,28.6,157.41,102.52,435.6,145.97,3.41,870.1
40.6572,6.82,0.0,0.0,2.31,0.0,0.0,0.0,0.0,0.0,4.95,2.86,17.49,152.46,97.9,450.01,149.16,9.13,874.83
40.6672,13.75,0.0,0.0,2.31,0.0,0.0,0.0,0.0,0.0,3.3,2.86,14.3,149.27,94.93,460.9,153.89,16.06,879.45
40.6772,37.84,0.0,0.0,0.0,0.0,0.0,0.0,0.0,0.0,3.3,2.86,11.11,139.59,90.42,471.79,157.08,37.84,876.15
40.6872,58.52,0.0,0.0,3.52,4.18,2.53,0.0,0.0,0.0,3.3,0.0,9.46,133.1,82.83,477.29,157.08,68.75,863.06
40.6972,84.37,0.0,0.0,4.73,5.5,2.53,0.0,0.0,0.0,3.3,2.86,7.92,121.66,73.81,475.42,158.73,97.13,843.7
40.7072,115.39,0.0,4.07,3.52,4.18,2.53,2.86,0.0,0.0,0.0,0.0,7.92,107.47,63.25,471.79,155.54,132.55,805.97
40.7171,145.09,58.3,95.15,5.83,5.5,3.85,2.86,2.75,0.0,3.3,2.86,9.46,90.42,54.56,450.01,145.97,319.33,756.58
40.7271,138.16,127.49,154.77,8.25,6.93,5.17,4.29,4.07,0.0,0.0,2.86,11.11,70.29,46.2,426.69,142.78,449.13,699.93
40.7371,125.84,162.69,202.51,41.36,6.93,6.49,5.72,5.5,0.0,0.0,2.86,12.65,54.56,40.26,377.3,136.29,557.04,623.92
40.7471,117.15,169.51,229.68,59.4,23.65,17.05,12.98,12.32,0.0,0.0,0.0,12.65,52.91,34.32,278.52,131.56,641.74,509.96
40.7571,113.63,166.1,247.5,63.69,34.76,31.46,41.91,19.25,0.0,0.0,2.86,14.3,43.01,28.38,160.71,133.1,718.3,382.36
40.7671,113.63,167.75,259.93,66.55,38.94,47.19,69.74,22.0,0.0,0.0,0.0,11.11,36.41,26.07,87.78,115.61,785.73,276.98
40.7771,115.39,167.75,274.23,67.98,44.55,55.11,92.18,24.75,0.0,0.0,0.0,9.46,26.4,21.34,44.11,84.81,841.94,186.12
40.7871,118.91,169.51,281.38,65.12,48.73,63.58,107.03,28.93,0.0,0.0,0.0,7.92,21.45,16.61,30.36,60.28,883.19,136.62
40.7971,122.43,173.03,290.73,65.12,50.16,66.33,119.46,28.93,0.0,0.0,0.0,6.27,18.15,11.77,23.43,45.43,916.19,105.05
40.8071,125.84,173.03,294.47,65.12,52.91,69.19,127.49,31.68,0.0,0.0,0.0,3.08,13.2,9.46,19.25,30.8,939.73,75.79
40.8171,127.6,174.79,296.34,66.55,52.91,69.19,133.98,34.43,0.0,0.0,0.0,3.08,8.25,5.83,12.32,16.06,955.79,45.54
40.8271,127.6,176.55,298.21,66.55,57.2,72.05,140.36,37.18,0.0,0.0,0.0,3.08,8.25,4.73,9.57,7.26,975.7,32.89
40.8371,127.6,176.55,298.21,67.98,57.2,73.48,145.2,38.61,0.0,0.0,0.0,0.0,4.95,4.73,9.57,7.26,984.83,26.51
40.8471,125.84,176.55,290.73,69.41,60.17,77.66,151.58,41.36,0.0,0.0,0.0,0.0,4.95,3.52,9.57,5.83,993.3,23.87
40.8571,122.43,173.03,286.99,70.84,61.6,79.09,151.58,39.93,0.0,0.0,0.0,0.0,4.95,4.73,6.82,4.4,985.49,20.9
40.8671,117.15,169.51,277.75,75.13,60.17,79.09,153.23,41.36,0.0,0.0,0.0,0.0,3.3,2.31,8.25,5.83,973.39,19.69
40.8771,108.46,166.1,265.32,77.99,61.6,80.52,156.42,44.11,0.0,0.0,0.0,3.08,3.3,3.52,5.5,4.4,960.52,19.8
40.8871,99.88,159.39,251.02,80.85,61.6,84.7,154.88,42.68,0.0,0.0,0.0,3.08,3.3,0.0,6.82,4.4,935.0,17.6
40.8971,89.54,154.33,236.83,83.71,61.6,87.56,158.07,42.68,0.0,0.0,0.0,0.0,3.3,2.31,5.5,5.83,914.32,16.94
40.9071,79.2,145.97,218.9,89.43,61.6,87.56,156.42,45.54,0.0,0.0,0.0,0.0,3.3,0.0,5.5,4.4,884.62,13.2
40.9171,72.27,140.91,204.27,93.72,63.03,90.42,159.72,45.54,0.0,0.0,0.0,0.0,0.0,2.31,2.75,2.86,869.88,7.92
40.9271,63.69,130.79,187.88,98.01,63.03,93.17,156.42,45.54,0.0,0.0,0.0,0.0,3.3,0.0,5.5,2.86,838.53,11.66
40.9371,58.52,124.08,171.38,103.73,63.03,97.46,159.72,48.29,0.0,0.0,0.0,3.08,0.0,2.31,5.5,2.86,826.21,13.75
40.9471,53.35,117.37,158.07,108.02,64.57,98.89,161.26,46.86,0.0,0.0,0.0,0.0,0.0,0.0,4.07,2.86,808.39,6.93
40.9571,49.94,107.47,146.63,112.42,66.0,101.75,164.45,49.61,0.0,0.0,0.0,0.0,0.0,2.31,2.75,2.86,798.27,7.92
40.9671,46.42,99.22,138.38,115.5,68.97,103.07,169.29,51.04,0.0,0.0,0.0,0.0,0.0,2.31,0.0,2.86,791.89,5.17
40.9771,44.77,92.73,126.94,118.58,70.4,104.5,172.59,55.11,0.0,0.0,0.0,0.0,0.0,0.0,0.0,0.0,785.62,0.0
40.9871,43.01,84.48,121.99,123.2,73.37,108.79,181.28,53.79,0.0,0.0,0.0,0.0,0.0,0.0,2.75,2.86,789.91,5.61
40.9971,39.6,76.34,112.2,127.82,73.37,110.22,186.56,57.97,0.0,0.0,0.0,0.0,0.0,0.0,2.75,2.86,784.08,5.61
41.0071,37.84,69.74,106.04,130.9,77.77,113.08,195.36,60.94,0.0,0.0,0.0,0.0,0.0,2.31,0.0,4.4,791.67,6.71
41.0171,34.43,63.25,98.23,129.36,80.74,114.62,200.53,65.34,0.0,0.0,0.0,0.0,0.0,0.0,2.75,0.0,786.5,2.75
41.0271,34.43,55.11,90.42,134.09,85.14,116.16,209.33,68.31,0.0,0.0,0.0,0.0,0.0,0.0,2.75,0.0,792.99,2.75
41.0371,30.91,48.62,82.72,135.63,88.11,120.78,218.13,74.36,0.0,0.0,0.0,0.0,0.0,0.0,2.75,2.86,799.26,5.61
41.0471,29.26,40.48,73.37,137.17,91.08,123.86,231.88,81.73,0.0,0.0,0.0,0.0,0.0,2.31,0.0,2.86,808.83,5.17
41.0571,27.5,35.64,64.02,137.17,95.48,125.4,242.11,87.78,0.0,0.0,0.0,0.0,0.0,0.0,2.75,2.86,815.1,5.61
41.0671,27.5,29.15,55.22,137.17,98.34,126.94,253.99,93.72,0.0,0.0,0.0,0.0,0.0,0.0,0.0,0.0,822.03,0.0
41.0771,25.74,24.31,45.54,137.17,102.85,130.02,265.87,104.17,0.0,0.0,0.0,3.08,0.0,2.31,0.0,0.0,835.67,5.39
41.0871,24.09,17.82,34.43,135.63,104.28,130.02,277.86,114.73,0.0,0.0,0.0,0.0,0.0,0.0,2.75,2.86,838.86,5.61
41.0971,22.33,16.17,24.86,130.9,107.25,132.99,291.06,119.35,0.0,0.0,0.0,0.0,0.0,0.0,0.0,0.0,844.91,0.0
41.1071,20.57,12.87,19.25,126.28,110.22,132.99,301.07,128.59,0.0,0.0,0.0,0.0,0.0,0.0,0.0,2.86,851.84,2.86
41.1171,18.92,9.68,13.75,118.58,111.87,136.07,312.73,139.37,0.0,0.0,0.0,0.0,0.0,0.0,0.0,2.86,860.97,2.86
41.1271,13.75,8.03,11.0,113.96,111.87,136.07,324.39,145.64,0.0,0.0,0.0,0.0,0.0,0.0,0.0,2.86,864.71,2.86
41.1371,13.75,8.03,11.0,109.45,111.87,136.07,334.4,153.34,0.0,0.0,0.0,0.0,0.0,0.0,0.0,0.0,877.91,0.0
41.1471,8.58,8.03,11.0,102.3,111.87,139.15,347.05,161.04,0.0,0.0,0.0,0.0,0.0,0.0,0.0,0.0,889.02,0.0
41.1571,3.41,6.38,8.25,93.72,110.22,140.69,359.81,170.39,0.0,0.0,0.0,0.0,0.0,0.0,0.0,2.86,892.87,2.86
41.1671,0.0,3.19,6.82,83.71,108.68,140.69,376.09,182.49,0.0,0.0,0.0,0.0,0.0,0.0,0.0,2.86,901.67,2.86
41.1771,0.0,4.84,5.5,73.7,108.68,140.69,388.74,192.83,0.0,0.0,0.0,0.0,0.0,0.0,0.0,2.86,914.98,2.86
41.1871,0.0,4.84,5.5,63.69,104.28,143.77,397.87,203.28,0.0,0.0,0.0,0.0,0.0,0.0,0.0,0.0,923.23,0.0
41.1971,0.0,4.84,5.5,54.34,101.31,143.77,412.39,210.21,0.0,0.0,0.0,0.0,0.0,0.0,0.0,0.0,932.36,0.0
41.2071,0.0,3.19,4.07,47.3,95.48,142.23,428.67,222.31,0.0,0.0,0.0,0.0,0.0,0.0,0.0,0.0,943.25,0.0
41.2171,0.0,4.84,5.5,36.63,86.57,142.23,443.19,232.65,0.0,0.0,0.0,0.0,0.0,0.0,0.0,0.0,951.61,0.0
41.2271,0.0,3.19,4.07,29.48,80.74,139.15,455.73,237.71,3.63,0.0,0.0,0.0,0.0,0.0,0.0,0.0,950.07,3.63
41.2371,0.0,3.19,2.75,20.02,73.37,134.53,466.62,242.88,4.84,0.0,0.0,0.0,0.0,0.0,0.0,0.0,943.36,4.84
41.2471,0.0,3.19,4.07,11.77,60.17,125.4,475.64,246.29,9.79,0.0,0.0,0.0,0.0,0.0,0.0,0.0,926.53,9.79
41.2571,0.0,3.19,4.07,8.25,48.73,117.7,477.4,242.88,27.06,0.0,0.0,0.0,3.3,2.31,0.0,0.0,902.22,32.67
41.2671,0.0,4.84,2.75,5.83,34.76,105.93,473.88,241.23,44.33,3.3,0.0,3.08,3.3,2.31,2.75,0.0,869.22,59.07
41.2771,0.0,4.84,2.75,4.73,29.26,93.17,459.36,234.3,61.93,4.95,0.0,4.73,4.95,3.52,2.75,0.0,828.41,82.83
41.2871,0.0,4.84,2.75,4.73,29.26,79.09,432.3,224.07,88.77,94.82,8.58,6.27,8.25,4.73,2.75,2.86,777.04,217.03
41.2971,0.0,3.19,2.75,3.52,30.58,62.15,379.72,210.21,99.44,196.35,89.76,6.27,9.9,4.73,4.07,0.0,692.12,410.52
41.3071,0.0,3.19,5.5,2.31,29.26,47.19,294.47,199.76,88.77,256.96,163.57,52.58,11.55,8.25,6.82,5.83,581.68,594.33
41.3171,0.0,3.19,4.07,2.31,26.4,35.42,181.28,191.07,87.34,272.8,217.03,91.52,29.81,15.4,11.0,11.66,443.74,736.56
41.3271,0.0,4.84,4.07,2.31,22.22,26.18,96.58,177.21,90.09,274.56,250.03,104.94,43.01,15.4,15.18,14.63,333.41,807.84
41.3371,0.0,3.19,2.75,0.0,18.04,23.54,53.57,134.75,88.77,276.43,263.23,112.42,51.26,14.19,13.75,16.06,235.84,836.11
41.3471,0.0,3.19,0.0,0.0,15.29,19.58,40.48,87.78,84.7,272.8,266.53,123.42,62.59,16.61,19.25,17.6,166.32,863.5
41.3571,0.0,3.19,2.75,0.0,12.54,15.73,30.36,65.34,83.38,272.8,264.88,128.15,64.13,18.92,30.36,20.46,129.91,883.08
41.3671,0.0,3.19,2.75,0.0,6.93,9.13,21.67,39.93,82.06,274.56,261.58,134.42,67.21,21.34,35.86,22.0,83.6,899.03
41.3771,0.0,3.19,0.0,0.0,5.5,6.49,15.84,19.25,82.06,279.73,256.63,136.07,68.75,23.65,39.93,23.43,50.27,910.25
41.3871,0.0,3.19,2.75,0.0,4.18,5.17,11.55,8.25,80.74,283.14,251.68,143.99,70.29,24.86,42.68,23.43,35.09,920.81
41.3971,0.0,0.0,2.75,0.0,4.18,3.85,8.69,4.07,76.67,283.14,240.13,151.8,71.83,29.59,49.61,24.86,23.54,927.63
41.4071,0.0,0.0,0.0,0.0,2.75,3.85,7.15,2.75,71.28,283.14,228.58,161.26,73.37,32.01,53.79,26.4,16.5,929.83
41.4171,0.0,0.0,0.0,0.0,0.0,3.85,7.15,2.75,64.57,276.43,217.03,167.75,76.45,35.53,60.94,27.83,13.75,926.53
41.4271,0.0,0.0,2.75,0.0,2.75,2.53,8.69,0.0,57.97,271.04,205.59,176.44,81.18,37.95,65.34,26.4,16.72,921.91
41.4371,0.0,0.0,0.0,0.0,0.0,2.53,5.72,2.75,53.02,264.0,190.96,179.85,81.18,41.47,69.85,30.8,11.0,911.13
41.4471,0.0,0.0,0.0,0.0,2.75,0.0,4.29,2.75,46.86,251.68,182.82,188.54,82.72,42.68,72.82,29.26,9.79,897.38
41.4571,0.0,0.0,0.0,0.0,0.0,0.0,4.29,0.0,41.91,237.49,168.19,193.71,87.34,44.99,77.33,30.8,4.29,881.76
41.4671,0.0,0.0,2.75,0.0,0.0,0.0,2.86,0.0,36.96,225.17,154.33,193.71,87.34,47.41,80.3,30.8,5.61,856.02
41.4771,0.0,0.0,2.75,0.0,0.0,0.0,2.86,0.0,34.43,213.29,140.58,202.29,90.42,48.62,86.24,32.23,5.61,848.1
41.4871,0.0,0.0,2.75,0.0,0.0,0.0,0.0,0.0,32.01,201.41,125.29,207.46,91.96,50.93,86.24,33.66,2.75,828.96
41.4971,0.0,0.0,2.75,0.0,0.0,0.0,2.86,0.0,29.59,189.64,111.43,212.74,93.5,52.14,89.21,30.8,5.61,809.05
41.5071,0.0,3.19,0.0,0.0,0.0,2.53,0.0,0.0,27.06,177.87,97.46,217.91,98.23,52.14,93.72,33.66,5.72,798.05
41.5171,0.0,0.0,2.75,0.0,0.0,0.0,2.86,0.0,24.64,164.45,85.03,219.56,95.04,55.77,95.26,36.63,5.61,776.38
41.5271,0.0,3.19,0.0,0.0,0.0,0.0,2.86,0.0,22.11,149.6,72.71,230.01,99.77,58.74,99.66,35.2,6.05,767.8
41.5371,0.0,0.0,0.0,0.0,0.0,0.0,0.0,0.0,22.11,139.7,64.9,231.77,102.85,63.25,102.74,35.2,0.0,762.52
41.5471,0.0,0.0,2.75,0.0,0.0,0.0,0.0,0.0,19.69,126.61,55.77,237.05,104.39,66.22,108.68,38.06,2.75,756.47
41.5571,0.0,0.0,2.75,0.0,0.0,0.0,0.0,0.0,18.48,111.76,50.05,240.57,109.01,70.84,114.73,36.63,2.75,752.07
41.5671,0.0,0.0,0.0,0.0,0.0,0.0,0.0,0.0,17.16,99.44,42.9,244.09,112.09,70.84,125.51,39.6,0.0,751.63
41.5771,0.0,0.0,0.0,0.0,0.0,0.0,0.0,0.0,15.95,87.12,37.18,242.33,116.82,75.35,136.18,41.03,0.0,751.96
41.5871,0.0,0.0,0.0,0.0,0.0,0.0,0.0,0.0,14.74,74.8,31.46,240.57,116.82,82.83,143.88,39.6,0.0,744.7
41.5971,0.0,0.0,0.0,0.0,0.0,0.0,0.0,0.0,15.95,65.56,27.17,233.53,120.12,85.91,157.63,41.03,0.0,746.9
41.6071,0.0,0.0,2.75,0.0,0.0,0.0,0.0,0.0,14.74,54.45,20.02,228.25,126.61,88.88,171.71,44.0,2.75,748.66
41.6171,0.0,0.0,0.0,0.0,0.0,0.0,0.0,0.0,14.74,47.85,18.59,219.56,129.8,90.42,184.69,44.0,0.0,749.65
41.6271,0.0,0.0,0.0,0.0,0.0,0.0,0.0,0.0,14.74,36.3,14.3,214.39,136.29,96.47,197.67,44.0,0.0,754.16
41.6371,0.0,0.0,0.0,0.0,0.0,0.0,0.0,0.0,13.53,26.4,11.44,207.46,139.59,99.44,217.14,46.86,0.0,761.86
41.6471,0.0,0.0,0.0,0.0,0.0,0.0,0.0,0.0,13.53,21.45,10.01,197.12,142.78,102.52,231.99,48.4,0.0,767.8
41.6571,0.0,0.0,0.0,0.0,0.0,0.0,0.0,0.0,9.79,16.5,8.58,188.54,142.78,105.49,252.67,54.23,0.0,778.58
41.6671,0.0,0.0,2.75,0.0,0.0,0.0,0.0,0.0,7.37,13.2,7.15,176.44,145.97,107.03,268.18,60.28,2.75,785.62
41.6771,0.0,0.0,2.75,0.0,0.0,0.0,0.0,0.0,6.16,11.55,5.72,167.75,147.62,110.0,281.82,66.44,2.75,797.06
41.6871,0.0,0.0,2.75,0.0,0.0,0.0,0.0,0.0,4.84,11.55,5.72,159.72,149.27,110.0,295.46,71.06,2.75,807.62
41.6971,0.0,0.0,2.75,0.0,0.0,0.0,0.0,0.0,3.63,8.25,4.29,153.45,150.92,113.08,309.1,80.19,2.75,822.91
41.7071,0.0,0.0,0.0,0.0,0.0,0.0,0.0,0.0,3.63,9.9,4.29,143.99,152.46,114.73,322.74,84.81,0.0,836.55
41.7171,0.0,0.0,0.0,0.0,0.0,0.0,0.0,0.0,0.0,4.95,2.86,136.07,154.11,116.49,341.44,95.48,0.0,851.4
41.7271,0.0,0.0,0.0,0.0,0.0,0.0,0.0,0.0,0.0,4.95,2.86,121.88,152.46,118.25,356.84,103.18,0.0,860.42
41.7371,0.0,0.0,2.75,0.0,0.0,0.0,0.0,0.0,0.0,3.3,0.0,109.34,154.11,118.25,372.13,110.88,2.75,868.01
41.7471,0.0,0.0,0.0,0.0,0.0,0.0,0.0,0.0,0.0,3.3,0.0,95.92,150.92,114.73,389.18,117.15,0.0,871.2
41.7571,0.0,0.0,0.0,0.0,0.0,0.0,0.0,0.0,0.0,0.0,2.86,84.04,150.92,116.49,398.09,123.53,0.0,875.93
41.7671,0.0,0.0,0.0,0.0,0.0,0.0,0.0,0.0,0.0,0.0,2.86,70.62,145.97,114.73,412.39,129.91,0.0,876.48
41.7771,3.41,0.0,0.0,0.0,0.0,0.0,0.0,0.0,0.0,0.0,0.0,60.17,142.78,111.54,423.06,134.75,3.41,872.3
41.7871,6.82,0.0,0.0,2.31,0.0,0.0,0.0,0.0,0.0,3.3,2.86,47.74,137.94,108.46,428.45,136.29,9.13,865.04
41.7971,18.92,0.0,0.0,2.31,2.75,0.0,0.0,0.0,0.0,3.3,0.0,34.98,128.15,103.95,437.36,137.94,23.98,845.68
41.8071,41.25,0.0,0.0,2.31,0.0,2.53,0.0,0.0,0.0,0.0,0.0,23.87,120.12,97.9,439.23,142.78,46.09,823.9
41.8171,67.1,0.0,0.0,3.52,4.18,2.53,0.0,0.0,0.0,0.0,0.0,17.49,112.09,88.88,433.84,139.48,77.33,791.78
41.8271,92.95,0.0,0.0,4.73,4.18,2.53,0.0,0.0,0.0,0.0,0.0,11.11,96.69,79.86,419.54,134.75,104.39,741.95
41.8371,129.36,64.9,84.26,5.83,5.5,3.85,2.86,2.75,0.0,0.0,0.0,12.65,78.1,67.76,396.22,129.91,299.31,684.64
41.8471,131.12,149.27,153.12,10.56,6.93,6.49,4.29,2.75,0.0,3.3,0.0,14.3,57.97,55.77,356.84,125.18,464.53,613.36
41.8571,125.84,187.11,213.4,52.03,9.68,6.49,5.72,6.82,0.0,0.0,0.0,14.3,52.91,44.99,276.76,133.1,607.09,522.06
41.8671,127.6,192.39,252.89,69.41,27.83,11.77,10.12,12.32,0.0,3.3,0.0,14.3,43.01,35.53,165.33,137.94,704.33,399.41
41.8771,127.6,190.63,272.47,76.56,41.8,24.86,28.93,19.25,0.0,0.0,0.0,12.65,34.76,26.07,90.75,128.37,782.1,292.6
41.8871,129.36,188.87,285.12,79.42,47.3,35.42,55.0,22.0,0.0,0.0,0.0,11.11,29.81,22.44,42.68,97.02,842.49,203.06
41.8971,127.6,188.87,294.47,80.85,52.91,45.87,74.25,24.75,0.0,0.0,0.0,9.46,21.45,16.61,33.11,63.36,889.57,143.99
41.9071,129.36,188.87,298.21,82.28,55.77,52.47,92.18,26.18,0.0,0.0,0.0,7.92,14.85,11.77,23.43,51.26,925.32,109.23
41.9171,131.12,192.39,301.95,83.71,58.63,56.43,101.09,27.5,0.0,0.0,0.0,6.27,13.2,9.46,16.5,36.63,952.82,82.06
41.9271,132.88,195.91,301.95,83.71,61.6,57.86,105.6,26.18,0.0,0.0,0.0,6.27,6.6,7.04,12.32,22.0,965.69,54.23
41.9371,132.88,197.67,301.95,83.71,63.03,59.29,113.08,28.93,0.0,0.0,0.0,3.08,6.6,4.73,11.0,8.8,980.54,34.21
41.9471,132.88,199.43,298.21,86.57,63.03,64.9,114.62,28.93,0.0,0.0,0.0,3.08,4.95,3.52,6.82,5.83,988.57,24.2
41.9571,129.36,197.67,292.6,89.43,64.57,64.9,121.11,30.36,0.0,0.0,0.0,3.08,4.95,2.31,8.25,5.83,990.0,24.42
41.9671,124.19,192.39,285.12,89.43,66.0,67.76,124.3,31.68,0.0,0.0,0.0,0.0,0.0,2.31,6.82,4.4,980.87,13.53
41.9771,118.91,188.87,277.75,90.86,67.54,69.19,129.14,30.36,0.0,0.0,0.0,3.08,3.3,2.31,5.5,4.4,972.62,18.59
41.9871,110.22,185.35,265.32,93.72,67.54,72.05,130.68,30.36,0.0,0.0,0.0,3.08,3.3,2.31,6.82,2.86,955.24,18.37
41.9971,103.29,178.31,258.17,96.58,67.54,73.48,133.98,31.68,0.0,0.0,0.0,3.08,0.0,0.0,5.5,4.4,943.03,12.98
42.0071,94.71,171.27,243.98,99.44,68.97,74.8,133.98,31.68,0.0,0.0,0.0,3.08,0.0,0.0,5.5,2.86,918.83,11.44
42.0171,86.02,166.1,231.44,100.87,67.54,77.66,135.52,33.11,0.0,0.0,0.0,0.0,0.0,2.31,4.07,2.86,898.26,9.24
42.0271,77.44,157.63,218.9,105.16,68.97,79.09,137.17,33.11,0.0,0.0,0.0,3.08,0.0,2.31,4.07,2.86,877.47,12.32
42.0371,70.51,150.92,206.14,108.02,68.97,81.95,137.17,31.68,0.0,0.0,0.0,3.08,0.0,0.0,2.75,2.86,855.36,8.69
42.0471,65.34,144.21,191.51,110.88,70.4,81.95,138.71,33.11,0.0,0.0,0.0,0.0,0.0,0.0,2.75,0.0,836.11,2.75
42.0571,60.17,137.5,180.51,118.58,68.97,86.13,142.01,34.43,0.0,0.0,0.0,3.08,0.0,0.0,2.75,2.86,828.3,8.69
42.0671,56.76,130.79,169.62,121.66,70.4,87.56,142.01,35.86,0.0,0.0,0.0,0.0,0.0,0.0,0.0,0.0,814.66,0.0
42.0771,51.59,124.08,156.42,124.74,70.4,90.42,145.2,35.86,0.0,0.0,0.0,0.0,0.0,0.0,4.07,2.86,798.71,6.93
42.0871,49.94,115.72,151.47,129.36,71.94,93.17,146.85,35.86,0.0,0.0,0.0,3.08,0.0,0.0,0.0,2.86,794.31,5.94
42.0971,48.18,107.47,143.33,134.09,74.8,94.6,151.58,38.61,0.0,0.0,0.0,3.08,0.0,0.0,2.75,2.86,792.66,8.69
42.1071,44.77,102.52,135.08,135.63,76.34,94.6,154.88,38.61,0.0,0.0,0.0,3.08,0.0,0.0,2.75,2.86,782.43,8.69
42.1171,44.77,94.38,131.89,138.71,76.34,97.46,161.26,41.36,0.0,0.0,0.0,3.08,0.0,0.0,2.75,0.0,786.17,5.83
42.1271,41.25,89.43,123.64,143.33,80.74,101.75,166.1,44.11,0.0,0.0,0.0,0.0,0.0,0.0,2.75,2.86,790.35,5.61
42.1371,39.6,84.48,118.69,143.33,83.71,103.07,172.59,45.54,0.0,0.0,0.0,3.08,0.0,0.0,2.75,2.86,791.01,8.69
42.147,37.84,77.99,113.85,147.95,85.14,105.93,179.52,48.29,0.0,0.0,0.0,0.0,0.0,0.0,2.75,0.0,796.51,2.75
42.157,36.08,73.04,107.58,152.68,86.57,110.22,186.56,52.36,0.0,0.0,0.0,0.0,0.0,0.0,0.0,0.0,805.09,0.0
42.167,34.43,66.55,99.77,154.22,92.51,111.65,195.36,55.11,0.0,0.0,0.0,0.0,0.0,0.0,0.0,0.0,809.6,0.0
42.177,32.67,59.95,95.15,160.38,93.94,113.08,204.05,59.4,0.0,0.0,0.0,3.08,0.0,0.0,0.0,2.86,818.62,5.94
42.187,32.67,53.46,88.88,160.38,96.91,117.7,211.09,65.34,0.0,0.0,0.0,0.0,0.0,0.0,0.0,0.0,826.43,0.0
42.197,30.91,46.97,79.53,165.0,99.88,120.78,219.89,69.85,0.0,0.0,0.0,0.0,0.0,0.0,0.0,0.0,832.81,0.0
42.207,27.5,40.48,70.18,166.54,102.85,123.86,228.47,74.36,0.0,0.0,0.0,0.0,0.0,0.0,0.0,2.86,834.24,2.86
42.217,27.5,35.64,60.94,168.19,105.71,125.4,238.7,81.73,0.0,0.0,0.0,0.0,0.0,0.0,0.0,2.86,843.81,2.86
42.227,25.74,29.15,52.47,168.19,107.25,128.48,245.52,86.24,0.0,0.0,0.0,0.0,0.0,0.0,0.0,0.0,843.04,0.0
42.237,24.09,24.31,41.36,169.73,111.87,130.02,255.64,93.72,0.0,0.0,0.0,0.0,0.0,0.0,0.0,0.0,850.74,0.0
42.247,22.33,21.01,34.43,171.38,111.87,132.99,264.22,99.66,0.0,0.0,0.0,0.0,0.0,0.0,0.0,0.0,857.89,0.0
42.257,20.57,16.17,23.43,169.73,115.28,134.53,276.1,108.57,0.0,0.0,0.0,0.0,0.0,0.0,0.0,0.0,864.38,0.0
42.267,18.92,14.52,17.93,168.19,118.69,136.07,287.76,117.81,0.0,0.0,0.0,0.0,0.0,0.0,0.0,0.0,879.89,0.0
42.277,17.16,11.33,13.75,165.0,120.45,139.15,297.77,125.51,0.0,0.0,0.0,0.0,0.0,0.0,0.0,0.0,890.12,0.0
42.287,13.75,9.68,12.43,160.38,120.45,142.23,309.43,136.29,0.0,0.0,0.0,0.0,0.0,0.0,0.0,0.0,904.64,0.0
42.297,10.23,9.68,9.57,154.22,118.69,143.77,322.74,144.1,0.0,0.0,0.0,0.0,0.0,0.0,0.0,0.0,913.0,0.0
42.307,6.82,6.38,9.57,146.41,117.04,143.77,334.4,154.88,0.0,0.0,0.0,0.0,0.0,0.0,0.0,0.0,919.27,0.0
42.317,0.0,6.38,5.5,137.17,115.28,146.85,347.05,165.66,0.0,0.0,0.0,3.08,0.0,0.0,0.0,0.0,923.89,3.08
42.327,0.0,4.84,4.07,123.2,111.87,148.39,359.81,175.56,0.0,0.0,0.0,0.0,0.0,0.0,0.0,0.0,927.74,0.0
42.337,0.0,3.19,4.07,106.59,108.68,148.39,372.46,185.9,2.42,0.0,0.0,0.0,0.0,0.0,0.0,0.0,929.28,2.42
42.347,0.0,4.84,5.5,90.86,101.31,146.85,383.35,196.35,3.63,0.0,0.0,0.0,0.0,0.0,0.0,0.0,929.06,3.63
42.357,0.0,3.19,4.07,76.56,95.48,148.39,394.24,203.28,6.16,0.0,0.0,0.0,0.0,0.0,0.0,0.0,925.21,6.16
42.367,0.0,3.19,5.5,60.83,89.54,145.31,406.89,211.86,14.74,0.0,0.0,3.08,0.0,0.0,0.0,0.0,923.12,17.82
42.377,0.0,3.19,5.5,47.3,79.31,142.23,412.39,217.14,25.85,0.0,0.0,0.0,0.0,0.0,0.0,0.0,907.06,25.85
42.387,0.0,3.19,5.5,36.63,68.97,137.61,417.78,220.55,39.38,0.0,0.0,3.08,0.0,0.0,0.0,0.0,890.23,42.46
42.397,0.0,3.19,5.5,24.75,60.17,132.99,423.17,222.31,55.44,3.3,0.0,3.08,4.95,3.52,0.0,0.0,872.08,70.29
42.407,0.0,3.19,2.75,14.19,47.3,122.32,423.17,220.55,79.31,59.4,8.58,6.27,6.6,3.52,0.0,0.0,833.47,163.68
42.417,0.0,3.19,4.07,9.46,34.76,110.22,415.91,215.38,87.34,149.6,75.79,7.92,8.25,4.73,2.75,0.0,792.99,336.38
42.427,0.0,3.19,4.07,8.25,26.4,93.17,397.87,206.69,77.99,204.82,139.04,39.82,9.9,7.04,5.5,2.86,739.64,486.97
42.437,0.0,3.19,4.07,7.04,26.4,73.48,361.57,199.76,74.03,225.17,182.82,67.65,29.81,10.67,9.57,10.23,675.51,609.95
42.447,0.0,4.84,4.07,5.83,26.4,51.15,294.47,187.66,74.03,226.93,203.94,81.07,44.66,12.98,9.57,10.23,574.42,663.41
42.457,0.0,4.84,2.75,4.73,25.08,35.42,191.84,182.49,72.6,230.45,212.19,88.55,52.91,12.98,11.0,13.2,447.15,693.88
42.467,0.0,3.19,4.07,3.52,20.9,23.54,105.6,172.04,68.64,230.45,213.73,92.95,64.13,14.19,13.75,14.63,332.86,712.47
42.477,0.0,3.19,4.07,3.52,16.72,20.9,56.43,142.56,67.32,233.97,215.38,97.46,67.21,14.19,20.68,16.06,247.39,732.27
42.487,0.0,4.84,2.75,0.0,16.72,19.58,40.48,93.72,68.64,241.01,217.03,104.94,70.29,14.19,27.5,17.6,178.09,761.2
42.497,0.0,3.19,0.0,0.0,12.54,14.41,28.93,68.31,69.96,246.29,218.68,106.37,70.29,17.71,31.68,19.03,127.38,780.01
42.507,0.0,4.84,0.0,0.0,9.68,11.77,21.67,48.29,72.6,251.68,221.98,110.88,74.91,18.92,34.43,19.03,96.25,804.43
42.517,0.0,3.19,2.75,0.0,5.5,9.13,15.84,24.75,72.6,256.96,220.33,113.96,78.1,21.34,41.36,22.0,61.16,826.65
42.527,0.0,3.19,0.0,0.0,2.75,6.49,11.55,13.75,72.6,258.72,218.68,123.42,76.45,22.44,46.86,20.46,37.73,839.63
42.537,0.0,3.19,2.75,0.0,4.18,3.85,8.69,4.07,69.96,260.48,218.68,128.15,82.72,26.07,55.11,23.43,26.73,864.6
42.547,0.0,0.0,0.0,0.0,0.0,3.85,5.72,2.75,68.64,258.72,217.03,134.42,85.8,29.59,63.91,24.86,12.32,882.97
42.557,0.0,0.0,0.0,0.0,2.75,3.85,5.72,2.75,66.0,256.96,213.73,136.07,88.88,33.22,69.85,26.4,15.07,891.11
42.567,0.0,0.0,2.75,0.0,0.0,0.0,7.15,2.75,64.57,255.2,212.19,137.61,91.96,36.74,78.76,24.86,12.65,901.89
42.577,0.0,3.19,0.0,0.0,2.75,2.53,5.72,0.0,60.61,246.29,208.89,142.34,91.96,39.05,84.81,26.4,14.19,900.35
42.587,0.0,3.19,2.75,0.0,2.75,3.85,4.29,0.0,56.65,239.25,202.4,143.99,95.04,42.68,92.29,29.26,16.83,901.56
42.597,0.0,3.19,2.75,0.0,0.0,3.85,4.29,0.0,51.7,228.69,195.8,147.07,98.23,43.89,99.66,30.8,14.08,895.84
42.607,0.0,0.0,2.75,0.0,0.0,2.53,4.29,0.0,46.86,216.59,186.01,148.72,101.31,47.41,108.68,30.8,9.57,886.38
42.617,0.0,0.0,0.0,0.0,0.0,0.0,4.29,0.0,41.91,203.17,176.33,148.72,104.39,52.14,114.73,33.66,4.29,875.05
42.627,0.0,3.19,0.0,0.0,0.0,2.53,4.29,0.0,38.17,191.29,165.11,150.26,105.93,55.77,122.43,33.66,10.01,862.62
42.637,0.0,0.0,0.0,0.0,0.0,2.53,2.86,0.0,34.43,179.52,155.87,148.72,107.47,55.77,130.02,35.2,5.39,847.0
42.647,0.0,0.0,0.0,0.0,0.0,2.53,2.86,0.0,33.22,169.4,143.66,147.07,110.55,57.2,139.26,36.63,5.39,836.99
42.657,0.0,0.0,0.0,0.0,0.0,0.0,0.0,0.0,30.8,154.55,132.88,150.26,113.63,64.79,145.42,35.2,0.0,827.53
42.667,0.0,0.0,2.75,0.0,0.0,2.53,0.0,0.0,28.27,144.65,125.29,151.8,115.28,67.76,157.63,35.2,5.28,825.88
42.677,0.0,0.0,2.75,0.0,0.0,0.0,0.0,0.0,27.06,131.56,114.51,151.8,121.66,72.27,166.87,39.6,2.75,825.33
42.687,0.0,0.0,0.0,0.0,0.0,0.0,0.0,0.0,24.64,120.01,102.19,151.8,123.31,75.35,179.85,42.46,0.0,819.61
42.697,0.0,0.0,0.0,0.0,0.0,0.0,2.86,0.0,23.43,108.68,91.3,151.8,129.8,81.4,191.18,42.46,2.86,820.05
42.707,0.0,0.0,0.0,0.0,0.0,0.0,0.0,0.0,20.9,96.36,80.41,151.8,136.29,85.91,202.51,44.0,0.0,818.18
42.717,0.0,0.0,0.0,0.0,0.0,0.0,0.0,0.0,20.9,87.12,66.44,150.26,141.13,88.88,212.3,44.0,0.0,811.03
42.727,0.0,0.0,0.0,0.0,0.0,0.0,0.0,0.0,18.48,74.8,58.74,148.72,144.43,90.42,226.93,46.86,0.0,809.38
42.737,0.0,0.0,0.0,0.0,0.0,0.0,0.0,0.0,18.48,65.56,50.05,147.07,150.92,91.96,235.51,48.4,0.0,807.95
42.747,0.0,0.0,0.0,0.0,0.0,0.0,0.0,0.0,17.16,57.75,41.47,145.53,150.92,99.44,247.5,51.26,0.0,811.03
42.757,0.0,0.0,0.0,0.0,0.0,0.0,0.0,0.0,17.16,46.2,32.89,142.34,155.76,97.9,257.84,52.8,0.0,802.89
42.767,0.0,0.0,2.75,0.0,0.0,0.0,0.0,0.0,15.95,37.95,27.17,137.61,158.95,97.9,273.35,58.74,2.75,807.62
42.777,0.0,0.0,0.0,0.0,0.0,0.0,0.0,0.0,15.95,28.05,18.59,134.42,160.6,102.52,280.17,60.28,0.0,800.58
42.787,0.0,0.0,0.0,0.0,0.0,0.0,0.0,0.0,15.95,21.45,14.3,129.69,163.9,103.95,290.4,66.44,0.0,806.08
42.797,0.0,0.0,0.0,0.0,0.0,0.0,0.0,0.0,12.32,16.5,10.01,126.61,163.9,103.95,304.04,69.52,0.0,806.85
42.807,0.0,0.0,2.75,0.0,0.0,0.0,0.0,0.0,9.79,14.85,10.01,120.23,163.9,102.52,314.16,72.6,2.75,808.06
42.817,0.0,0.0,0.0,0.0,0.0,0.0,0.0,0.0,7.37,11.55,8.58,113.96,165.44,105.49,322.74,78.65,0.0,813.78
42.827,0.0,3.19,0.0,0.0,0.0,0.0,0.0,0.0,6.16,11.55,7.15,104.94,162.25,107.03,331.21,83.27,3.19,813.56
42.837,0.0,0.0,2.75,0.0,0.0,0.0,0.0,0.0,4.84,9.9,5.72,99.0,162.25,107.03,343.2,87.89,2.75,819.83
42.847,0.0,0.0,2.75,0.0,0.0,0.0,0.0,0.0,3.63,6.6,4.29,95.92,162.25,105.49,353.43,93.94,2.75,825.55
42.857,0.0,0.0,0.0,0.0,0.0,0.0,0.0,0.0,2.42,6.6,5.72,91.52,158.95,108.46,363.66,100.1,0.0,837.43
42.867,0.0,0.0,0.0,0.0,0.0,0.0,0.0,0.0,0.0,3.3,4.29,85.58,160.6,110.0,370.48,104.72,0.0,838.97
42.877,3.41,0.0,0.0,0.0,0.0,0.0,0.0,0.0,0.0,3.3,4.29,76.56,160.6,108.46,384.12,110.88,3.41,848.21
42.887,5.06,0.0,0.0,0.0,0.0,0.0,0.0,0.0,0.0,4.95,4.29,69.08,155.76,110.0,390.94,113.96,5.06,848.98
42.897,6.82,0.0,0.0,0.0,0.0,0.0,0.0,0.0,0.0,4.95,4.29,61.71,152.46,108.46,403.37,113.96,6.82,849.2
42.907,13.75,0.0,0.0,2.31,0.0,0.0,0.0,0.0,0.0,3.3,2.86,50.93,147.62,108.46,410.52,120.34,16.06,844.03
42.917,30.91,0.0,0.0,2.31,2.75,2.53,0.0,0.0,0.0,3.3,2.86,44.55,142.78,105.49,417.78,123.53,38.5,840.29
42.927,46.42,0.0,0.0,3.52,2.75,0.0,0.0,0.0,0.0,3.3,0.0,36.63,139.59,102.52,421.3,121.99,52.69,825.33
42.937,63.69,0.0,0.0,2.31,2.75,2.53,0.0,0.0,0.0,4.95,2.86,28.6,133.1,100.98,424.93,126.72,71.28,822.14
42.947,84.37,0.0,0.0,2.31,2.75,2.53,0.0,0.0,0.0,0.0,2.86,20.68,126.61,97.9,421.3,123.53,91.96,792.88
42.957,98.12,30.69,59.4,4.73,5.5,3.85,2.86,2.75,0.0,3.3,0.0,11.11,116.82,90.42,421.3,125.18,207.9,768.13
42.967,94.71,97.68,112.2,23.65,6.93,6.49,2.86,2.75,0.0,3.3,2.86,12.65,102.85,79.86,410.52,121.99,347.27,734.03
42.977,91.19,129.14,149.93,53.13,13.86,6.49,4.29,6.82,0.0,0.0,2.86,9.46,88.88,66.22,394.46,118.8,454.85,680.68
42.987,89.54,132.55,178.75,62.26,26.4,18.26,15.84,13.75,0.0,3.3,2.86,9.46,68.75,57.2,365.31,109.34,537.35,616.22
42.997,91.19,132.55,195.14,66.55,34.76,30.14,39.05,17.93,0.0,0.0,2.86,11.11,52.91,46.2,322.74,109.34,607.31,545.16
43.007,91.19,132.55,209.77,66.55,40.37,41.91,62.37,19.25,0.0,3.3,2.86,12.65,46.31,39.05,231.99,112.42,663.96,448.58
43.017,92.95,137.5,218.9,66.55,44.55,49.83,84.7,23.43,0.0,3.3,0.0,9.46,36.41,30.8,128.59,115.61,718.41,324.17
43.027,96.36,139.26,229.68,67.98,47.3,56.43,101.09,26.18,0.0,0.0,0.0,12.65,29.81,23.65,66.88,107.8,764.28,240.79
43.037,99.88,142.56,238.59,67.98,50.16,62.15,110.0,26.18,0.0,0.0,0.0,9.46,26.4,16.61,34.43,75.57,797.5,162.47
43.047,103.29,145.97,247.5,67.98,52.91,63.58,122.65,30.36,0.0,0.0,0.0,7.92,18.15,12.98,27.5,48.4,834.24,114.95
43.057,106.7,149.27,249.26,67.98,55.77,69.19,132.33,31.68,0.0,0.0,0.0,6.27,14.85,10.67,19.25,41.03,862.18,92.07
43.067,108.46,150.92,256.41,67.98,57.2,70.62,137.17,35.86,0.0,3.3,2.86,3.08,9.9,7.04,16.5,26.4,884.62,69.08
43.077,110.22,150.92,256.41,70.84,57.2,72.05,146.85,39.93,0.0,0.0,0.0,4.73,8.25,5.83,13.75,13.2,904.42,45.76
43.087,110.22,152.68,258.17,70.84,60.17,74.8,153.23,44.11,0.0,0.0,0.0,3.08,3.3,3.52,11.0,5.83,924.22,26.73
43.097,108.46,150.92,258.17,70.84,61.6,76.23,156.42,48.29,0.0,0.0,0.0,3.08,3.3,3.52,8.25,0.0,930.93,18.15
43.107,106.7,149.27,254.65,72.27,63.03,77.66,162.91,49.61,0.0,0.0,0.0,4.73,4.95,3.52,6.82,2.86,936.1,22.88
43.117,103.29,145.97,249.26,73.7,64.57,80.52,167.75,52.36,0.0,0.0,0.0,3.08,4.95,3.52,6.82,4.4,937.42,22.77
43.127,98.12,142.56,242.11,73.7,67.54,79.09,170.94,55.11,0.0,0.0,0.0,3.08,3.3,3.52,5.5,2.86,929.17,18.26
43.137,91.19,137.5,233.31,75.13,67.54,80.52,174.24,55.11,0.0,0.0,0.0,4.73,0.0,2.31,6.82,0.0,914.54,13.86
43.147,86.02,130.79,220.77,77.99,68.97,84.7,176.0,56.54,0.0,0.0,0.0,3.08,3.3,0.0,5.5,2.86,901.78,14.74
43.157,77.44,129.14,206.14,80.85,70.4,84.7,179.52,59.4,0.0,0.0,0.0,3.08,3.3,2.31,4.07,2.86,887.59,15.62
43.167,72.27,120.78,195.14,85.14,70.4,87.56,184.8,60.94,0.0,0.0,0.0,0.0,3.3,0.0,2.75,0.0,877.03,6.05
43.177,65.34,115.72,180.51,89.43,70.4,91.85,186.56,62.37,0.0,0.0,0.0,3.08,0.0,2.31,4.07,2.86,862.18,12.32
43.187,60.17,109.12,166.32,93.72,73.37,94.6,188.32,63.91,0.0,0.0,0.0,0.0,0.0,0.0,5.5,2.86,849.53,8.36
43.197,56.76,100.87,156.42,95.15,74.8,96.03,193.6,63.91,0.0,0.0,0.0,0.0,0.0,0.0,2.75,0.0,837.54,2.75
43.207,51.59,94.38,144.98,100.87,76.34,98.89,198.77,68.31,0.0,0.0,0.0,0.0,0.0,0.0,2.75,0.0,834.13,2.75
43.217,49.94,87.78,136.73,102.3,79.31,100.32,204.05,71.28,0.0,0.0,0.0,3.08,0.0,2.31,4.07,2.86,831.71,12.32
43.227,46.42,84.48,126.94,105.16,80.74,104.5,212.85,74.36,0.0,0.0,0.0,0.0,0.0,0.0,2.75,0.0,835.45,2.75
43.237,44.77,76.34,117.04,110.88,83.71,107.36,218.13,78.76,0.0,0.0,0.0,0.0,0.0,2.31,0.0,0.0,836.99,2.31
43.247,41.25,71.39,107.58,113.96,88.11,110.22,226.71,81.73,0.0,0.0,0.0,0.0,0.0,0.0,0.0,0.0,840.95,0.0
43.257,39.6,63.25,99.77,115.5,88.11,113.08,233.53,87.78,0.0,0.0,0.0,0.0,0.0,0.0,2.75,0.0,840.62,2.75
43.267,36.08,56.65,90.42,118.58,91.08,116.16,242.11,90.75,0.0,0.0,0.0,0.0,0.0,0.0,0.0,2.86,841.83,2.86
43.277,34.43,51.81,79.53,120.12,95.48,116.16,250.58,95.15,0.0,0.0,0.0,0.0,0.0,0.0,2.75,0.0,843.26,2.75
43.287,32.67,45.32,71.83,121.66,99.88,120.78,259.05,99.66,0.0,0.0,0.0,3.08,0.0,0.0,2.75,0.0,850.85,5.83
43.297,30.91,38.83,64.02,126.28,99.88,122.32,265.87,105.6,0.0,0.0,0.0,0.0,0.0,0.0,0.0,0.0,853.71,0.0
43.307,29.26,33.99,53.79,127.82,104.28,125.4,276.1,111.65,0.0,0.0,0.0,0.0,0.0,0.0,0.0,0.0,862.29,0.0
43.317,27.5,30.69,46.86,127.82,107.25,128.48,284.46,116.27,0.0,0.0,0.0,0.0,0.0,0.0,0.0,2.86,869.33,2.86
43.327,25.74,24.31,40.04,127.82,108.68,130.02,292.82,123.97,0.0,0.0,0.0,0.0,0.0,0.0,0.0,0.0,873.4,0.0
43.337,25.74,19.36,30.36,126.28,108.68,131.45,299.42,128.59,0.0,0.0,0.0,0.0,0.0,0.0,2.75,0.0,869.88,2.75
43.347,24.09,16.17,23.43,124.74,111.87,132.99,309.43,133.21,0.0,0.0,0.0,0.0,0.0,0.0,0.0,0.0,875.93,0.0
43.357,22.33,12.87,17.93,121.66,113.63,134.53,316.03,139.37,0.0,0.0,0.0,0.0,0.0,0.0,0.0,0.0,878.35,0.0
43.367,18.92,11.33,15.18,117.04,111.87,132.99,324.39,144.1,0.0,0.0,0.0,3.08,0.0,0.0,0.0,0.0,875.82,3.08
43.377,17.16,9.68,11.0,112.42,113.63,132.99,329.34,150.26,0.0,0.0,0.0,0.0,3.3,0.0,0.0,0.0,876.48,3.3
43.387,13.75,9.68,11.0,105.16,113.63,136.07,338.03,154.88,2.42,0.0,0.0,3.08,0.0,0.0,0.0,2.86,882.2,8.36
43.397,10.23,8.03,9.57,99.44,111.87,134.53,348.92,161.04,11.0,3.3,0.0,0.0,0.0,0.0,0.0,0.0,883.63,14.3
43.407,6.82,6.38,8.25,90.86,110.22,132.99,352.55,167.2,13.53,0.0,0.0,3.08,3.3,2.31,0.0,2.86,875.27,25.08
43.417,0.0,6.38,6.82,79.42,107.25,134.53,363.44,170.39,15.95,3.3,0.0,3.08,0.0,0.0,0.0,0.0,868.23,22.33
43.427,0.0,4.84,4.07,67.98,104.28,132.99,368.83,178.97,20.9,4.95,0.0,0.0,0.0,0.0,0.0,0.0,861.96,25.85
43.437,0.0,3.19,4.07,57.97,99.88,131.45,377.96,184.14,24.64,6.6,0.0,0.0,3.3,0.0,0.0,0.0,858.66,34.54
43.447,0.0,4.84,5.5,48.4,95.48,128.48,386.98,191.07,29.59,6.6,0.0,0.0,4.95,0.0,0.0,0.0,860.75,41.14
43.457,0.0,4.84,5.5,37.84,89.54,123.86,394.24,196.35,33.22,23.1,0.0,3.08,6.6,0.0,0.0,0.0,852.17,66.0
43.467,0.0,3.19,4.07,28.38,80.74,119.24,401.5,198.0,29.59,67.1,22.88,20.68,24.75,4.73,4.07,5.83,835.12,179.63
43.477,0.0,3.19,4.07,18.92,71.94,110.22,408.76,204.93,27.06,91.74,58.74,46.2,49.61,10.67,8.25,8.8,822.03,301.07
43.487,0.0,3.19,4.07,11.77,61.6,101.75,410.52,204.93,35.75,128.26,97.46,63.14,57.97,9.46,17.93,14.63,797.83,424.6
43.497,0.0,3.19,2.75,5.83,43.12,87.56,410.52,203.28,40.7,146.3,122.21,73.59,67.21,14.19,35.86,17.6,756.25,517.66
43.507,0.0,3.19,2.75,7.04,27.83,69.19,397.87,198.0,39.38,146.3,132.88,78.1,68.75,22.44,55.11,20.46,705.87,563.42
43.517,0.0,3.19,2.75,4.73,22.22,45.87,361.57,185.9,35.75,146.3,132.88,85.58,73.37,28.38,71.39,24.86,626.23,598.51
43.527,0.0,3.19,4.07,4.73,20.9,30.14,291.06,172.04,34.43,151.25,132.88,92.95,76.45,35.53,83.27,27.83,526.13,634.59
43.537,0.0,3.19,4.07,3.52,19.47,23.54,198.77,154.88,32.01,154.55,129.91,106.37,78.1,44.99,90.75,27.83,407.44,664.51
43.547,0.0,3.19,4.07,4.73,16.72,19.58,108.57,139.37,30.8,159.5,122.21,117.15,82.72,52.14,102.74,30.8,296.23,698.06
43.557,0.0,4.84,2.75,3.52,16.72,19.58,57.86,113.19,30.8,166.1,122.21,128.15,85.8,58.74,108.68,32.23,218.46,732.71
43.567,0.0,3.19,2.75,2.31,12.54,15.73,33.22,75.79,29.59,167.75,119.13,137.61,90.42,66.22,117.81,35.2,145.53,763.73
43.5769,0.0,0.0,2.75,2.31,11.11,13.09,24.53,51.04,28.27,167.75,116.05,150.26,93.5,72.27,128.59,36.63,104.83,793.32
43.5869,0.0,0.0,2.75,0.0,6.93,10.45,17.38,31.68,29.59,171.05,114.51,158.18,96.69,81.4,134.64,36.63,69.19,822.69
43.5969,0.0,0.0,2.75,0.0,6.93,9.13,15.84,13.75,28.27,167.75,114.51,164.45,99.77,87.34,148.39,41.03,48.4,851.51
43.6069,0.0,3.19,2.75,0.0,4.18,5.17,8.69,6.82,28.27,166.1,109.89,167.75,105.93,93.39,160.71,42.46,30.8,874.5
43.6169,0.0,0.0,0.0,0.0,2.75,5.17,8.69,2.75,27.06,157.85,109.89,169.51,112.09,100.98,171.71,44.0,19.36,893.09
43.6269,0.0,0.0,0.0,0.0,0.0,2.53,7.15,4.07,27.06,154.55,108.35,171.27,113.63,103.95,184.69,46.86,13.75,910.36
43.6369,0.0,0.0,0.0,0.0,2.75,3.85,7.15,2.75,24.64,147.95,105.27,171.27,118.47,107.03,192.83,48.4,16.5,915.86
43.6469,0.0,0.0,0.0,0.0,2.75,3.85,7.15,2.75,23.43,138.16,94.38,171.27,123.31,110.0,205.81,52.8,16.5,919.16
43.6569,0.0,0.0,0.0,0.0,2.75,2.53,5.72,2.75,22.11,128.26,86.68,171.27,126.61,113.08,215.49,55.77,13.75,919.27
43.6669,0.0,0.0,2.75,0.0,0.0,2.53,5.72,0.0,20.9,118.36,75.79,169.51,129.8,116.49,221.98,57.2,11.0,910.03
43.6769,0.0,0.0,0.0,0.0,2.75,0.0,4.29,2.75,18.48,105.6,64.9,166.1,134.64,118.25,228.58,58.74,9.79,895.29
43.6869,0.0,0.0,2.75,0.0,0.0,0.0,4.29,0.0,17.16,93.28,52.91,164.45,137.94,114.73,242.33,66.44,7.04,889.24
43.6969,0.0,0.0,0.0,0.0,0.0,3.85,4.29,0.0,14.74,77.88,41.47,161.26,142.78,116.49,249.26,66.44,8.14,870.32
43.7069,0.0,0.0,2.75,0.0,0.0,0.0,2.86,0.0,14.74,67.1,35.75,158.18,144.43,120.01,256.08,69.52,5.61,865.81
43.7169,0.0,0.0,0.0,0.0,0.0,2.53,4.29,0.0,13.53,57.75,28.6,154.99,144.43,121.77,264.66,72.6,6.82,858.33
43.7269,0.0,0.0,2.75,0.0,2.75,2.53,4.29,0.0,13.53,49.5,21.45,150.26,145.97,121.77,271.59,74.14,12.32,848.21
43.7369,0.0,0.0,0.0,0.0,0.0,2.53,2.86,0.0,13.53,41.25,17.16,145.53,147.62,121.77,280.17,75.57,5.39,842.6
43.7469,0.0,0.0,2.75,0.0,0.0,0.0,2.86,0.0,12.32,31.35,14.3,143.99,147.62,121.77,286.99,78.65,5.61,836.99
43.7569,0.0,0.0,0.0,0.0,0.0,2.53,0.0,0.0,12.32,24.75,10.01,139.15,149.27,121.77,292.05,80.19,2.53,829.51
43.7669,0.0,0.0,2.75,0.0,0.0,0.0,2.86,0.0,12.32,19.8,10.01,136.07,150.92,121.77,297.22,78.65,5.61,826.76
43.7769,0.0,0.0,0.0,0.0,0.0,0.0,0.0,0.0,11.0,16.5,8.58,129.69,150.92,121.77,302.28,80.19,0.0,820.93
43.7869,0.0,0.0,0.0,0.0,0.0,0.0,0.0,0.0,9.79,13.2,7.15,126.61,150.92,120.01,309.1,84.81,0.0,821.59
43.7969,0.0,0.0,0.0,0.0,0.0,0.0,0.0,0.0,7.37,11.55,7.15,121.88,149.27,120.01,314.16,86.35,0.0,817.74
43.8069,0.0,0.0,0.0,0.0,0.0,0.0,0.0,0.0,6.16,11.55,5.72,115.5,149.27,120.01,320.98,87.89,0.0,817.08
43.8169,0.0,0.0,2.75,0.0,0.0,0.0,0.0,0.0,4.84,8.25,5.72,109.34,149.27,120.01,326.15,90.97,2.75,814.55
43.8269,0.0,0.0,2.75,0.0,0.0,0.0,0.0,0.0,4.84,8.25,4.29,103.4,149.27,118.25,332.97,92.51,2.75,813.78
43.8369,0.0,0.0,2.75,0.0,0.0,0.0,0.0,0.0,3.63,8.25,4.29,97.46,147.62,118.25,336.38,93.94,2.75,809.82
43.8469,0.0,0.0,2.75,0.0,0.0,0.0,0.0,0.0,3.63,4.95,2.86,92.95,145.97,116.49,344.85,97.02,2.75,808.72
43.8569,0.0,0.0,2.75,0.0,0.0,0.0,0.0,0.0,2.42,4.95,4.29,85.58,145.97,118.25,348.26,98.56,2.75,808.28
43.8669,0.0,0.0,0.0,0.0,0.0,0.0,0.0,0.0,2.42,6.6,2.86,81.07,145.97,116.49,355.08,100.1,0.0,810.59
43.8769,0.0,0.0,0.0,0.0,0.0,0.0,0.0,0.0,0.0,3.3,2.86,76.56,145.97,114.73,356.84,101.64,0.0,801.9
43.8869,0.0,0.0,4.07,0.0,2.75,2.53,0.0,0.0,0.0,3.3,0.0,69.08,144.43,116.49,365.31,103.18,9.35,801.79
43.8969,3.41,0.0,5.5,5.83,2.75,0.0,0.0,0.0,0.0,3.3,0.0,63.14,142.78,116.49,370.48,107.8,17.49,803.99
43.9069,3.41,0.0,5.5,7.04,2.75,0.0,0.0,0.0,0.0,3.3,0.0,58.74,139.59,113.08,375.54,109.34,18.7,799.59
43.9169,3.41,3.19,5.5,7.04,4.18,3.85,0.0,0.0,0.0,3.3,0.0,52.58,137.94,113.08,382.36,110.88,27.17,800.14
43.9269,5.06,3.19,5.5,11.77,4.18,2.53,0.0,2.75,0.0,3.3,0.0,44.55,134.64,111.54,389.18,110.88,34.98,794.09
43.9369,6.82,4.84,4.07,20.02,4.18,5.17,2.86,4.07,0.0,0.0,0.0,38.17,131.45,110.0,392.7,113.96,52.03,786.28
43.9469,8.58,6.38,4.07,38.94,6.93,6.49,5.72,2.75,0.0,0.0,0.0,34.98,129.8,108.46,396.22,117.15,79.86,786.61
43.9569,13.75,8.03,4.07,55.55,22.22,14.41,12.98,12.32,0.0,0.0,0.0,31.79,126.61,107.03,396.22,115.61,143.33,777.26
43.9669,27.5,6.38,9.57,57.97,43.12,27.5,34.76,17.93,0.0,0.0,2.86,22.22,120.12,105.49,398.09,120.34,224.73,769.12
43.9769,37.84,8.03,35.86,56.76,55.77,39.27,69.74,23.43,0.0,0.0,0.0,17.49,113.63,102.52,398.09,120.34,326.7,752.07
43.9869,48.18,21.01,73.37,65.12,66.0,48.51,95.15,24.75,0.0,0.0,0.0,14.3,109.01,97.9,396.22,120.34,442.09,737.77
43.9969,55.11,42.13,99.77,67.98,70.4,57.86,114.62,27.5,0.0,0.0,0.0,11.11,96.69,91.96,387.53,115.61,535.37,702.9
44.0069,56.76,51.81,112.2,67.98,76.34,64.9,133.98,30.36,0.0,0.0,0.0,7.92,85.8,81.4,370.48,112.42,594.33,658.02
44.0169,56.76,53.46,115.39,66.55,79.31,70.62,153.23,31.68,0.0,0.0,0.0,11.11,70.29,72.27,346.61,107.8,627.0,608.08
44.0269,55.11,53.46,113.85,65.12,83.71,73.48,167.75,37.18,0.0,0.0,0.0,9.46,54.56,61.71,312.51,101.64,649.66,539.88
44.0369,55.11,55.11,113.85,65.12,85.14,77.66,179.52,39.93,0.0,0.0,0.0,11.11,43.01,50.93,266.42,101.64,671.44,473.11
44.0469,56.76,59.95,118.69,67.98,86.57,79.09,193.6,46.86,0.0,0.0,0.0,12.65,38.06,41.47,187.99,104.72,709.5,384.89
44.0569,58.52,69.74,123.64,69.41,92.51,81.95,202.29,52.36,0.0,0.0,0.0,11.11,33.11,33.22,105.71,107.8,750.42,290.95
44.0669,60.17,76.34,131.89,69.41,93.94,83.38,209.33,56.54,0.0,0.0,0.0,11.11,26.4,21.34,63.91,100.1,781.0,222.86
44.0769,63.69,81.29,138.38,69.41,95.48,83.38,214.61,60.94,0.0,0.0,0.0,9.46,23.1,17.71,34.43,74.14,807.18,158.84
44.0869,65.34,86.13,148.28,67.98,99.88,84.7,223.41,62.37,0.0,0.0,0.0,7.92,19.8,12.98,24.75,46.86,838.09,112.31
44.0969,68.86,89.43,154.77,67.98,101.31,84.7,226.71,65.34,0.0,0.0,0.0,4.73,14.85,10.67,17.93,35.2,859.1,83.38
44.1069,70.51,92.73,163.02,65.12,104.28,83.38,231.88,68.31,0.0,0.0,0.0,4.73,11.55,7.04,15.18,26.4,879.23,64.9
44.1169,74.03,94.38,167.97,65.12,105.71,83.38,238.7,69.85,0.0,0.0,0.0,6.27,9.9,5.83,12.32,14.63,899.14,48.95
44.1269,75.68,96.03,175.01,63.69,107.25,81.95,240.35,72.82,0.0,0.0,0.0,3.08,6.6,4.73,11.0,7.26,912.78,32.67
44.1369,77.44,97.68,175.01,62.26,107.25,83.38,245.52,72.82,0.0,0.0,0.0,0.0,4.95,3.52,9.57,5.83,921.36,23.87
44.1469,75.68,96.03,175.01,63.69,108.68,83.38,247.17,74.36,0.0,0.0,0.0,0.0,4.95,3.52,6.82,4.4,924.0,19.69
44.1569,75.68,96.03,173.25,63.69,110.22,84.7,250.58,77.33,0.0,0.0,0.0,4.73,4.95,3.52,8.25,4.4,931.48,25.85
44.1669,74.03,96.03,169.62,63.69,110.22,83.38,250.58,77.33,0.0,0.0,0.0,0.0,3.3,3.52,5.5,2.86,924.88,15.18
44.1769,72.27,94.38,163.02,65.12,107.25,84.7,250.58,78.76,0.0,0.0,0.0,3.08,0.0,2.31,5.5,2.86,916.08,13.75
44.1869,70.51,94.38,159.72,66.55,110.22,86.13,250.58,78.76,0.0,0.0,0.0,3.08,3.3,0.0,5.5,2.86,916.85,14.74
44.1969,67.1,92.73,154.77,66.55,108.68,87.56,252.23,81.73,0.0,0.0,0.0,3.08,0.0,2.31,5.5,0.0,911.35,10.89
44.2069,67.1,91.08,151.47,67.98,110.22,87.56,253.99,80.3,0.0,0.0,0.0,4.73,0.0,2.31,5.5,0.0,909.7,12.54
44.2169,65.34,89.43,143.33,67.98,110.22,87.56,255.64,83.27,0.0,0.0,0.0,0.0,3.3,0.0,6.82,2.86,902.77,12.98
44.2269,61.93,87.78,140.03,67.98,110.22,88.99,259.05,84.7,0.0,0.0,0.0,3.08,0.0,2.31,5.5,2.86,900.68,13.75
44.2369,61.93,86.13,135.08,67.98,111.87,87.56,259.05,84.7,0.0,0.0,0.0,0.0,0.0,2.31,0.0,0.0,894.3,2.31
44.2469,60.17,84.48,131.89,70.84,110.22,88.99,260.81,87.78,0.0,0.0,0.0,0.0,0.0,2.31,4.07,0.0,895.18,6.38
44.2569,58.52,82.94,128.59,69.41,111.87,87.56,262.46,87.78,0.0,0.0,0.0,0.0,0.0,0.0,2.75,2.86,889.13,5.61
44.2669,58.52,79.64,128.59,69.41,111.87,90.42,262.46,89.21,0.0,0.0,0.0,3.08,0.0,2.31,0.0,2.86,890.12,8.25
44.2769,56.76,79.64,125.29,69.41,113.63,88.99,265.87,90.75,0.0,0.0,0.0,0.0,0.0,0.0,2.75,2.86,890.34,5.61
44.2869,56.76,76.34,125.29,69.41,111.87,90.42,267.63,89.21,0.0,0.0,0.0,3.08,0.0,0.0,2.75,0.0,886.93,5.83
44.2969,56.76,76.34,128.59,67.98,111.87,90.42,267.63,90.75,0.0,0.0,0.0,0.0,0.0,2.31,0.0,2.86,890.34,5.17
44.3069,58.52,76.34,130.24,69.41,111.87,90.42,267.63,93.72,0.0,0.0,0.0,3.08,0.0,0.0,2.75,0.0,898.15,5.83
44.3169,58.52,77.99,133.43,67.98,111.87,88.99,265.87,93.72,0.0,0.0,0.0,3.08,0.0,0.0,4.07,0.0,898.37,7.15
44.3269,60.17,79.64,135.08,67.98,113.63,90.42,265.87,95.15,0.0,0.0,0.0,3.08,0.0,0.0,0.0,0.0,907.94,3.08
44.3369,60.17,81.29,140.03,67.98,113.63,91.85,267.63,95.15,0.0,0.0,0.0,3.08,0.0,0.0,2.75,0.0,917.73,5.83
44.3469,61.93,81.29,141.68,72.27,113.63,90.42,267.63,96.69,0.0,0.0,0.0,0.0,3.3,2.31,0.0,2.86,925.54,8.47
44.3569,63.69,82.94,144.98,72.27,111.87,91.85,264.22,96.69,0.0,0.0,0.0,4.73,3.3,2.31,0.0,2.86,928.51,13.2
44.3669,63.69,84.48,146.63,72.27,110.22,91.85,265.87,95.15,0.0,0.0,0.0,0.0,4.95,0.0,2.75,0.0,930.16,7.7
44.3769,63.69,86.13,144.98,75.13,111.87,93.17,262.46,98.12,0.0,0.0,0.0,0.0,6.6,0.0,2.75,2.86,935.55,12.21
44.3869,63.69,86.13,146.63,75.13,110.22,90.42,262.46,98.12,4.84,0.0,0.0,3.08,8.25,0.0,4.07,2.86,932.8,23.1
44.3969,63.69,84.48,146.63,76.56,108.68,91.85,260.81,98.12,4.84,0.0,0.0,3.08,4.95,2.31,0.0,2.86,930.82,18.04
44.4069,63.69,82.94,143.33,76.56,107.25,93.17,257.4,99.66,3.63,0.0,0.0,0.0,8.25,0.0,2.75,2.86,924.0,17.49
44.4169,63.69,82.94,143.33,79.42,105.71,93.17,253.99,96.69,4.84,0.0,0.0,0.0,9.9,0.0,2.75,2.86,918.94,20.35
44.4269,61.93,81.29,141.68,77.99,104.28,94.6,252.23,96.69,7.37,0.0,2.86,0.0,16.5,3.52,0.0,0.0,910.69,30.25
44.4369,61.93,79.64,138.38,79.42,102.85,96.03,247.17,98.12,8.58,4.95,2.86,4.73,23.1,2.31,5.5,4.4,903.54,56.43
44.4469,60.17,76.34,133.43,82.28,102.85,94.6,245.52,98.12,7.37,3.3,4.29,14.3,38.06,2.31,6.82,7.26,893.31,83.71
44.4569,58.52,73.04,131.89,83.71,99.88,94.6,243.76,96.69,7.37,3.3,0.0,31.79,47.96,5.83,12.32,10.23,882.09,118.8
44.4669,56.76,69.74,126.94,83.71,98.34,96.03,238.7,96.69,9.79,8.25,2.86,49.39,51.26,7.04,16.5,10.23,866.91,155.32
44.4769,55.11,68.2,121.99,85.14,96.91,94.6,233.53,95.15,12.32,6.6,2.86,70.62,52.91,8.25,20.68,13.2,850.63,187.44
44.4869,53.35,63.25,115.39,89.43,93.94,94.6,225.06,92.18,14.74,13.2,2.86,87.01,52.91,12.98,20.68,16.06,827.2,220.44
44.4969,51.59,61.6,110.66,89.43,91.08,96.03,221.65,92.18,15.95,28.05,4.29,97.46,59.51,16.61,23.43,19.03,814.22,264.33
44.5069,49.94,58.3,106.04,92.29,89.54,94.6,212.85,90.75,19.69,46.2,4.29,109.34,68.75,18.92,31.68,19.03,794.31,317.9
44.5169,48.18,51.81,96.69,95.15,86.57,97.46,205.81,87.78,23.43,59.4,5.72,115.5,73.37,23.65,35.86,22.0,769.45,358.93
44.5269,44.77,46.97,88.88,98.01,83.71,94.6,198.77,84.7,24.64,73.26,10.01,120.23,81.18,27.28,45.54,23.43,740.41,405.57
44.5369,43.01,40.48,77.99,99.44,80.74,96.03,190.08,81.73,25.85,82.5,20.02,128.15,82.72,32.01,53.79,24.86,709.5,449.9
44.5469,37.84,30.69,68.64,100.87,76.34,96.03,184.8,77.33,27.06,88.66,28.6,132.88,85.8,36.74,62.37,26.4,672.54,488.51
44.5569,36.08,25.85,57.97,100.87,74.8,94.6,174.24,72.82,28.27,93.28,34.32,136.07,87.34,41.47,69.85,24.86,637.23,515.46
44.5669,32.67,21.01,48.29,102.3,70.4,93.17,164.45,66.88,28.27,96.36,37.18,139.15,88.88,43.89,77.33,29.26,599.17,540.32
44.5769,29.26,16.17,37.29,100.87,67.54,91.85,158.07,62.37,28.27,100.98,38.61,140.8,87.34,47.41,81.84,30.8,563.42,556.05
44.5869,27.5,12.87,30.36,99.44,63.03,87.56,148.39,57.97,29.59,108.68,42.9,139.15,87.34,49.83,87.78,32.23,527.12,577.5
44.5969,25.74,9.68,22.0,96.58,60.17,86.13,140.36,51.04,30.8,113.41,45.76,142.34,84.26,53.35,87.78,30.8,491.7,588.5
44.6069,22.33,9.68,17.93,93.72,55.77,80.52,129.14,46.86,30.8,118.36,48.62,139.15,87.34,53.35,93.72,33.66,455.95,605.0
44.6169,22.33,9.68,15.18,90.86,51.48,74.8,116.27,41.36,32.01,123.31,51.48,140.8,87.34,55.77,98.23,32.23,421.96,621.17
44.6269,18.92,8.03,12.43,88.0,43.12,69.19,102.63,37.18,34.43,134.86,58.74,140.8,87.34,54.56,99.66,32.23,379.5,642.62
44.6369,15.4,9.68,11.0,86.57,38.94,63.58,89.21,35.86,35.75,141.35,66.44,139.15,88.88,58.74,101.2,35.2,350.24,666.71
44.6469,11.99,8.03,8.25,82.28,32.01,59.29,74.25,31.68,36.96,151.25,72.71,139.15,88.88,58.74,107.14,35.2,307.78,690.03
44.6569,10.23,6.38,8.25,76.56,27.83,53.79,62.37,28.93,39.38,159.5,81.95,140.8,90.42,60.28,111.65,35.2,274.34,719.18
44.6669,8.58,8.03,8.25,69.41,25.08,47.19,49.17,24.75,43.12,167.75,88.22,137.61,88.88,64.79,116.27,36.63,240.46,743.27
44.6769,6.82,4.84,5.5,60.83,20.9,40.59,39.05,22.0,45.54,177.87,95.92,140.8,91.96,66.22,116.27,35.2,200.53,769.78
44.6869,6.82,6.38,6.82,53.13,16.72,34.1,28.93,20.68,46.86,182.93,99.0,143.99,93.5,66.22,122.43,38.06,173.58,792.99
44.6969,5.06,6.38,8.25,46.09,11.11,23.54,24.53,16.5,49.28,189.64,105.27,143.99,96.69,69.3,125.51,38.06,141.46,817.74
44.7069,5.06,6.38,6.82,38.94,8.36,13.09,18.81,9.57,51.7,198.11,108.35,143.99,96.69,67.76,128.59,36.63,107.03,831.82
44.7169,5.06,4.84,8.25,28.38,9.68,11.77,14.41,6.82,53.02,201.41,109.89,142.34,98.23,70.84,130.02,38.06,89.21,843.81
44.7269,5.06,4.84,6.82,21.23,9.68,10.45,14.41,6.82,55.44,206.47,114.51,145.53,98.23,72.27,134.64,39.6,79.31,866.69
44.7369,5.06,4.84,5.5,16.5,8.36,6.49,11.55,5.5,56.65,211.53,116.05,142.34,101.31,73.81,136.18,39.6,63.8,877.47
44.7469,5.06,4.84,6.82,12.98,8.36,9.13,11.55,5.5,57.97,214.94,117.59,143.99,104.39,72.27,139.26,39.6,64.24,890.01
44.7569,5.06,4.84,4.07,9.46,6.93,7.81,10.12,5.5,59.29,216.59,119.13,143.99,105.93,72.27,143.88,39.6,53.79,900.68
44.7669,5.06,4.84,5.5,9.46,6.93,7.81,10.12,2.75,59.29,216.59,117.59,142.34,107.47,76.78,143.88,39.6,52.47,903.54
44.7769,3.41,4.84,5.5,8.25,5.5,6.49,10.12,2.75,59.29,216.59,122.21,143.99,107.47,76.78,149.93,41.03,46.86,917.29
44.7869,3.41,4.84,4.07,7.04,5.5,6.49,7.15,2.75,60.61,218.35,123.75,142.34,107.47,76.78,153.01,41.03,41.25,923.34
44.7969,0.0,3.19,4.07,7.04,2.75,3.85,7.15,4.07,61.93,220.0,125.29,139.15,110.55,75.35,154.55,39.6,32.12,926.42
44.8069,0.0,3.19,5.5,4.73,4.18,5.17,7.15,4.07,61.93,220.0,126.83,137.61,110.55,75.35,156.09,41.03,33.99,929.39
44.8169,0.0,3.19,4.07,5.83,5.5,5.17,7.15,2.75,63.25,221.65,128.37,132.88,110.55,76.78,157.63,38.06,33.66,929.17
44.8269,0.0,3.19,4.07,4.73,4.18,5.17,8.69,0.0,64.57,220.0,126.83,132.88,110.55,73.81,159.17,41.03,30.03,928.84
44.8369,0.0,3.19,4.07,5.83,4.18,5.17,7.15,2.75,64.57,218.35,128.37,128.15,109.01,73.81,160.71,39.6,32.34,922.57
44.8469,0.0,3.19,2.75,5.83,4.18,5.17,7.15,0.0,64.57,214.94,129.91,126.61,109.01,73.81,160.71,41.03,28.27,920.59
44.8569,0.0,3.19,2.75,5.83,4.18,5.17,5.72,2.75,64.57,214.94,129.91,120.23,109.01,73.81,162.25,41.03,29.59,915.75
44.8669,0.0,3.19,2.75,4.73,2.75,5.17,5.72,0.0,64.57,211.53,128.37,120.23,110.55,75.35,165.33,41.03,24.31,916.96
44.8769,0.0,3.19,4.07,3.52,2.75,5.17,5.72,0.0,63.25,209.88,129.91,120.23,109.01,75.35,165.33,39.6,24.42,912.56
44.8869,0.0,0.0,4.07,4.73,4.18,3.85,5.72,0.0,64.57,213.29,131.45,118.69,112.09,75.35,165.33,41.03,22.55,921.8
44.8969,0.0,0.0,2.75,3.52,2.75,3.85,4.29,2.75,64.57,211.53,132.88,118.69,110.55,73.81,166.87,41.03,19.91,919.93
44.9069,0.0,3.19,4.07,4.73,2.75,5.17,5.72,0.0,64.57,213.29,131.45,118.69,110.55,73.81,168.52,41.03,25.63,921.91
44.9169,0.0,0.0,2.75,5.83,2.75,5.17,5.72,0.0,64.57,209.88,131.45,118.69,113.63,73.81,170.17,38.06,22.22,920.26
44.9269,0.0,0.0,2.75,4.73,4.18,3.85,4.29,0.0,64.57,211.53,129.91,113.96,113.63,73.81,171.71,41.03,19.8,920.15
44.9369,0.0,0.0,2.75,3.52,4.18,3.85,4.29,0.0,63.25,209.88,129.91,112.42,113.63,73.81,175.01,42.46,18.59,920.37
44.9469,0.0,0.0,0.0,3.52,4.18,3.85,4.29,0.0,63.25,206.47,126.83,113.96,112.09,73.81,178.2,42.46,15.84,917.07
44.9569,0.0,0.0,0.0,3.52,4.18,3.85,4.29,0.0,61.93,201.41,126.83,112.42,116.82,76.78,178.2,41.03,15.84,915.42
44.9669,0.0,3.19,0.0,4.73,4.18,2.53,2.86,0.0,61.93,203.17,129.91,112.42,116.82,73.81,183.15,39.6,17.49,920.81
44.9769,0.0,0.0,2.75,3.52,2.75,3.85,4.29,0.0,61.93,204.82,129.91,109.34,118.47,76.78,183.15,41.03,17.16,925.43
44.9869,0.0,0.0,0.0,4.73,0.0,3.85,4.29,2.75,61.93,201.41,128.37,112.42,118.47,78.32,184.69,44.0,15.62,929.61
44.9969,0.0,0.0,2.75,2.31,4.18,3.85,4.29,0.0,61.93,203.17,129.91,110.88,118.47,75.35,189.64,44.0,17.38,933.35
45.0068,0.0,0.0,2.75,3.52,2.75,3.85,4.29,2.75,61.93,204.82,128.37,109.34,121.66,76.78,192.83,42.46,19.91,938.19
45.0168,0.0,0.0,0.0,4.73,4.18,3.85,4.29,0.0,60.61,201.41,126.83,112.42,120.12,79.86,196.02,44.0,17.05,941.27
45.0268,0.0,0.0,0.0,4.73,2.75,2.53,2.86,0.0,60.61,201.41,126.83,110.88,123.31,79.86,199.32,42.46,12.87,944.68
45.0368,0.0,0.0,0.0,3.52,2.75,2.53,4.29,0.0,59.29,198.11,125.29,110.88,123.31,78.32,202.51,45.43,13.09,943.14
45.0468,0.0,0.0,2.75,3.52,2.75,3.85,2.86,0.0,57.97,196.35,123.75,109.34,124.96,79.86,204.16,44.0,15.73,940.39
45.0568,0.0,0.0,0.0,3.52,2.75,2.53,4.29,0.0,57.97,196.35,122.21,109.34,126.61,81.4,200.97,42.46,13.09,937.31
45.0668,0.0,3.19,2.75,3.52,2.75,3.85,4.29,0.0,57.97,196.35,122.21,109.34,123.31,79.86,202.51,44.0,20.35,935.55
45.0768,0.0,0.0,0.0,3.52,4.18,3.85,4.29,0.0,57.97,196.35,122.21,107.91,126.61,81.4,202.51,45.43,15.84,940.39
45.0868,0.0,3.19,4.07,3.52,2.75,3.85,2.86,2.75,56.65,196.35,120.67,109.34,124.96,81.4,205.81,45.43,22.99,940.61
45.0968,6.82,0.0,4.07,2.31,4.18,3.85,4.29,0.0,56.65,193.05,120.67,109.34,124.96,81.4,205.81,45.43,25.52,937.31
45.1068,10.23,0.0,2.75,2.31,0.0,3.85,2.86,0.0,55.44,191.29,117.59,107.91,126.61,81.4,204.16,45.43,22.0,929.83
45.1168,11.99,0.0,2.75,4.73,4.18,2.53,4.29,0.0,54.23,189.64,116.05,107.91,126.61,81.4,209.0,44.0,30.47,928.84
45.1268,17.16,0.0,4.07,3.52,2.75,5.17,4.29,0.0,53.02,187.99,114.51,107.91,128.15,81.4,207.46,45.43,36.96,925.87
45.1368,22.33,0.0,5.5,3.52,5.5,5.17,5.72,0.0,53.02,182.93,109.89,104.94,128.15,82.83,212.3,46.86,47.74,920.92
45.1468,24.09,0.0,5.5,4.73,5.5,3.85,4.29,0.0,51.7,182.93,111.43,107.91,126.61,82.83,212.3,48.4,47.96,924.11
45.1568,25.74,0.0,5.5,4.73,12.54,3.85,5.72,4.07,51.7,182.93,109.89,106.37,129.8,81.4,213.95,44.0,62.15,920.04
45.1668,29.26,4.84,6.82,5.83,15.29,3.85,7.15,2.75,50.49,179.52,106.81,106.37,131.45,82.83,212.3,46.86,75.79,916.63
45.1768,30.91,4.84,5.5,10.56,18.04,6.49,8.69,4.07,50.49,177.87,105.27,104.94,128.15,82.83,215.49,48.4,89.1,913.44
45.1868,34.43,6.38,6.82,12.98,20.9,5.17,7.15,4.07,48.07,174.46,100.65,104.94,129.8,79.86,217.14,48.4,97.9,903.32
45.1968,36.08,6.38,11.0,14.19,25.08,6.49,8.69,5.5,48.07,171.05,99.0,103.4,131.45,81.4,215.49,44.0,113.41,893.86
45.2068,39.6,6.38,15.18,17.71,29.26,6.49,10.12,4.07,45.54,164.45,94.38,103.4,133.1,82.83,218.79,48.4,128.81,890.89
45.2168,41.25,6.38,17.93,17.71,32.01,7.81,17.38,5.5,43.12,159.5,88.22,100.43,129.8,81.4,221.98,48.4,145.97,872.85
45.2268,43.01,8.03,23.43,22.44,36.19,9.13,24.53,6.82,40.7,149.6,81.95,97.46,133.1,81.4,223.63,46.86,173.58,854.7
45.2368,43.01,9.68,28.93,27.17,38.94,11.77,34.76,9.57,39.38,143.0,72.71,92.95,133.1,79.86,225.28,48.4,203.83,834.68
45.2468,46.42,12.87,38.61,31.9,40.37,17.05,44.88,13.75,38.17,133.21,66.44,92.95,129.8,81.4,221.98,45.43,245.85,809.38
45.2568,46.42,16.17,45.54,35.42,41.8,19.58,55.0,13.75,35.75,120.01,58.74,88.55,133.1,79.86,221.98,48.4,273.68,786.39
45.2668,49.94,21.01,51.04,37.84,44.55,23.54,59.4,16.5,34.43,110.22,50.05,87.01,131.45,75.35,225.28,48.4,303.82,762.19
45.2768,49.94,27.5,56.54,38.94,47.3,27.5,66.77,17.93,32.01,100.98,42.9,84.04,129.8,76.78,220.44,46.86,332.42,733.81
45.2868,51.59,32.34,62.48,41.36,48.73,30.14,71.28,19.25,30.8,90.2,37.18,82.5,128.15,75.35,223.63,42.46,357.17,710.27
45.2968,53.35,37.18,67.1,41.36,47.3,31.46,77.22,17.93,28.27,76.34,27.17,79.53,126.61,75.35,220.44,45.43,372.9,679.14
45.3068,53.35,43.67,68.64,44.88,50.16,35.42,78.76,19.25,27.06,65.56,22.88,76.56,123.31,73.81,221.98,45.43,394.13,656.59
45.3168,53.35,46.97,73.37,46.09,51.48,36.74,83.16,19.25,24.64,52.8,17.16,73.59,123.31,72.27,220.44,44.0,410.41,628.21
45.3268,55.11,51.81,79.53,46.09,51.48,39.27,87.67,20.68,23.43,37.95,14.3,67.65,121.66,72.27,217.14,42.46,431.64,596.86
45.3368,55.11,56.65,82.72,47.3,52.91,41.91,92.18,20.68,20.9,28.05,11.44,66.11,116.82,70.84,217.14,44.0,449.46,575.3
45.3468,56.76,61.6,85.8,49.61,54.34,44.55,95.15,22.0,17.16,19.8,8.58,61.71,115.28,72.27,213.95,41.03,469.81,549.78
45.3568,58.52,64.9,91.96,48.4,55.77,44.55,101.09,22.0,12.32,14.85,7.15,58.74,110.55,67.76,215.49,42.46,487.19,529.32
45.3668,60.17,71.39,96.69,49.61,57.2,47.19,104.06,22.0,11.0,14.85,7.15,54.12,107.47,67.76,212.3,41.03,508.31,515.68
45.3768,61.93,74.69,102.85,49.61,58.63,48.51,108.57,23.43,9.79,16.5,7.15,44.55,101.31,66.22,213.95,44.0,528.22,503.47
45.3868,61.93,77.99,107.58,50.82,58.63,49.83,113.08,24.75,7.37,14.85,7.15,39.82,96.69,64.79,212.3,42.46,544.61,485.43
45.3968,63.69,82.94,112.2,50.82,61.6,51.15,117.81,24.75,6.16,9.9,5.72,34.98,95.04,58.74,210.65,41.03,564.96,462.22
45.4068,65.34,84.48,120.34,50.82,63.03,52.47,121.11,26.18,4.84,9.9,5.72,28.6,88.88,54.56,209.0,41.03,583.77,442.53
45.4168,67.1,86.13,123.64,52.03,63.03,53.79,125.84,24.75,3.63,9.9,4.29,20.68,85.8,48.62,210.65,39.6,596.31,423.17
45.4268,68.86,89.43,126.94,52.03,64.57,53.79,129.14,27.5,2.42,8.25,4.29,12.65,81.18,44.99,210.65,38.06,612.26,402.49
45.4368,70.51,91.08,131.89,52.03,67.54,56.43,137.17,27.5,2.42,4.95,2.86,9.46,74.91,37.95,205.81,38.06,634.15,376.42
45.4468,72.27,96.03,138.38,52.03,68.97,56.43,138.71,27.5,2.42,4.95,2.86,6.27,68.75,32.01,204.16,33.66,650.32,355.08
45.4568,74.03,99.22,144.98,53.13,70.4,57.86,142.01,28.93,2.42,6.6,2.86,4.73,62.59,26.07,197.67,30.8,670.56,333.74
45.4668,77.44,102.52,148.28,54.34,71.94,57.86,145.2,28.93,0.0,4.95,2.86,4.73,54.56,17.71,191.18,29.26,686.51,305.25
45.4768,80.85,109.12,153.12,55.55,70.4,60.72,146.85,28.93,0.0,3.3,2.86,3.08,41.36,15.4,178.2,22.0,705.54,266.2
45.4868,82.61,114.07,154.77,56.76,73.37,62.15,148.39,28.93,2.42,4.95,2.86,4.73,31.46,11.77,157.63,19.03,721.05,234.85
45.4968,84.37,117.37,159.72,57.97,74.8,62.15,150.04,30.36,0.0,3.3,2.86,4.73,24.75,11.77,134.64,16.06,736.78,198.11
45.5068,86.02,120.78,159.72,59.4,74.8,63.58,150.04,30.36,0.0,3.3,2.86,4.73,16.5,11.77,110.22,10.23,744.7,159.61
45.5168,87.78,125.84,164.67,62.26,76.34,62.15,150.04,31.68,0.0,3.3,2.86,6.27,11.55,11.77,86.24,7.26,760.76,129.25
45.5268,89.54,127.49,166.32,65.12,77.77,64.9,153.23,31.68,0.0,4.95,0.0,3.08,11.55,10.67,63.91,8.8,776.05,102.96
45.5368,91.19,130.79,167.97,67.98,79.31,66.33,156.42,33.11,0.0,4.95,0.0,6.27,11.55,8.25,44.11,5.83,793.1,80.96
45.5468,91.19,134.2,169.62,69.41,80.74,69.19,159.72,34.43,0.0,3.3,2.86,6.27,8.25,9.46,28.93,4.4,808.5,63.47
45.5568,89.54,135.85,167.97,73.7,83.71,70.62,166.1,35.86,0.0,0.0,0.0,6.27,6.6,8.25,22.0,4.4,823.35,47.52
45.5668,87.78,135.85,167.97,77.99,88.11,73.48,172.59,37.18,0.0,3.3,0.0,4.73,8.25,7.04,17.93,2.86,840.95,44.11
45.5768,86.02,135.85,163.02,82.28,91.08,76.23,179.52,39.93,0.0,3.3,0.0,3.08,6.6,7.04,13.75,2.86,853.93,36.63
45.5868,82.61,134.2,161.37,88.0,92.51,79.09,183.04,42.68,0.0,3.3,0.0,6.27,6.6,5.83,11.0,0.0,863.5,33.0
45.5968,79.2,132.55,158.07,92.29,96.91,81.95,190.08,45.54,0.0,3.3,0.0,6.27,3.3,5.83,11.0,2.86,876.59,32.56
45.6068,75.68,129.14,151.47,96.58,98.34,87.56,193.6,45.54,0.0,0.0,0.0,6.27,4.95,5.83,9.57,2.86,877.91,29.48
45.6168,70.51,125.84,148.28,102.3,101.31,90.42,202.29,49.61,0.0,0.0,0.0,4.73,4.95,4.73,9.57,0.0,890.56,23.98
45.6268,65.34,119.13,138.38,108.02,105.71,96.03,209.33,52.36,0.0,0.0,0.0,3.08,4.95,4.73,8.25,0.0,894.3,21.01
45.6368,61.93,112.42,128.59,115.5,107.25,98.89,218.13,56.54,0.0,3.3,0.0,4.73,3.3,5.83,5.5,0.0,899.25,22.66
45.6468,56.76,105.82,115.39,123.2,110.22,103.07,225.06,60.94,0.0,0.0,0.0,4.73,3.3,4.73,8.25,2.86,900.46,23.87
45.6568,53.35,97.68,107.58,129.36,113.63,105.93,231.88,63.91,0.0,0.0,0.0,4.73,6.6,3.52,8.25,0.0,903.32,23.1
45.6668,49.94,91.08,95.15,132.55,117.04,108.79,240.35,65.34,0.0,0.0,0.0,6.27,3.3,5.83,5.5,0.0,900.24,20.9
45.6768,46.42,82.94,88.88,138.71,120.45,110.22,245.52,69.85,0.0,0.0,0.0,4.73,4.95,4.73,6.82,0.0,902.99,21.23
45.6868,43.01,74.69,77.99,141.79,123.86,114.62,252.23,71.28,0.0,3.3,0.0,3.08,3.3,4.73,4.07,0.0,899.47,18.48
45.6968,39.6,66.55,71.83,147.95,127.27,116.16,257.4,72.82,0.0,0.0,0.0,3.08,4.95,2.31,6.82,0.0,899.58,17.16
45.7068,37.84,59.95,64.02,152.68,130.68,120.78,262.46,75.79,0.0,0.0,0.0,3.08,4.95,4.73,6.82,0.0,904.2,19.58
45.7168,34.43,51.81,56.54,154.22,132.33,122.32,267.63,75.79,0.0,0.0,0.0,4.73,3.3,4.73,5.5,0.0,895.07,18.26
45.7268,32.67,45.32,48.29,158.84,135.74,125.4,272.69,78.76,0.0,0.0,0.0,3.08,3.3,2.31,6.82,0.0,897.71,15.51
45.7368,29.26,38.83,42.79,163.46,135.74,123.86,276.1,81.73,0.0,3.3,0.0,0.0,4.95,4.73,2.75,0.0,891.77,15.73
45.7468,27.5,33.99,34.43,165.0,139.15,128.48,282.81,81.73,0.0,0.0,0.0,3.08,4.95,3.52,5.5,0.0,893.09,17.05
45.7568,25.74,25.85,27.61,168.19,140.91,128.48,287.76,87.78,0.0,0.0,0.0,3.08,3.3,4.73,6.82,0.0,892.32,17.93
45.7668,24.09,22.66,22.0,168.19,142.56,131.45,294.47,89.21,0.0,0.0,0.0,3.08,4.95,2.31,5.5,0.0,894.63,15.84
45.7768,22.33,16.17,17.93,168.19,144.32,130.02,301.07,95.15,0.0,0.0,0.0,4.73,3.3,4.73,4.07,0.0,895.18,16.83
45.7868,18.92,14.52,15.18,168.19,142.56,132.99,306.02,96.69,0.0,0.0,0.0,4.73,3.3,4.73,5.5,0.0,895.07,18.26
45.7968,15.4,12.87,11.0,163.46,142.56,136.07,309.43,101.2,0.0,0.0,0.0,3.08,0.0,4.73,5.5,0.0,891.99,13.31
45.8068,11.99,11.33,11.0,160.38,139.15,136.07,316.03,104.17,0.0,0.0,0.0,3.08,3.3,4.73,5.5,0.0,890.12,16.61
45.8168,8.58,9.68,8.25,158.84,137.5,136.07,319.33,105.6,0.0,0.0,0.0,3.08,3.3,3.52,4.07,0.0,883.85,13.97
45.8268,6.82,8.03,8.25,154.22,132.33,136.07,324.39,110.11,0.0,0.0,0.0,4.73,4.95,3.52,5.5,0.0,880.22,18.7
45.8368,6.82,8.03,8.25,146.41,130.68,137.61,326.04,114.73,0.0,0.0,0.0,0.0,4.95,4.73,5.5,0.0,878.57,15.18
45.8468,3.41,6.38,6.82,140.25,127.27,136.07,334.4,119.35,0.0,0.0,0.0,3.08,3.3,4.73,2.75,0.0,873.95,13.86
45.8568,0.0,4.84,6.82,132.55,127.27,136.07,336.16,123.97,0.0,0.0,0.0,3.08,0.0,4.73,4.07,0.0,867.68,11.88
45.8668,0.0,4.84,5.5,123.2,125.51,136.07,339.79,128.59,0.0,0.0,0.0,3.08,3.3,3.52,2.75,0.0,863.5,12.65
45.8768,0.0,3.19,4.07,117.04,120.45,136.07,343.42,131.67,0.0,0.0,0.0,3.08,3.3,3.52,5.5,0.0,855.91,15.4
45.8868,0.0,4.84,2.75,108.02,118.69,134.53,345.29,134.75,0.0,0.0,0.0,0.0,3.3,2.31,4.07,0.0,848.87,9.68
45.8968,0.0,4.84,2.75,105.16,115.28,137.61,347.05,133.21,0.0,0.0,0.0,0.0,0.0,3.52,5.5,0.0,845.9,9.02
45.9068,0.0,3.19,4.07,99.44,113.63,134.53,348.92,136.29,0.0,0.0,0.0,3.08,3.3,4.73,4.07,0.0,840.07,15.18
45.9168,0.0,3.19,4.07,93.72,111.87,134.53,350.68,140.91,0.0,0.0,0.0,3.08,0.0,3.52,4.07,0.0,838.97,10.67
45.9268,0.0,3.19,2.75,88.0,108.68,136.07,352.55,144.1,0.0,3.3,0.0,0.0,4.95,3.52,4.07,0.0,835.34,15.84
45.9368,0.0,3.19,4.07,82.28,105.71,136.07,354.31,144.1,0.0,0.0,0.0,3.08,4.95,3.52,2.75,0.0,829.73,14.3
45.9468,0.0,0.0,4.07,76.56,104.28,134.53,356.18,147.18,0.0,0.0,0.0,3.08,3.3,3.52,5.5,0.0,822.8,15.4
45.9568,0.0,3.19,4.07,72.27,102.85,136.07,356.18,148.72,0.0,0.0,0.0,3.08,6.6,3.52,5.5,2.86,823.35,21.56
45.9668,0.0,3.19,2.75,67.98,99.88,134.53,359.81,153.34,3.63,4.95,0.0,0.0,4.95,3.52,4.07,0.0,821.48,21.12
45.9768,0.0,3.19,4.07,63.69,98.34,134.53,361.57,154.88,4.84,6.6,2.86,0.0,4.95,3.52,4.07,0.0,820.27,26.84
45.9868,0.0,0.0,2.75,57.97,95.48,134.53,365.2,156.42,6.16,8.25,4.29,0.0,4.95,3.52,2.75,0.0,812.35,29.92
45.9968,0.0,3.19,0.0,56.76,93.94,134.53,367.07,161.04,8.58,8.25,4.29,3.08,4.95,2.31,4.07,0.0,816.53,35.53
46.0068,0.0,3.19,2.75,53.13,92.51,134.53,370.7,164.12,8.58,8.25,2.86,3.08,6.6,2.31,4.07,0.0,820.93,35.75
46.0168,0.0,0.0,2.75,50.82,89.54,134.53,376.09,164.12,9.79,6.6,4.29,3.08,6.6,3.52,2.75,0.0,817.85,36.63
46.0268,0.0,0.0,2.75,48.4,88.11,132.99,377.96,170.39,11.0,6.6,2.86,3.08,4.95,3.52,2.75,0.0,820.6,34.76
46.0368,0.0,3.19,0.0,44.88,88.11,134.53,377.96,172.04,12.32,8.25,2.86,0.0,6.6,2.31,4.07,0.0,820.71,36.41
46.0468,0.0,0.0,2.75,42.57,86.57,131.45,383.35,175.56,13.53,8.25,4.29,0.0,4.95,3.52,0.0,0.0,822.25,34.54
46.0568,0.0,3.19,0.0,40.15,82.17,132.99,385.22,177.21,14.74,6.6,2.86,3.08,4.95,3.52,0.0,0.0,820.93,35.75
46.0668,0.0,3.19,2.75,38.94,82.17,132.99,386.98,177.21,17.16,9.9,0.0,3.08,6.6,2.31,2.75,0.0,824.23,41.8
46.0768,0.0,0.0,4.07,37.84,79.31,134.53,388.74,180.73,19.69,9.9,2.86,0.0,8.25,3.52,4.07,0.0,825.22,48.29
46.0868,0.0,3.19,4.07,35.42,79.31,132.99,392.37,182.49,23.43,14.85,0.0,11.11,9.9,4.73,4.07,0.0,829.84,68.09
46.0968,0.0,3.19,4.07,33.11,76.34,132.99,392.37,184.14,25.85,28.05,2.86,27.06,16.5,5.83,6.82,2.86,826.21,115.83
46.1068,0.0,0.0,4.07,29.48,74.8,131.45,396.0,187.66,28.27,42.9,8.58,31.79,34.76,7.04,6.82,4.4,823.46,164.56
46.1168,0.0,0.0,0.0,27.17,70.4,131.45,397.87,187.66,29.59,59.4,28.6,33.44,46.31,9.46,9.57,5.83,814.55,222.2
46.1268,0.0,0.0,2.75,22.44,67.54,131.45,399.63,187.66,33.22,70.18,48.62,43.01,59.51,9.46,12.32,10.23,811.47,286.55
46.1368,0.0,0.0,2.75,17.71,61.6,126.94,401.5,189.42,38.17,90.2,63.36,49.39,62.59,9.46,15.18,10.23,799.92,338.58
46.1468,0.0,0.0,2.75,11.77,55.77,122.32,397.87,189.42,41.91,107.14,74.25,52.58,68.75,10.67,24.75,13.2,779.9,393.25
46.1568,0.0,3.19,2.75,9.46,48.73,114.62,392.37,185.9,43.12,115.06,80.41,58.74,70.29,11.77,33.11,14.63,757.02,427.13
46.1668,0.0,0.0,0.0,8.25,41.8,105.93,383.35,184.14,43.12,124.96,80.41,66.11,73.37,14.19,38.61,14.63,723.47,455.4
46.1768,0.0,0.0,0.0,7.04,36.19,91.85,365.2,185.9,40.7,129.91,77.33,73.59,76.45,18.92,44.11,16.06,686.18,477.07
46.1868,0.0,0.0,2.75,4.73,33.44,80.52,336.16,184.14,36.96,136.51,74.25,85.58,74.91,22.44,53.79,20.46,641.74,504.9
46.1968,0.0,0.0,2.75,5.83,32.01,67.76,289.41,180.73,35.75,139.7,67.98,92.95,81.18,26.07,62.37,22.0,578.49,528.0
46.2068,0.0,3.19,2.75,4.73,30.58,52.47,221.65,184.14,33.22,144.65,61.82,100.43,84.26,33.22,68.31,22.0,499.51,547.91
46.2168,0.0,0.0,4.07,3.52,26.4,40.59,151.58,185.9,33.22,149.6,63.36,107.91,85.8,36.74,80.3,26.4,412.06,583.33
46.2268,0.0,3.19,0.0,4.73,23.65,30.14,95.15,185.9,33.22,154.55,66.44,113.96,91.96,39.05,89.21,27.83,342.76,616.22
46.2368,0.0,0.0,2.75,3.52,20.9,27.5,57.86,162.58,34.43,159.5,69.52,120.23,96.69,42.68,96.69,29.26,275.11,649.0
46.2468,0.0,3.19,2.75,0.0,19.47,23.54,46.31,123.97,34.43,164.45,77.33,124.96,99.77,47.41,105.71,30.8,219.23,684.86
46.2568,0.0,3.19,0.0,0.0,16.72,20.9,39.05,90.75,35.75,169.4,81.95,129.69,104.39,53.35,113.19,32.23,170.61,719.95
46.2668,0.0,0.0,0.0,0.0,12.54,17.05,31.79,75.79,36.96,174.46,88.22,134.42,105.93,55.77,125.51,32.23,137.17,753.5
46.2768,0.0,0.0,0.0,0.0,11.11,13.09,24.53,65.34,36.96,176.11,88.22,136.07,115.28,61.71,136.18,35.2,114.07,785.73
46.2868,0.0,0.0,0.0,0.0,8.36,11.77,20.24,46.86,36.96,177.87,92.84,142.34,118.47,64.79,148.39,38.06,87.23,819.72
46.2968,0.0,0.0,0.0,0.0,6.93,9.13,15.84,30.36,38.17,181.17,92.84,145.53,123.31,70.84,156.09,39.6,62.26,847.55
46.3068,0.0,0.0,0.0,0.0,5.5,6.49,12.98,20.68,38.17,179.52,94.38,148.72,128.15,76.78,166.87,39.6,45.65,872.19
46.3168,0.0,0.0,0.0,0.0,4.18,5.17,8.69,5.5,36.96,181.17,92.84,151.8,129.8,79.86,179.85,39.6,23.54,891.88
46.3268,0.0,0.0,0.0,0.0,2.75,5.17,8.69,2.75,36.96,179.52,89.76,151.8,137.94,81.4,189.64,42.46,19.36,909.48
46.3368,0.0,0.0,0.0,0.0,2.75,3.85,7.15,2.75,35.75,172.81,83.49,153.45,142.78,85.91,199.32,42.46,16.5,915.97
46.3468,0.0,0.0,0.0,0.0,0.0,3.85,7.15,2.75,32.01,164.45,75.79,154.99,147.62,91.96,207.46,44.0,13.75,918.28
46.3568,0.0,0.0,0.0,0.0,0.0,3.85,5.72,0.0,32.01,157.85,69.52,156.53,150.92,93.39,218.79,44.0,9.57,923.01
46.3668,0.0,0.0,0.0,0.0,0.0,2.53,5.72,0.0,28.27,146.3,61.82,156.53,155.76,94.93,228.58,45.43,8.25,917.62
46.3768,0.0,0.0,0.0,0.0,0.0,3.85,4.29,0.0,27.06,134.86,51.48,151.8,160.6,99.44,235.51,46.86,8.14,907.61
46.3868,0.0,0.0,0.0,0.0,0.0,2.53,2.86,0.0,24.64,123.31,41.47,151.8,160.6,99.44,247.5,48.4,5.39,897.16
46.3968,0.0,0.0,0.0,0.0,0.0,2.53,4.29,0.0,22.11,107.14,32.89,150.26,165.44,100.98,254.43,48.4,6.82,881.65
46.4068,0.0,0.0,0.0,0.0,0.0,2.53,4.29,0.0,19.69,93.28,25.74,147.07,167.09,102.52,261.25,48.4,6.82,865.04
46.4168,0.0,0.0,0.0,0.0,0.0,2.53,4.29,0.0,18.48,79.42,18.59,142.34,170.39,103.95,268.18,49.83,6.82,851.18
46.4268,0.0,0.0,0.0,0.0,0.0,0.0,2.86,0.0,18.48,65.56,11.44,139.15,168.74,103.95,275.0,52.8,2.86,835.12
46.4367,0.0,0.0,0.0,0.0,0.0,2.53,0.0,0.0,17.16,52.8,11.44,132.88,170.39,105.49,280.17,52.8,2.53,823.13
46.4467,0.0,0.0,0.0,0.0,0.0,2.53,2.86,0.0,17.16,41.25,8.58,129.69,173.91,107.03,281.82,51.26,5.39,810.7
46.4567,0.0,0.0,0.0,0.0,0.0,0.0,0.0,0.0,15.95,33.0,8.58,123.42,173.91,105.49,290.4,54.23,0.0,804.98
46.4667,0.0,0.0,0.0,0.0,0.0,0.0,0.0,0.0,14.74,23.1,7.15,120.23,175.78,107.03,295.46,54.23,0.0,797.72
46.4767,0.0,0.0,0.0,0.0,0.0,0.0,0.0,0.0,12.32,16.5,7.15,117.15,177.54,107.03,305.69,57.2,0.0,800.58
46.4867,0.0,0.0,0.0,0.0,0.0,0.0,0.0,0.0,11.0,16.5,7.15,112.42,175.78,107.03,312.51,58.74,0.0,801.13
46.4967,0.0,0.0,0.0,0.0,0.0,0.0,0.0,0.0,8.58,14.85,5.72,106.37,179.3,108.46,319.33,60.28,0.0,802.89
46.5067,0.0,0.0,0.0,0.0,0.0,0.0,0.0,0.0,7.37,11.55,5.72,103.4,179.3,110.0,326.15,63.36,0.0,806.85
46.5167,0.0,0.0,0.0,0.0,0.0,0.0,0.0,0.0,6.16,11.55,5.72,97.46,179.3,107.03,332.97,64.9,0.0,805.09
46.5267,0.0,0.0,0.0,0.0,0.0,0.0,0.0,0.0,4.84,9.9,5.72,94.49,181.17,108.46,339.79,66.44,0.0,810.81
46.5367,0.0,0.0,0.0,0.0,0.0,0.0,0.0,0.0,6.16,9.9,2.86,87.01,181.17,107.03,344.85,69.52,0.0,808.5
46.5467,0.0,0.0,0.0,0.0,0.0,0.0,0.0,0.0,4.84,8.25,2.86,84.04,182.93,108.46,348.26,72.6,0.0,812.24
46.5567,0.0,0.0,0.0,0.0,0.0,0.0,0.0,0.0,4.84,9.9,4.29,79.53,179.3,107.03,356.84,75.57,0.0,817.3
46.5667,0.0,0.0,0.0,0.0,0.0,0.0,0.0,0.0,3.63,8.25,2.86,75.13,181.17,108.46,358.49,77.11,0.0,815.1
46.5767,0.0,0.0,0.0,0.0,0.0,0.0,0.0,0.0,3.63,6.6,4.29,70.62,181.17,107.03,368.72,75.57,0.0,817.63
46.5867,0.0,0.0,0.0,0.0,0.0,0.0,0.0,0.0,3.63,8.25,2.86,64.68,179.3,107.03,373.89,83.27,0.0,822.91
46.5967,0.0,0.0,0.0,0.0,0.0,0.0,0.0,0.0,2.42,4.95,4.29,57.2,181.17,107.03,378.95,81.73,0.0,817.74
46.6067,6.82,0.0,0.0,0.0,0.0,0.0,0.0,0.0,0.0,3.3,2.86,55.77,177.54,105.49,385.77,83.27,6.82,814.0
46.6167,10.23,0.0,0.0,0.0,0.0,0.0,0.0,0.0,0.0,0.0,0.0,47.74,177.54,103.95,392.7,89.43,10.23,811.36
46.6267,15.4,0.0,0.0,0.0,0.0,0.0,0.0,0.0,0.0,3.3,0.0,43.01,175.78,103.95,394.46,93.94,15.4,814.44
46.6367,20.57,0.0,0.0,0.0,0.0,0.0,0.0,0.0,0.0,3.3,0.0,36.63,172.15,99.44,403.37,95.48,20.57,810.37
46.6467,27.5,0.0,0.0,0.0,0.0,0.0,0.0,0.0,0.0,0.0,0.0,34.98,168.74,99.44,405.24,98.56,27.5,806.96
46.6567,34.43,0.0,0.0,0.0,2.75,0.0,0.0,0.0,0.0,3.3,0.0,28.6,168.74,96.47,408.76,100.1,37.18,805.97
46.6667,43.01,0.0,0.0,2.31,2.75,0.0,0.0,0.0,0.0,0.0,0.0,22.22,165.44,90.42,419.54,104.72,48.07,802.34
46.6767,49.94,0.0,0.0,0.0,0.0,0.0,0.0,0.0,0.0,0.0,0.0,19.03,163.9,87.34,423.06,107.8,49.94,801.13
46.6867,58.52,0.0,0.0,3.52,4.18,0.0,0.0,0.0,0.0,0.0,0.0,14.3,158.95,84.37,428.45,109.34,66.22,795.41
46.6967,70.51,6.38,23.43,4.73,5.5,2.53,0.0,0.0,0.0,3.3,0.0,6.27,152.46,81.4,432.08,110.88,113.08,786.39
46.7067,75.68,25.85,70.18,23.65,18.04,6.49,4.29,4.07,0.0,0.0,0.0,6.27,150.92,75.35,433.84,110.88,228.25,777.26
46.7167,75.68,50.16,109.12,37.84,23.65,6.49,7.15,5.5,0.0,0.0,0.0,4.73,144.43,69.3,433.84,110.88,315.59,763.18
46.7267,77.44,69.74,128.59,49.61,33.44,19.58,27.5,15.18,0.0,0.0,0.0,3.08,136.29,58.74,437.36,110.88,421.08,746.35
46.7367,79.2,77.99,144.98,50.82,40.37,27.5,52.14,16.5,0.0,3.3,0.0,3.08,124.96,48.62,430.21,112.42,489.5,722.59
46.7467,80.85,82.94,154.77,53.13,45.98,37.95,74.25,20.68,0.0,3.3,0.0,4.73,112.09,37.95,419.54,106.26,550.55,683.87
46.7567,82.61,91.08,167.97,53.13,47.3,47.19,90.64,22.0,0.0,0.0,0.0,7.92,91.96,32.01,401.61,100.1,601.92,633.6
46.7667,86.02,96.03,176.88,55.55,52.91,53.79,104.06,24.75,0.0,0.0,0.0,9.46,70.29,27.28,370.48,89.43,649.99,566.94
46.7767,89.54,105.82,187.88,57.97,54.34,57.86,113.08,26.18,0.0,0.0,0.0,9.46,49.61,24.86,314.16,81.73,692.67,479.82
46.7867,94.71,112.42,195.14,60.83,54.34,60.72,119.46,28.93,0.0,0.0,0.0,9.46,43.01,24.86,221.98,71.06,726.55,370.37
46.7967,98.12,119.13,200.64,63.69,57.2,63.58,125.84,28.93,0.0,0.0,0.0,7.92,38.06,24.86,136.18,63.36,757.13,270.38
46.8067,99.88,125.84,202.51,66.55,57.2,67.76,127.49,27.5,0.0,0.0,0.0,7.92,31.46,21.34,84.81,51.26,774.73,196.79
46.8167,101.53,132.55,202.51,69.41,57.2,69.19,130.68,28.93,0.0,0.0,0.0,7.92,26.4,16.61,42.68,30.8,792.0,124.41
46.8267,105.05,137.5,202.51,73.7,58.63,72.05,130.68,30.36,0.0,0.0,0.0,7.92,18.15,12.98,31.68,20.46,810.48,91.19
46.8367,105.05,144.21,202.51,75.13,60.17,73.48,130.68,28.93,0.0,0.0,0.0,6.27,16.5,9.46,23.43,13.2,820.16,68.86
46.8467,106.7,149.27,202.51,77.99,58.63,74.8,130.68,28.93,0.0,0.0,0.0,4.73,13.2,9.46,16.5,7.26,829.51,51.15
46.8567,108.46,150.92,202.51,82.28,61.6,76.23,132.33,30.36,0.0,0.0,0.0,3.08,9.9,5.83,15.18,2.86,844.69,36.85
46.8667,106.7,154.33,198.77,83.71,61.6,79.09,133.98,31.68,0.0,0.0,0.0,3.08,8.25,7.04,9.57,2.86,849.86,30.8
46.8767,105.05,154.33,197.01,88.0,63.03,80.52,135.52,31.68,0.0,0.0,0.0,0.0,8.25,5.83,12.32,4.4,855.14,30.8
46.8867,103.29,154.33,195.14,92.29,63.03,80.52,140.36,31.68,0.0,0.0,0.0,4.73,4.95,4.73,11.0,4.4,860.64,29.81
46.8967,101.53,154.33,191.51,93.72,64.57,83.38,142.01,30.36,0.0,0.0,0.0,0.0,6.6,4.73,11.0,2.86,861.41,25.19
46.9067,98.12,152.68,187.88,96.58,64.57,84.7,143.55,33.11,0.0,0.0,0.0,0.0,4.95,4.73,9.57,2.86,861.19,22.11
46.9167,94.71,150.92,186.01,98.01,66.0,87.56,146.85,33.11,0.0,0.0,0.0,3.08,4.95,3.52,9.57,2.86,863.17,23.98
46.9267,91.19,147.62,176.88,102.3,66.0,88.99,145.2,34.43,0.0,0.0,0.0,3.08,3.3,4.73,8.25,4.4,852.61,23.76
46.9367,86.02,140.91,175.01,103.73,66.0,90.42,148.39,34.43,0.0,0.0,0.0,0.0,6.6,3.52,8.25,0.0,844.91,18.37
46.9467,82.61,139.26,166.32,106.59,68.97,88.99,150.04,35.86,0.0,0.0,0.0,0.0,4.95,3.52,8.25,2.86,838.64,19.58
46.9567,77.44,132.55,161.37,110.88,68.97,93.17,150.04,35.86,0.0,0.0,0.0,0.0,4.95,2.31,8.25,2.86,830.28,18.37
46.9667,74.03,129.14,156.42,113.96,68.97,94.6,153.23,37.18,0.0,0.0,0.0,0.0,4.95,4.73,5.5,2.86,827.53,18.04
46.9767,70.51,124.08,148.28,118.58,70.4,96.03,154.88,37.18,0.0,0.0,0.0,0.0,4.95,3.52,5.5,2.86,819.94,16.83
46.9867,67.1,119.13,141.68,124.74,71.94,98.89,158.07,38.61,0.0,0.0,0.0,0.0,4.95,2.31,6.82,2.86,820.16,16.94
46.9967,61.93,114.07,135.08,127.82,70.4,100.32,159.72,39.93,0.0,0.0,0.0,0.0,4.95,3.52,4.07,0.0,809.27,12.54
47.0067,60.17,105.82,128.59,130.9,74.8,101.75,162.91,41.36,0.0,0.0,0.0,0.0,3.3,2.31,6.82,0.0,806.3,12.43
47.0167,56.76,102.52,120.34,137.17,74.8,107.36,166.1,42.68,0.0,0.0,0.0,0.0,4.95,2.31,6.82,0.0,807.73,14.08
47.0267,53.35,94.38,117.04,140.25,77.77,108.79,172.59,45.54,0.0,0.0,0.0,0.0,3.3,0.0,5.5,0.0,809.71,8.8
47.0367,51.59,91.08,110.66,144.87,77.77,111.65,177.76,48.29,0.0,0.0,0.0,0.0,3.3,2.31,4.07,0.0,813.67,9.68
47.0467,49.94,86.13,104.5,146.41,83.71,114.62,181.28,48.29,0.0,0.0,0.0,0.0,3.3,2.31,5.5,0.0,814.88,11.11
47.0567,48.18,81.29,101.31,149.49,85.14,113.08,184.8,51.04,0.0,0.0,0.0,0.0,0.0,0.0,4.07,0.0,814.33,4.07
47.0667,44.77,76.34,95.15,154.22,86.57,117.7,193.6,55.11,0.0,0.0,0.0,0.0,0.0,2.31,5.5,0.0,823.46,7.81
47.0767,43.01,69.74,87.34,158.84,89.54,119.24,200.53,57.97,0.0,0.0,0.0,0.0,3.3,2.31,4.07,0.0,826.21,9.68
47.0867,41.25,63.25,81.07,161.92,92.51,123.86,207.57,60.94,0.0,0.0,0.0,0.0,0.0,2.31,2.75,0.0,832.37,5.06
47.0967,39.6,56.65,73.37,163.46,96.91,125.4,218.13,65.34,0.0,0.0,0.0,0.0,3.3,2.31,0.0,0.0,838.86,5.61
47.1067,36.08,50.16,65.56,165.0,101.31,128.48,228.47,69.85,0.0,0.0,0.0,0.0,3.3,0.0,4.07,0.0,844.91,7.37
47.1167,34.43,42.13,59.4,166.54,104.28,130.02,235.29,74.36,0.0,0.0,0.0,0.0,0.0,0.0,4.07,0.0,846.45,4.07
47.1267,30.91,35.64,52.47,168.19,105.71,131.45,243.76,80.3,0.0,0.0,0.0,0.0,0.0,2.31,5.5,2.86,848.43,10.67
47.1367,30.91,30.69,44.11,169.73,110.22,132.99,252.23,84.7,0.0,0.0,0.0,0.0,3.3,2.31,0.0,0.0,855.58,5.61
47.1467,27.5,24.31,35.86,168.19,113.63,137.61,260.81,90.75,0.0,0.0,0.0,0.0,3.3,2.31,4.07,0.0,858.66,9.68
47.1567,27.5,19.36,27.61,169.73,115.28,139.15,269.28,95.15,0.0,0.0,0.0,0.0,3.3,2.31,0.0,0.0,863.06,5.61
47.1667,25.74,16.17,19.25,166.54,118.69,139.15,277.86,104.17,0.0,0.0,0.0,0.0,3.3,2.31,0.0,0.0,867.57,5.61
47.1767,22.33,12.87,16.5,165.0,120.45,140.69,284.46,110.11,0.0,0.0,0.0,0.0,0.0,2.31,4.07,2.86,872.41,9.24
47.1867,20.57,11.33,12.43,163.46,122.1,142.23,292.82,114.73,3.63,3.3,0.0,0.0,0.0,2.31,2.75,0.0,879.67,11.99
47.1967,15.4,9.68,9.57,160.38,122.1,142.23,299.42,120.89,8.58,3.3,0.0,0.0,3.3,0.0,2.75,0.0,879.67,17.93
47.2067,13.75,9.68,9.57,155.76,120.45,143.77,304.37,127.05,3.63,0.0,0.0,0.0,0.0,2.31,0.0,0.0,884.4,5.94
47.2167,8.58,8.03,8.25,149.49,118.69,145.31,311.08,133.21,3.63,3.3,0.0,0.0,0.0,0.0,2.75,0.0,882.64,9.68
47.2267,5.06,6.38,6.82,140.25,118.69,143.77,319.33,140.91,3.63,0.0,0.0,0.0,0.0,0.0,0.0,0.0,881.21,3.63
47.2367,0.0,4.84,5.5,132.55,117.04,145.31,327.69,150.26,3.63,0.0,0.0,0.0,0.0,2.31,2.75,0.0,883.19,8.69
47.2467,0.0,4.84,5.5,121.66,113.63,146.85,338.03,154.88,2.42,0.0,0.0,0.0,3.3,0.0,2.75,0.0,885.39,8.47
47.2567,0.0,4.84,2.75,109.45,110.22,146.85,347.05,164.12,3.63,0.0,0.0,0.0,0.0,2.31,0.0,0.0,885.28,5.94
47.2667,0.0,3.19,4.07,98.01,108.68,146.85,354.31,172.04,4.84,0.0,0.0,0.0,0.0,2.31,0.0,0.0,887.15,7.15
47.2767,0.0,3.19,4.07,85.14,101.31,148.39,365.2,178.97,6.16,0.0,0.0,0.0,0.0,0.0,2.75,0.0,886.27,8.91
47.2867,0.0,3.19,4.07,70.84,99.88,146.85,376.09,185.9,8.58,3.3,0.0,0.0,0.0,3.52,0.0,0.0,886.82,15.4
47.2967,0.0,3.19,4.07,59.4,92.51,148.39,386.98,192.83,17.16,0.0,0.0,0.0,3.3,0.0,2.75,0.0,887.37,23.21
47.3067,0.0,3.19,4.07,49.61,86.57,145.31,394.24,199.76,29.59,3.3,0.0,0.0,3.3,2.31,0.0,0.0,882.75,38.5
47.3167,0.0,3.19,2.75,38.94,80.74,143.77,401.5,203.28,38.17,0.0,0.0,0.0,4.95,3.52,2.75,0.0,874.17,49.39
47.3267,0.0,3.19,2.75,29.48,70.4,139.15,406.89,204.93,46.86,33.0,2.86,3.08,6.6,2.31,2.75,0.0,856.79,97.46
47.3367,0.0,3.19,4.07,20.02,60.17,131.45,408.76,204.93,50.49,118.36,42.9,23.87,14.85,5.83,8.25,5.83,832.59,270.38
47.3467,0.0,3.19,4.07,11.77,50.16,122.32,406.89,199.76,53.02,154.55,97.46,54.12,44.66,8.25,11.0,8.8,798.16,431.86
47.3567,0.0,0.0,2.75,9.46,38.94,107.36,396.0,198.0,57.97,172.81,139.04,73.59,59.51,11.77,15.18,13.2,752.51,543.07
47.3667,0.0,3.19,2.75,7.04,30.58,88.99,368.83,191.07,67.32,184.58,166.65,76.56,70.29,14.19,26.18,16.06,692.45,621.83
47.3767,0.0,3.19,2.75,7.04,30.58,64.9,319.33,185.9,72.6,186.23,174.68,78.1,71.83,12.98,34.43,17.6,613.69,648.45
47.3867,0.0,3.19,2.75,5.83,27.83,45.87,235.29,184.14,69.96,186.23,173.03,76.56,76.45,16.61,39.93,17.6,504.9,656.37
47.3967,0.0,3.19,2.75,4.73,23.65,31.46,135.52,182.49,68.64,191.29,169.73,82.5,76.45,15.4,49.61,19.03,383.79,672.65
47.4067,0.0,3.19,4.07,4.73,22.22,26.18,74.25,164.12,68.64,198.11,168.19,87.01,78.1,18.92,52.36,19.03,298.76,690.36
47.4167,0.0,3.19,0.0,3.52,19.47,23.54,47.74,117.81,69.96,206.47,168.19,92.95,79.64,21.34,55.11,22.0,215.27,715.66
47.4267,0.0,3.19,2.75,0.0,13.86,19.58,37.62,80.3,72.6,218.35,169.73,99.0,79.64,23.65,60.94,20.46,157.3,744.37
47.4367,0.0,3.19,2.75,2.31,9.68,14.41,27.5,63.91,74.03,230.45,171.38,104.94,78.1,24.86,63.91,22.0,123.75,769.67
47.4467,0.0,3.19,0.0,0.0,8.36,10.45,21.67,39.93,75.35,237.49,171.38,109.34,82.72,28.38,68.31,24.86,83.6,797.83
47.4567,0.0,3.19,2.75,0.0,6.93,9.13,14.41,20.68,75.35,242.77,169.73,118.69,84.26,29.59,74.36,24.86,57.09,819.61
47.4667,0.0,0.0,0.0,0.0,4.18,5.17,10.12,6.82,75.35,248.05,166.65,123.42,87.34,33.22,80.3,27.83,26.29,842.16
47.4767,0.0,0.0,0.0,0.0,2.75,3.85,8.69,4.07,75.35,249.81,171.38,129.69,91.96,34.32,84.81,29.26,19.36,866.58
47.4867,0.0,0.0,0.0,0.0,2.75,5.17,8.69,0.0,74.03,251.68,169.73,132.88,95.04,37.95,92.29,29.26,16.61,882.86
47.4967,0.0,0.0,0.0,0.0,2.75,3.85,8.69,2.75,71.28,246.29,169.73,137.61,98.23,42.68,95.26,29.26,18.04,890.34
47.5067,0.0,0.0,0.0,0.0,0.0,2.53,7.15,0.0,69.96,244.53,165.11,140.8,101.31,43.89,104.17,33.66,9.68,903.43
47.5167,0.0,0.0,0.0,0.0,0.0,3.85,7.15,0.0,66.0,235.73,160.49,140.8,107.47,47.41,108.68,33.66,11.0,900.24
47.5267,0.0,0.0,0.0,0.0,0.0,2.53,5.72,2.75,60.61,232.21,155.87,142.34,107.47,48.62,116.27,35.2,11.0,898.59
47.5367,0.0,0.0,0.0,0.0,0.0,3.85,5.72,0.0,55.44,225.17,145.2,148.72,109.01,50.93,122.43,35.2,9.57,892.1
47.5467,0.0,0.0,0.0,0.0,0.0,0.0,4.29,0.0,49.28,213.29,137.5,151.8,115.28,52.14,125.51,35.2,4.29,880.0
47.5567,0.0,0.0,0.0,0.0,0.0,3.85,4.29,0.0,43.12,201.41,125.29,153.45,115.28,54.56,131.56,38.06,8.14,862.73
47.5667,0.0,0.0,0.0,0.0,0.0,3.85,4.29,0.0,39.38,191.29,114.51,156.53,116.82,55.77,136.18,38.06,8.14,848.54
47.5767,0.0,0.0,0.0,0.0,0.0,2.53,4.29,0.0,35.75,181.17,105.27,159.72,121.66,57.2,139.26,41.03,6.82,841.06
47.5867,0.0,0.0,0.0,0.0,0.0,2.53,2.86,0.0,33.22,169.4,94.38,161.26,126.61,58.74,145.42,39.6,5.39,828.63
47.5967,0.0,0.0,0.0,0.0,0.0,0.0,0.0,0.0,32.01,159.5,85.03,162.91,126.61,63.25,151.47,42.46,0.0,823.24
47.6067,0.0,0.0,0.0,0.0,0.0,2.53,0.0,0.0,29.59,146.3,74.25,164.45,133.1,63.25,154.55,41.03,2.53,806.52
47.6167,0.0,0.0,0.0,0.0,0.0,0.0,2.86,0.0,27.06,136.51,69.52,164.45,136.29,66.22,163.79,42.46,2.86,806.3
47.6267,0.0,3.19,0.0,0.0,0.0,2.53,0.0,0.0,25.85,128.26,61.82,162.91,137.94,67.76,175.01,42.46,5.72,802.01
47.6367,0.0,0.0,0.0,0.0,0.0,2.53,2.86,0.0,24.64,118.36,57.2,158.18,145.97,66.22,183.15,46.86,5.39,800.58
47.6467,0.0,0.0,2.75,0.0,0.0,2.53,0.0,0.0,24.64,108.68,51.48,158.18,145.97,70.84,189.64,45.43,5.28,794.86
47.6567,0.0,0.0,0.0,0.0,0.0,2.53,0.0,0.0,23.43,97.9,45.76,156.53,150.92,72.27,200.97,48.4,2.53,796.18
47.6667,0.0,0.0,0.0,0.0,0.0,0.0,0.0,0.0,22.11,91.74,42.9,156.53,155.76,70.84,209.0,49.83,0.0,798.71
47.6767,0.0,0.0,0.0,0.0,0.0,0.0,0.0,0.0,20.9,82.5,40.04,156.53,158.95,75.35,220.44,51.26,0.0,805.97
47.6867,0.0,0.0,0.0,0.0,0.0,0.0,0.0,0.0,19.69,74.8,34.32,153.45,163.9,76.78,228.58,52.8,0.0,804.32
47.6967,0.0,0.0,0.0,0.0,0.0,0.0,0.0,0.0,19.69,67.1,30.03,156.53,168.74,79.86,237.16,52.8,0.0,811.91
47.7067,0.0,0.0,0.0,0.0,0.0,0.0,0.0,0.0,18.48,59.4,25.74,158.18,172.15,81.4,245.74,55.77,0.0,816.86
47.7167,0.0,0.0,0.0,0.0,0.0,0.0,0.0,0.0,17.16,52.8,21.45,156.53,177.54,81.4,252.67,55.77,0.0,815.32
47.7267,0.0,0.0,0.0,0.0,0.0,0.0,0.0,0.0,17.16,44.55,15.73,159.72,179.3,85.91,257.84,58.74,0.0,818.95
47.7367,0.0,0.0,0.0,0.0,0.0,0.0,0.0,0.0,15.95,34.65,14.3,158.18,181.17,87.34,268.18,58.74,0.0,818.51
47.7467,0.0,0.0,0.0,0.0,0.0,0.0,0.0,0.0,14.74,26.4,11.44,159.72,181.17,87.34,273.35,58.74,0.0,812.9
47.7567,0.0,0.0,0.0,0.0,0.0,0.0,0.0,0.0,14.74,21.45,10.01,158.18,184.8,90.42,278.52,57.2,0.0,815.32
47.7667,0.0,0.0,0.0,0.0,0.0,0.0,0.0,0.0,11.0,18.15,8.58,153.45,186.56,88.88,290.4,61.82,0.0,818.84
47.7767,0.0,0.0,2.75,0.0,0.0,0.0,0.0,0.0,9.79,16.5,7.15,150.26,186.56,90.42,298.87,61.82,2.75,821.37
47.7867,0.0,0.0,0.0,0.0,0.0,0.0,0.0,0.0,6.16,13.2,7.15,143.99,186.56,91.96,305.69,60.28,0.0,814.99
47.7967,0.0,0.0,2.75,0.0,0.0,0.0,0.0,0.0,6.16,13.2,4.29,137.61,186.56,93.39,319.33,61.82,2.75,822.36
47.8067,0.0,0.0,0.0,0.0,0.0,0.0,0.0,0.0,4.84,11.55,4.29,129.69,186.56,91.96,331.21,64.9,0.0,825.0
47.8167,0.0,0.0,0.0,0.0,0.0,0.0,0.0,0.0,3.63,9.9,2.86,120.23,186.56,91.96,343.2,64.9,0.0,823.24
47.8267,0.0,0.0,0.0,0.0,0.0,0.0,0.0,0.0,3.63,8.25,2.86,109.34,184.8,93.39,353.43,63.36,0.0,819.06
47.8367,0.0,0.0,0.0,0.0,0.0,0.0,0.0,0.0,2.42,6.6,2.86,99.0,184.8,94.93,363.66,64.9,0.0,819.17
47.8467,5.06,0.0,0.0,0.0,0.0,0.0,0.0,0.0,0.0,3.3,2.86,87.01,182.93,94.93,370.48,67.98,5.06,809.49
47.8567,11.99,0.0,0.0,0.0,0.0,0.0,0.0,0.0,0.0,0.0,0.0,76.56,177.54,91.96,380.71,69.52,11.99,796.29
47.8666,27.5,0.0,0.0,2.31,2.75,2.53,0.0,0.0,0.0,4.95,2.86,64.68,173.91,91.96,385.77,69.52,35.09,793.65
47.8766,49.94,0.0,0.0,2.31,2.75,2.53,0.0,0.0,0.0,4.95,2.86,55.77,167.09,90.42,389.18,71.06,57.53,781.33
47.8866,74.03,0.0,0.0,2.31,2.75,3.85,0.0,0.0,0.0,3.3,0.0,44.55,165.44,85.91,390.94,69.52,82.94,759.66
47.8966,99.88,0.0,2.75,4.73,5.5,2.53,0.0,0.0,0.0,3.3,0.0,33.44,155.76,85.91,389.18,71.06,115.39,738.65
47.9066,120.67,43.67,95.15,5.83,6.93,5.17,0.0,2.75,0.0,4.95,0.0,22.22,149.27,78.32,389.18,69.52,280.17,713.46
47.9166,120.67,100.87,149.93,27.17,5.5,5.17,4.29,4.07,0.0,3.3,0.0,15.84,142.78,70.84,382.36,67.98,417.67,683.1
47.9266,117.15,125.84,193.38,52.03,6.93,7.81,5.72,6.82,0.0,3.3,0.0,11.11,126.61,63.25,372.13,66.44,515.68,642.84
47.9366,115.39,129.14,215.27,62.26,26.4,22.22,21.67,17.93,0.0,3.3,0.0,9.46,110.55,54.56,355.08,64.9,610.28,597.85
47.9466,113.63,129.14,226.16,63.69,30.58,28.82,37.62,20.68,0.0,0.0,2.86,12.65,82.72,44.99,327.8,58.74,650.32,529.76
47.9566,110.22,129.14,227.92,67.98,34.76,39.27,53.57,22.0,0.0,3.3,2.86,12.65,56.21,39.05,285.23,61.82,684.86,461.12
47.9666,108.46,134.2,235.07,70.84,38.94,47.19,69.74,23.43,0.0,0.0,0.0,11.11,47.96,35.53,200.97,72.6,727.87,368.17
47.9766,110.22,139.26,238.59,72.27,41.8,53.79,81.73,24.75,0.0,0.0,0.0,12.65,38.06,27.28,142.34,83.27,762.41,303.6
47.9866,111.87,145.97,242.11,76.56,43.12,55.11,87.67,27.5,0.0,0.0,0.0,11.11,29.81,21.34,86.24,77.11,789.91,225.61
47.9966,113.63,150.92,240.35,77.99,44.55,59.29,93.61,26.18,0.0,3.3,0.0,7.92,26.4,14.19,45.54,64.9,806.52,162.25
48.0066,115.39,155.98,242.11,79.42,44.55,59.29,95.15,27.5,0.0,0.0,0.0,6.27,18.15,11.77,23.43,45.43,819.39,105.05
48.0166,118.91,161.04,243.98,82.28,45.98,63.58,95.15,26.18,0.0,0.0,0.0,4.73,14.85,9.46,17.93,24.86,837.1,71.83
48.0266,122.43,166.1,243.98,82.28,47.3,64.9,96.58,27.5,0.0,3.3,0.0,4.73,11.55,8.25,15.18,11.66,851.07,54.67
48.0366,124.19,171.27,243.98,85.14,47.3,64.9,99.55,27.5,0.0,3.3,0.0,0.0,9.9,7.04,12.32,7.26,863.83,39.82
48.0466,124.19,171.27,243.98,86.57,47.3,64.9,101.09,27.5,0.0,0.0,0.0,0.0,8.25,5.83,9.57,4.4,866.8,28.05
48.0566,124.19,173.03,243.98,86.57,48.73,67.76,104.06,27.5,0.0,0.0,0.0,3.08,8.25,5.83,6.82,2.86,875.82,26.84
48.0666,122.43,171.27,243.98,86.57,50.16,67.76,105.6,28.93,0.0,0.0,0.0,0.0,3.3,4.73,6.82,0.0,876.7,14.85
48.0766,118.91,171.27,242.11,88.0,48.73,70.62,107.03,28.93,0.0,0.0,0.0,3.08,6.6,3.52,6.82,2.86,875.6,22.88
48.0866,117.15,169.51,238.59,92.29,50.16,69.19,107.03,28.93,0.0,0.0,0.0,0.0,4.95,3.52,8.25,2.86,872.85,19.58
48.0966,111.87,167.75,233.31,92.29,51.48,72.05,108.57,28.93,0.0,0.0,0.0,0.0,4.95,4.73,6.82,4.4,866.25,20.9
48.1066,108.46,164.34,227.92,96.58,51.48,73.48,113.08,28.93,0.0,0.0,0.0,3.08,3.3,3.52,4.07,0.0,864.27,13.97
48.1166,101.53,159.39,218.9,99.44,51.48,76.23,113.08,28.93,0.0,0.0,0.0,3.08,4.95,4.73,6.82,2.86,848.98,22.44
48.1266,94.71,155.98,209.77,102.3,52.91,77.66,117.81,30.36,0.0,0.0,0.0,0.0,0.0,3.52,5.5,2.86,841.5,11.88
48.1366,89.54,150.92,204.27,103.73,54.34,80.52,121.11,31.68,0.0,0.0,0.0,0.0,4.95,2.31,5.5,2.86,836.11,15.62
48.1466,84.37,145.97,193.38,108.02,55.77,83.38,124.3,30.36,0.0,0.0,0.0,3.08,0.0,0.0,4.07,2.86,825.55,10.01
48.1566,79.2,140.91,187.88,112.42,55.77,86.13,125.84,33.11,0.0,0.0,0.0,0.0,3.3,2.31,6.82,0.0,821.26,12.43
48.1666,72.27,135.85,178.75,115.5,57.2,86.13,127.49,34.43,0.0,0.0,0.0,0.0,3.3,2.31,5.5,0.0,807.62,11.11
48.1766,67.1,129.14,169.62,120.12,58.63,90.42,133.98,34.43,0.0,0.0,0.0,0.0,3.3,0.0,4.07,0.0,803.44,7.37
48.1866,63.69,122.43,161.37,124.74,61.6,91.85,135.52,35.86,0.0,0.0,0.0,0.0,0.0,2.31,4.07,2.86,797.06,9.24
48.1966,58.52,115.72,154.77,127.82,60.17,96.03,143.55,37.18,0.0,0.0,0.0,0.0,3.3,2.31,2.75,2.86,793.76,11.22
48.2066,56.76,107.47,149.93,130.9,64.57,98.89,150.04,37.18,0.0,0.0,0.0,0.0,0.0,0.0,2.75,2.86,795.74,5.61
48.2166,53.35,100.87,141.68,134.09,66.0,103.07,154.88,41.36,0.0,0.0,0.0,0.0,0.0,0.0,4.07,0.0,795.3,4.07
48.2266,49.94,94.38,136.73,137.17,68.97,104.5,161.26,44.11,0.0,0.0,0.0,0.0,0.0,2.31,0.0,0.0,797.06,2.31
48.2366,48.18,87.78,130.24,140.25,70.4,107.36,169.29,45.54,0.0,0.0,0.0,0.0,0.0,0.0,2.75,0.0,799.04,2.75
48.2466,46.42,79.64,125.29,141.79,74.8,110.22,176.0,49.61,0.0,0.0,0.0,0.0,0.0,0.0,0.0,0.0,803.77,0.0
48.2566,44.77,71.39,117.04,144.87,77.77,113.08,183.04,55.11,0.0,0.0,0.0,0.0,0.0,0.0,4.07,2.86,807.07,6.93
48.2666,41.25,64.9,109.12,146.41,79.31,114.62,197.12,60.94,0.0,0.0,0.0,0.0,0.0,0.0,2.75,0.0,813.67,2.75
48.2766,39.6,56.65,101.31,146.41,85.14,117.7,207.57,68.31,0.0,0.0,0.0,0.0,0.0,0.0,2.75,2.86,822.69,5.61
48.2866,36.08,48.62,93.61,147.95,88.11,122.32,221.65,75.79,0.0,0.0,0.0,0.0,0.0,0.0,0.0,0.0,834.13,0.0
48.2966,34.43,40.48,84.26,147.95,93.94,125.4,231.88,80.3,0.0,0.0,0.0,0.0,0.0,0.0,2.75,2.86,838.64,5.61
48.3066,32.67,33.99,74.91,146.41,95.48,125.4,245.52,89.21,0.0,0.0,0.0,0.0,0.0,0.0,2.75,0.0,843.59,2.75
48.3166,30.91,25.85,64.02,149.49,99.88,130.02,260.81,96.69,0.0,0.0,0.0,0.0,0.0,0.0,2.75,0.0,857.67,2.75
48.3266,29.26,21.01,51.04,149.49,105.71,132.99,271.04,105.6,0.0,0.0,0.0,0.0,0.0,0.0,0.0,0.0,866.14,0.0
48.3366,27.5,16.17,35.86,147.95,110.22,136.07,287.76,116.27,0.0,0.0,0.0,0.0,0.0,0.0,0.0,0.0,877.8,0.0
48.3466,25.74,12.87,24.86,143.33,111.87,137.61,299.42,123.97,0.0,0.0,0.0,0.0,0.0,0.0,0.0,0.0,879.67,0.0
48.3566,22.33,9.68,19.25,143.33,115.28,137.61,316.03,136.29,0.0,0.0,0.0,0.0,0.0,0.0,2.75,2.86,899.8,5.61
48.3666,18.92,9.68,13.75,137.17,117.04,139.15,330.99,145.64,2.42,0.0,0.0,0.0,0.0,0.0,2.75,0.0,912.34,5.17
48.3766,15.4,6.38,11.0,129.36,117.04,142.23,345.29,156.42,2.42,0.0,0.0,0.0,0.0,0.0,2.75,2.86,923.12,8.03
48.3866,10.23,6.38,11.0,120.12,115.28,142.23,359.81,164.12,2.42,0.0,0.0,0.0,0.0,0.0,0.0,0.0,929.17,2.42
48.3966,3.41,6.38,8.25,109.45,117.04,145.31,376.09,175.56,2.42,0.0,0.0,0.0,0.0,0.0,0.0,0.0,941.49,2.42
48.4066,0.0,4.84,6.82,98.01,110.22,143.77,388.74,187.66,2.42,0.0,0.0,0.0,0.0,0.0,0.0,0.0,940.06,2.42
48.4166,0.0,4.84,5.5,83.71,110.22,145.31,401.5,196.35,2.42,0.0,0.0,0.0,0.0,0.0,0.0,2.86,947.43,5.28
48.4266,0.0,4.84,5.5,72.27,104.28,146.85,412.39,203.28,4.84,0.0,0.0,0.0,0.0,0.0,0.0,0.0,949.41,4.84
48.4366,0.0,3.19,5.5,60.83,96.91,145.31,423.17,211.86,8.58,0.0,0.0,0.0,0.0,0.0,0.0,0.0,946.77,8.58
48.4466,0.0,3.19,5.5,50.82,86.57,143.77,432.3,217.14,15.95,0.0,0.0,0.0,0.0,0.0,0.0,0.0,939.29,15.95
48.4566,0.0,4.84,5.5,37.84,79.31,142.23,441.32,222.31,24.64,0.0,0.0,0.0,0.0,0.0,0.0,0.0,933.35,24.64
48.4666,0.0,3.19,4.07,28.38,68.97,136.07,450.34,224.07,36.96,0.0,0.0,0.0,0.0,0.0,0.0,0.0,915.09,36.96
48.4766,0.0,3.19,4.07,17.71,57.2,128.48,453.97,227.48,46.86,9.9,0.0,3.08,4.95,2.31,0.0,0.0,892.1,67.1
48.4866,0.0,3.19,4.07,9.46,43.12,120.78,459.36,227.48,56.65,116.71,35.75,6.27,13.2,3.52,5.5,2.86,867.46,240.46
48.4966,0.0,3.19,4.07,9.46,33.44,104.5,450.34,218.79,56.65,161.15,103.73,54.12,38.06,9.46,6.82,7.26,823.79,437.25
48.5066,0.0,3.19,5.5,8.25,29.26,84.7,425.04,211.86,57.97,182.93,154.33,79.53,47.96,10.67,11.0,11.66,767.8,556.05
48.5166,0.0,3.19,5.5,7.04,30.58,62.15,367.07,204.93,66.0,193.05,187.66,88.55,70.29,14.19,23.43,17.6,680.46,660.77
48.5266,0.0,4.84,4.07,3.52,27.83,44.55,265.87,192.83,69.96,191.29,203.94,87.01,74.91,18.92,31.68,20.46,543.51,698.17
48.5366,0.0,3.19,2.75,4.73,25.08,31.46,151.58,189.42,68.64,191.29,202.4,88.55,79.64,21.34,42.68,22.0,408.21,716.54
48.5466,0.0,4.84,4.07,2.31,20.9,26.18,78.76,165.66,67.32,196.35,202.4,91.52,81.18,26.07,46.86,23.43,302.72,735.13
48.5566,0.0,0.0,4.07,2.31,18.04,23.54,46.31,116.27,66.0,199.76,199.1,99.0,82.72,29.59,55.11,24.86,210.54,756.14
48.5666,0.0,3.19,4.07,0.0,12.54,17.05,37.62,80.3,68.64,211.53,195.8,104.94,84.26,32.01,59.4,26.4,154.77,782.98
48.5766,0.0,0.0,0.0,0.0,9.68,14.41,28.93,59.4,68.64,218.35,197.45,107.91,84.26,35.53,63.91,26.4,112.42,802.45
48.5866,0.0,0.0,2.75,0.0,8.36,10.45,18.81,33.11,68.64,225.17,194.26,117.15,87.34,36.74,66.88,27.83,73.48,824.01
48.5966,0.0,3.19,0.0,0.0,5.5,7.81,14.41,16.5,67.32,230.45,190.96,124.96,87.34,41.47,72.82,29.26,47.41,844.58
48.6066,0.0,0.0,0.0,0.0,4.18,5.17,10.12,5.5,64.57,232.21,186.01,132.88,91.96,46.2,75.79,29.26,24.97,858.88
48.6166,0.0,0.0,2.75,0.0,2.75,3.85,8.69,4.07,64.57,235.73,184.47,137.61,91.96,49.83,86.24,32.23,22.11,882.64
48.6266,0.0,3.19,0.0,0.0,2.75,3.85,7.15,2.75,61.93,233.97,182.82,142.34,98.23,54.56,90.75,32.23,19.69,896.83
48.6366,0.0,0.0,0.0,0.0,0.0,3.85,7.15,2.75,60.61,230.45,181.17,147.07,101.31,57.2,101.2,35.2,13.75,914.21
48.6466,0.0,0.0,0.0,0.0,2.75,3.85,7.15,2.75,56.65,223.41,177.87,147.07,105.93,60.28,105.71,36.63,16.5,913.55
48.6566,0.0,0.0,0.0,0.0,0.0,0.0,5.72,2.75,53.02,216.59,171.38,150.26,107.47,64.79,114.73,38.06,8.47,916.3
48.6666,0.0,0.0,0.0,0.0,0.0,3.85,4.29,2.75,48.07,206.47,165.11,150.26,115.28,64.79,120.89,38.06,10.89,908.93
48.6766,0.0,0.0,2.75,0.0,2.75,3.85,2.86,0.0,44.33,194.7,154.33,148.72,116.82,70.84,128.59,38.06,12.21,896.39
48.6866,0.0,0.0,2.75,0.0,0.0,2.53,4.29,0.0,39.38,182.93,143.66,148.72,118.47,73.81,136.18,39.6,9.57,882.75
48.6966,0.0,0.0,0.0,0.0,0.0,2.53,2.86,0.0,35.75,169.4,132.88,147.07,123.31,78.32,142.34,41.03,5.39,870.1
48.7066,0.0,0.0,0.0,0.0,0.0,2.53,4.29,0.0,33.22,156.2,122.21,147.07,126.61,79.86,148.39,39.6,6.82,853.16
48.7166,0.0,0.0,2.75,0.0,0.0,0.0,2.86,0.0,32.01,146.3,109.89,142.34,128.15,81.4,157.63,42.46,5.61,840.18
48.7266,0.0,0.0,2.75,0.0,0.0,0.0,0.0,0.0,29.59,133.21,102.19,142.34,129.8,85.91,170.17,45.43,2.75,838.64
48.7366,0.0,0.0,0.0,0.0,0.0,0.0,2.86,0.0,28.27,123.31,89.76,136.07,136.29,88.88,181.5,44.0,2.86,828.08
48.7466,0.0,0.0,0.0,0.0,0.0,0.0,0.0,0.0,27.06,113.41,85.03,132.88,139.59,90.42,191.18,46.86,0.0,826.43
48.7566,0.0,0.0,2.75,0.0,0.0,0.0,0.0,0.0,24.64,102.52,75.79,132.88,145.97,93.39,204.16,48.4,2.75,827.75
48.7666,0.0,0.0,2.75,0.0,0.0,0.0,0.0,0.0,23.43,93.28,66.44,134.42,150.92,91.96,212.3,51.26,2.75,824.01
48.7766,0.0,0.0,0.0,0.0,0.0,0.0,0.0,0.0,22.11,79.42,57.2,132.88,155.76,96.47,221.98,51.26,0.0,817.08
48.7866,0.0,0.0,2.75,0.0,0.0,0.0,0.0,0.0,20.9,71.72,50.05,129.69,160.6,97.9,231.99,55.77,2.75,818.62
48.7966,0.0,0.0,0.0,0.0,0.0,0.0,0.0,0.0,20.9,62.48,44.33,126.61,163.9,100.98,237.16,55.77,0.0,812.13
48.8066,0.0,0.0,2.75,0.0,0.0,0.0,0.0,0.0,19.69,52.8,35.75,126.61,167.09,97.9,249.26,58.74,2.75,807.84
48.8166,0.0,0.0,0.0,0.0,0.0,0.0,0.0,0.0,18.48,41.25,28.6,126.61,172.15,102.52,257.84,63.36,0.0,810.81
48.8266,0.0,0.0,0.0,0.0,0.0,0.0,0.0,0.0,18.48,34.65,22.88,123.42,172.15,102.52,266.42,66.44,0.0,806.96
48.8366,0.0,0.0,2.75,0.0,0.0,0.0,0.0,0.0,17.16,26.4,18.59,120.23,177.54,102.52,276.76,67.98,2.75,807.18
48.8466,0.0,0.0,2.75,0.0,0.0,0.0,0.0,0.0,15.95,19.8,12.87,120.23,179.3,103.95,281.82,69.52,2.75,803.44
48.8566,0.0,0.0,0.0,0.0,0.0,0.0,0.0,0.0,13.53,16.5,10.01,115.5,181.17,105.49,288.64,72.6,0.0,803.44
48.8666,0.0,0.0,0.0,0.0,0.0,0.0,0.0,0.0,9.79,13.2,8.58,112.42,182.93,102.52,298.87,74.14,0.0,802.45
48.8766,0.0,0.0,0.0,0.0,0.0,0.0,0.0,0.0,8.58,11.55,7.15,107.91,182.93,105.49,302.28,77.11,0.0,803.0
48.8866,0.0,0.0,0.0,0.0,0.0,0.0,0.0,0.0,6.16,11.55,7.15,103.4,181.17,105.49,312.51,81.73,0.0,809.16
48.8966,0.0,0.0,2.75,0.0,0.0,0.0,0.0,0.0,4.84,8.25,5.72,97.46,182.93,107.03,322.74,83.27,2.75,812.24
48.9066,0.0,3.19,2.75,0.0,0.0,0.0,0.0,0.0,4.84,9.9,2.86,91.52,184.8,107.03,331.21,89.43,5.94,821.59
48.9166,0.0,0.0,0.0,0.0,0.0,0.0,0.0,0.0,3.63,8.25,4.29,85.58,184.8,108.46,341.44,93.94,0.0,830.39
48.9266,0.0,0.0,0.0,0.0,0.0,0.0,0.0,0.0,2.42,4.95,4.29,81.07,184.8,108.46,356.84,98.56,0.0,841.39
48.9366,0.0,0.0,0.0,0.0,0.0,0.0,0.0,0.0,0.0,4.95,4.29,72.16,186.56,105.49,368.72,103.18,0.0,845.35
48.9466,3.41,0.0,0.0,0.0,0.0,0.0,0.0,0.0,0.0,3.3,0.0,63.14,184.8,107.03,380.71,109.34,3.41,848.32
48.9566,5.06,0.0,0.0,0.0,0.0,0.0,0.0,0.0,0.0,0.0,0.0,54.12,182.93,103.95,392.7,115.61,5.06,849.31
48.9666,17.16,0.0,0.0,0.0,0.0,0.0,0.0,0.0,0.0,3.3,2.86,44.55,179.3,102.52,403.37,120.34,17.16,856.24
48.9766,25.74,0.0,0.0,0.0,2.75,0.0,0.0,0.0,0.0,0.0,0.0,34.98,177.54,100.98,414.15,125.18,28.49,852.83
48.9866,41.25,0.0,0.0,3.52,2.75,2.53,0.0,0.0,0.0,0.0,0.0,27.06,172.15,96.47,424.93,126.72,50.05,847.33
48.9966,58.52,0.0,0.0,3.52,2.75,0.0,0.0,0.0,0.0,3.3,2.86,17.49,167.09,93.39,435.6,129.91,64.79,849.64
49.0066,75.68,0.0,0.0,2.31,2.75,0.0,0.0,0.0,0.0,3.3,0.0,12.65,158.95,88.88,440.99,136.29,80.74,841.06
49.0166,87.78,0.0,0.0,3.52,2.75,2.53,0.0,0.0,0.0,0.0,0.0,9.46,152.46,84.37,440.99,136.29,96.58,823.57
49.0266,98.12,33.99,41.36,4.73,5.5,3.85,0.0,0.0,0.0,3.3,2.86,6.27,142.78,75.35,437.36,137.94,187.55,805.86
49.0366,94.71,96.03,85.8,8.25,4.18,3.85,0.0,2.75,0.0,3.3,0.0,7.92,128.15,64.79,432.08,134.75,295.57,770.99
49.0466,84.37,135.85,118.69,29.48,8.36,7.81,2.86,5.5,0.0,3.3,0.0,7.92,112.09,54.56,412.39,133.1,392.92,723.36
49.0566,79.2,150.92,146.63,43.67,23.65,10.45,5.72,8.25,0.0,0.0,0.0,11.11,93.5,46.2,390.94,126.72,468.49,668.47
49.0666,77.44,154.33,164.67,54.34,34.76,19.58,27.5,16.5,0.0,3.3,2.86,9.46,71.83,41.47,351.67,120.34,549.12,600.93
49.0766,79.2,159.39,178.75,56.76,40.37,32.78,52.14,19.25,0.0,3.3,0.0,12.65,56.21,35.53,286.99,121.99,618.64,516.67
49.0866,82.61,164.34,193.38,56.76,41.8,43.23,74.25,23.43,0.0,0.0,0.0,12.65,46.31,30.8,179.85,121.99,679.8,391.6
49.0966,87.78,169.51,209.77,57.97,47.3,49.83,89.21,24.75,0.0,0.0,0.0,11.11,38.06,24.86,102.74,110.88,736.12,287.65
49.1066,94.71,176.55,222.64,59.4,50.16,52.47,98.12,26.18,0.0,3.3,0.0,6.27,29.81,22.44,49.61,86.35,780.23,197.78
49.1166,101.53,180.07,229.68,60.83,51.48,53.79,105.6,27.5,0.0,0.0,0.0,7.92,23.1,16.61,34.43,58.74,810.48,140.8
49.1266,106.7,187.11,236.83,57.97,52.91,56.43,111.54,27.5,0.0,0.0,0.0,6.27,21.45,10.67,24.75,45.43,836.99,108.57
49.1366,111.87,190.63,242.11,59.4,54.34,57.86,114.62,26.18,0.0,3.3,0.0,4.73,14.85,7.04,19.25,30.8,857.01,79.97
49.1466,117.15,192.39,247.5,59.4,54.34,56.43,117.81,27.5,0.0,0.0,0.0,3.08,9.9,7.04,13.75,17.6,872.52,51.37
49.1566,120.67,194.15,251.02,57.97,55.77,59.29,119.46,28.93,0.0,0.0,0.0,4.73,6.6,5.83,12.32,10.23,887.26,39.71
49.1666,120.67,197.67,249.26,60.83,55.77,59.29,122.65,28.93,0.0,0.0,0.0,4.73,8.25,3.52,9.57,5.83,895.07,31.9
49.1766,118.91,197.67,247.5,60.83,57.2,60.72,125.84,28.93,0.0,0.0,0.0,0.0,6.6,3.52,9.57,7.26,897.6,26.95
49.1866,117.15,195.91,243.98,63.69,55.77,62.15,127.49,30.36,0.0,0.0,0.0,3.08,3.3,3.52,9.57,5.83,896.5,25.3
49.1966,113.63,195.91,238.59,63.69,57.2,64.9,129.14,31.68,0.0,0.0,0.0,3.08,6.6,3.52,8.25,2.86,894.74,24.31
49.2066,108.46,192.39,233.31,65.12,57.2,64.9,130.68,33.11,0.0,0.0,0.0,3.08,4.95,3.52,8.25,5.83,885.17,25.63
49.2166,103.29,187.11,224.4,69.41,57.2,69.19,129.14,31.68,0.0,0.0,0.0,0.0,4.95,2.31,8.25,5.83,871.42,21.34
49.2266,98.12,185.35,215.27,70.84,57.2,69.19,130.68,33.11,0.0,0.0,0.0,0.0,3.3,3.52,8.25,5.83,859.76,20.9
49.2366,91.19,181.83,204.27,72.27,58.63,67.76,132.33,33.11,0.0,0.0,0.0,0.0,3.3,0.0,6.82,4.4,841.39,14.52
49.2466,84.37,176.55,195.14,75.13,58.63,72.05,132.33,34.43,0.0,0.0,0.0,3.08,3.3,0.0,5.5,4.4,828.63,16.28
49.2566,79.2,171.27,182.38,79.42,58.63,74.8,132.33,34.43,0.0,0.0,0.0,0.0,0.0,2.31,6.82,2.86,812.46,11.99
49.2666,74.03,162.69,173.25,82.28,60.17,76.23,135.52,34.43,0.0,0.0,0.0,3.08,3.3,0.0,5.5,4.4,798.6,16.28
49.2766,67.1,159.39,164.67,85.14,61.6,77.66,138.71,35.86,0.0,0.0,0.0,0.0,3.3,2.31,4.07,0.0,790.13,9.68
49.2865,61.93,152.68,156.42,89.43,63.03,80.52,142.01,37.18,0.0,0.0,0.0,0.0,3.3,0.0,5.5,2.86,783.2,11.66
49.2965,58.52,147.62,148.28,93.72,64.57,83.38,146.85,39.93,0.0,0.0,0.0,0.0,0.0,2.31,2.75,2.86,782.87,7.92
49.3065,55.11,140.91,141.68,96.58,66.0,86.13,150.04,41.36,0.0,0.0,0.0,0.0,0.0,2.31,5.5,4.4,777.81,12.21
49.3165,51.59,134.2,131.89,99.44,67.54,87.56,156.42,44.11,0.0,0.0,0.0,0.0,3.3,0.0,4.07,4.4,772.75,11.77
49.3265,49.94,127.49,123.64,103.73,73.37,91.85,162.91,46.86,0.0,0.0,0.0,0.0,3.3,2.31,2.75,2.86,779.79,11.22
49.3365,48.18,120.78,120.34,105.16,74.8,93.17,169.29,49.61,0.0,0.0,0.0,0.0,0.0,0.0,2.75,0.0,781.33,2.75
49.3465,44.77,114.07,110.66,109.45,79.31,97.46,179.52,55.11,0.0,0.0,0.0,0.0,0.0,2.31,0.0,2.86,790.35,5.17
49.3565,43.01,107.47,102.85,115.5,82.17,101.75,190.08,57.97,0.0,0.0,0.0,0.0,0.0,0.0,2.75,2.86,800.8,5.61
49.3665,39.6,100.87,96.69,120.12,86.57,105.93,200.53,62.37,0.0,0.0,0.0,0.0,0.0,0.0,4.07,2.86,812.68,6.93
49.3765,37.84,92.73,87.34,123.2,91.08,108.79,211.09,68.31,0.0,0.0,0.0,0.0,0.0,0.0,4.07,2.86,820.38,6.93
49.3865,36.08,84.48,79.53,126.28,96.91,111.65,221.65,74.36,0.0,0.0,0.0,0.0,3.3,0.0,4.07,4.4,830.94,11.77
49.3965,32.67,76.34,70.18,126.28,99.88,114.62,233.53,83.27,0.0,0.0,0.0,0.0,0.0,0.0,4.07,4.4,836.77,8.47
49.4065,30.91,66.55,62.48,130.9,107.25,117.7,245.52,87.78,0.0,0.0,0.0,0.0,0.0,0.0,0.0,2.86,849.09,2.86
49.4165,29.26,56.65,52.47,132.55,111.87,122.32,257.4,96.69,0.0,0.0,0.0,0.0,0.0,0.0,4.07,2.86,859.21,6.93
49.4265,27.5,46.97,44.11,134.09,115.28,123.86,269.28,105.6,0.0,0.0,0.0,0.0,3.3,0.0,2.75,2.86,866.69,8.91
49.4365,25.74,38.83,34.43,134.09,120.45,126.94,279.51,113.19,0.0,0.0,0.0,0.0,0.0,0.0,2.75,0.0,873.18,2.75
49.4465,24.09,30.69,26.18,132.55,123.86,130.02,289.41,119.35,0.0,0.0,0.0,0.0,0.0,0.0,2.75,2.86,876.15,5.61
49.4565,20.57,22.66,19.25,130.9,127.27,131.45,302.72,128.59,0.0,0.0,0.0,0.0,0.0,0.0,2.75,2.86,883.41,5.61
49.4665,17.16,16.17,13.75,126.28,130.68,134.53,317.68,136.29,0.0,0.0,0.0,0.0,0.0,0.0,2.75,2.86,892.54,5.61
49.4765,10.23,12.87,8.25,118.58,130.68,136.07,329.34,147.18,0.0,0.0,0.0,0.0,0.0,0.0,0.0,2.86,893.2,2.86
49.4865,5.06,11.33,8.25,108.02,130.68,136.07,348.92,157.96,2.42,3.3,0.0,0.0,0.0,0.0,2.75,0.0,906.29,8.47
49.4965,3.41,9.68,5.5,95.15,130.68,134.53,365.2,170.39,0.0,0.0,0.0,0.0,0.0,0.0,2.75,0.0,914.54,2.75
49.5065,0.0,6.38,6.82,82.28,128.92,139.15,379.72,182.49,0.0,0.0,0.0,0.0,0.0,0.0,2.75,0.0,925.76,2.75
49.5165,0.0,4.84,5.5,67.98,123.86,136.07,392.37,189.42,0.0,0.0,0.0,0.0,0.0,0.0,0.0,0.0,920.04,0.0
49.5265,0.0,4.84,4.07,57.97,118.69,137.61,405.13,199.76,0.0,0.0,0.0,0.0,0.0,0.0,0.0,0.0,928.07,0.0
49.5365,0.0,6.38,2.75,48.4,111.87,136.07,419.54,210.21,2.42,0.0,0.0,0.0,0.0,0.0,2.75,0.0,935.22,5.17
49.5465,0.0,4.84,2.75,38.94,102.85,136.07,432.3,220.55,2.42,0.0,0.0,0.0,0.0,0.0,0.0,0.0,938.3,2.42
49.5565,0.0,3.19,4.07,30.69,95.48,131.45,444.95,227.48,4.84,0.0,0.0,0.0,0.0,0.0,0.0,0.0,937.31,4.84
49.5665,0.0,3.19,4.07,22.44,83.71,126.94,455.73,230.89,8.58,0.0,0.0,0.0,0.0,0.0,0.0,0.0,926.97,8.58
49.5765,0.0,3.19,4.07,12.98,73.37,120.78,462.99,236.06,20.9,0.0,2.86,0.0,0.0,2.31,0.0,0.0,913.44,26.07
49.5865,0.0,4.84,5.5,8.25,60.17,111.65,466.62,237.71,35.75,4.95,2.86,0.0,4.95,0.0,2.75,0.0,894.74,51.26
49.5965,0.0,3.19,4.07,5.83,44.55,100.32,464.75,232.65,48.07,47.85,0.0,3.08,6.6,2.31,2.75,0.0,855.36,110.66
49.6065,0.0,4.84,4.07,4.73,32.01,84.7,452.21,225.72,55.44,156.2,41.47,17.49,13.2,3.52,4.07,2.86,808.28,294.25
49.6165,0.0,4.84,5.5,4.73,30.58,66.33,426.8,215.38,54.23,198.11,114.51,75.13,31.46,9.46,9.57,10.23,754.16,502.7
49.6265,0.0,4.84,2.75,4.73,30.58,49.83,372.46,201.52,60.61,213.29,171.38,95.92,49.61,12.98,13.75,13.2,666.71,630.74
49.6365,0.0,3.19,4.07,3.52,27.83,36.74,272.69,192.83,71.28,218.35,210.54,100.43,68.75,16.61,16.5,17.6,540.87,720.06
49.6465,0.0,3.19,2.75,3.52,26.4,27.5,150.04,182.49,75.35,216.59,223.63,97.46,74.91,20.13,27.5,20.46,395.89,756.03
49.6565,0.0,4.84,4.07,2.31,22.22,24.86,77.22,154.88,74.03,216.59,226.93,100.43,76.45,23.65,39.93,23.43,290.4,781.44
49.6665,0.0,4.84,2.75,0.0,18.04,22.22,47.74,107.14,72.6,218.35,226.93,107.91,78.1,27.28,45.54,23.43,202.73,800.14
49.6765,0.0,4.84,2.75,0.0,13.86,15.73,34.76,69.85,74.03,223.41,223.63,109.34,82.72,30.8,49.61,24.86,141.79,818.4
49.6865,0.0,3.19,4.07,0.0,9.68,13.09,24.53,46.86,75.35,232.21,223.63,115.5,82.72,32.01,53.79,24.86,101.42,840.07
49.6965,0.0,3.19,0.0,0.0,5.5,10.45,17.38,22.0,77.99,241.01,223.63,118.69,84.26,32.01,55.11,24.86,58.52,857.56
49.7065,0.0,3.19,0.0,0.0,4.18,6.49,12.98,12.32,77.99,249.81,218.68,124.96,84.26,33.22,57.97,26.4,39.16,873.29
49.7165,0.0,3.19,2.75,0.0,4.18,3.85,8.69,4.07,76.67,253.44,210.54,132.88,82.72,37.95,62.37,26.4,26.73,882.97
49.7265,0.0,3.19,0.0,0.0,2.75,2.53,8.69,4.07,72.6,253.44,202.4,139.15,87.34,40.26,65.34,27.83,21.23,888.36
49.7365,0.0,3.19,0.0,0.0,2.75,2.53,8.69,2.75,69.96,255.2,197.45,143.99,90.42,44.99,69.85,26.4,19.91,898.26
49.7465,0.0,3.19,2.75,0.0,2.75,3.85,7.15,0.0,66.0,249.81,192.61,150.26,88.88,46.2,77.33,29.26,19.69,900.35
49.7565,0.0,3.19,0.0,0.0,2.75,3.85,7.15,0.0,61.93,244.53,186.01,154.99,93.5,49.83,83.27,30.8,16.94,904.86
49.7665,0.0,3.19,0.0,0.0,0.0,0.0,5.72,0.0,57.97,237.49,181.17,156.53,98.23,52.14,86.24,32.23,8.91,902.0
49.7765,0.0,0.0,2.75,0.0,2.75,0.0,5.72,0.0,54.23,228.69,173.03,156.53,101.31,53.35,93.72,32.23,11.22,893.09
49.7865,0.0,3.19,0.0,0.0,0.0,0.0,4.29,0.0,48.07,218.35,165.11,159.72,101.31,55.77,98.23,32.23,7.48,878.79
49.7965,0.0,3.19,0.0,0.0,0.0,2.53,2.86,0.0,44.33,209.88,157.41,161.26,102.85,57.2,102.74,33.66,8.58,869.33
49.8065,0.0,3.19,0.0,0.0,0.0,0.0,4.29,0.0,39.38,198.11,145.2,167.75,104.39,61.71,107.14,35.2,7.48,858.88
49.8165,0.0,3.19,0.0,0.0,0.0,2.53,4.29,0.0,36.96,184.58,129.91,169.51,110.55,63.25,113.19,36.63,10.01,844.58
49.8265,0.0,3.19,0.0,0.0,0.0,2.53,2.86,0.0,33.22,171.05,119.13,172.92,113.63,67.76,117.81,35.2,8.58,830.72
49.8365,0.0,3.19,0.0,0.0,0.0,2.53,2.86,0.0,30.8,157.85,105.27,176.44,113.63,69.3,123.97,38.06,8.58,815.32
49.8465,0.0,0.0,0.0,0.0,0.0,0.0,0.0,0.0,28.27,146.3,94.38,176.44,118.47,73.81,125.51,35.2,0.0,798.38
49.8565,0.0,0.0,0.0,0.0,0.0,0.0,0.0,0.0,27.06,138.16,81.95,176.44,121.66,73.81,134.64,38.06,0.0,791.78
49.8665,0.0,0.0,0.0,0.0,0.0,0.0,0.0,0.0,24.64,126.61,74.25,179.85,123.31,78.32,140.8,39.6,0.0,787.38
49.8765,0.0,0.0,0.0,0.0,0.0,0.0,2.86,0.0,23.43,116.71,64.9,176.44,126.61,79.86,146.96,39.6,2.86,774.51
49.8865,0.0,0.0,0.0,0.0,0.0,0.0,0.0,0.0,22.11,104.06,58.74,179.85,129.8,82.83,153.01,39.6,0.0,770.0
49.8965,0.0,0.0,0.0,0.0,0.0,0.0,0.0,0.0,20.9,96.36,51.48,178.09,136.29,84.37,162.25,41.03,0.0,770.77
49.9065,0.0,0.0,0.0,0.0,0.0,0.0,0.0,0.0,19.69,85.58,45.76,176.44,139.59,88.88,171.71,42.46,0.0,770.11
49.9165,0.0,3.19,0.0,0.0,0.0,0.0,0.0,0.0,19.69,73.26,38.61,176.44,142.78,93.39,183.15,41.03,3.19,768.35
49.9265,0.0,0.0,0.0,0.0,0.0,0.0,0.0,0.0,18.48,62.48,32.89,172.92,145.97,96.47,194.48,45.43,0.0,769.12
49.9365,0.0,0.0,0.0,0.0,0.0,0.0,0.0,0.0,18.48,52.8,25.74,166.1,150.92,100.98,209.0,46.86,0.0,770.88
49.9465,0.0,0.0,0.0,0.0,0.0,0.0,0.0,0.0,17.16,42.9,21.45,164.45,155.76,100.98,221.98,45.43,0.0,770.11
49.9565,0.0,0.0,0.0,0.0,0.0,0.0,0.0,0.0,17.16,36.3,18.59,161.26,160.6,102.52,235.51,46.86,0.0,778.8
49.9665,0.0,0.0,0.0,0.0,0.0,0.0,0.0,0.0,15.95,29.7,14.3,161.26,162.25,105.49,249.26,49.83,0.0,788.04
49.9765,0.0,0.0,0.0,0.0,0.0,0.0,0.0,0.0,15.95,21.45,11.44,158.18,167.09,105.49,257.84,52.8,0.0,790.24
49.9865,0.0,3.19,2.75,0.0,0.0,0.0,0.0,0.0,13.53,18.15,10.01,151.8,167.09,110.0,269.83,55.77,5.94,796.18
49.9965,0.0,0.0,0.0,0.0,0.0,0.0,0.0,0.0,9.79,16.5,8.58,147.07,168.74,110.0,280.17,60.28,0.0,801.13
50.0065,0.0,0.0,0.0,0.0,0.0,0.0,0.0,0.0,8.58,14.85,7.15,143.99,168.74,111.54,293.81,64.9,0.0,813.56
50.0165,0.0,0.0,0.0,0.0,0.0,0.0,0.0,0.0,6.16,13.2,5.72,137.61,170.39,111.54,305.69,71.06,0.0,821.37
50.0265,0.0,0.0,0.0,0.0,0.0,0.0,0.0,0.0,4.84,9.9,5.72,131.34,173.91,116.49,319.33,75.57,0.0,837.1
50.0365,0.0,0.0,0.0,0.0,0.0,0.0,0.0,0.0,3.63,6.6,2.86,123.42,179.3,118.25,331.21,80.19,0.0,845.46
50.0465,0.0,0.0,0.0,0.0,0.0,0.0,0.0,0.0,3.63,8.25,2.86,117.15,181.17,116.49,348.26,87.89,0.0,865.7
50.0565,0.0,0.0,0.0,0.0,0.0,0.0,0.0,0.0,2.42,4.95,4.29,104.94,181.17,120.01,365.31,95.48,0.0,878.57
50.0665,0.0,0.0,0.0,0.0,0.0,0.0,0.0,0.0,0.0,3.3,2.86,95.92,179.3,121.77,382.36,103.18,0.0,888.69
50.0765,0.0,0.0,0.0,0.0,0.0,0.0,0.0,0.0,0.0,4.95,2.86,81.07,181.17,120.01,396.22,107.8,0.0,894.08
50.0865,3.41,0.0,0.0,0.0,0.0,0.0,0.0,0.0,0.0,3.3,2.86,67.65,177.54,116.49,410.52,113.96,3.41,892.32
50.0965,5.06,0.0,0.0,0.0,0.0,0.0,0.0,0.0,0.0,3.3,2.86,57.2,172.15,114.73,421.3,117.15,5.06,888.69
50.1065,13.75,0.0,0.0,0.0,0.0,0.0,0.0,0.0,0.0,3.3,2.86,44.55,167.09,111.54,428.45,121.99,13.75,879.78
50.1165,30.91,0.0,0.0,0.0,2.75,0.0,0.0,0.0,0.0,0.0,2.86,34.98,162.25,110.0,430.21,125.18,33.66,865.48
50.1265,53.35,0.0,0.0,0.0,2.75,0.0,0.0,0.0,0.0,0.0,2.86,27.06,152.46,102.52,435.6,125.18,56.1,845.68
50.1365,74.03,0.0,0.0,2.31,4.18,2.53,0.0,0.0,0.0,3.3,2.86,17.49,145.97,96.47,435.6,126.72,83.05,828.41
50.1465,91.19,0.0,0.0,4.73,5.5,2.53,0.0,0.0,0.0,3.3,0.0,11.11,134.64,85.91,430.21,128.37,103.95,793.54
50.1565,113.63,8.03,35.86,4.73,4.18,3.85,0.0,0.0,0.0,0.0,2.86,11.11,120.12,76.78,417.78,125.18,170.28,753.83
50.1665,122.43,74.69,106.04,7.04,5.5,5.17,2.86,2.75,0.0,3.3,0.0,9.46,101.31,63.25,399.85,125.18,326.48,702.35
50.1765,113.63,124.08,149.93,27.17,8.36,5.17,4.29,4.07,0.0,0.0,0.0,12.65,81.18,52.14,375.54,120.34,436.7,641.85
50.1865,110.22,145.97,189.64,49.61,15.29,9.13,7.15,8.25,0.0,0.0,2.86,14.3,57.97,43.89,327.8,121.99,535.26,568.81
50.1965,110.22,152.68,215.27,59.4,30.58,20.9,26.07,16.5,0.0,3.3,0.0,14.3,51.26,35.53,228.58,126.72,631.62,459.69
50.2065,113.63,157.63,235.07,62.26,36.19,32.78,47.74,19.25,0.0,3.3,0.0,11.11,43.01,29.59,130.02,126.72,704.55,343.75
50.2165,117.15,161.04,247.5,65.12,40.37,41.91,71.28,23.43,0.0,3.3,2.86,9.46,34.76,23.65,69.85,103.18,767.8,247.06
50.2265,122.43,166.1,259.93,65.12,44.55,49.83,87.67,24.75,0.0,3.3,0.0,7.92,29.81,20.13,39.93,72.6,820.38,173.69
50.2365,127.6,169.51,268.84,66.55,48.73,52.47,99.55,26.18,0.0,0.0,0.0,7.92,23.1,15.4,28.93,54.23,859.43,129.58
50.2465,132.88,173.03,274.23,67.98,48.73,55.11,107.03,27.5,0.0,0.0,0.0,6.27,18.15,9.46,23.43,44.0,886.49,101.31
50.2565,136.4,176.55,277.75,66.55,51.48,57.86,113.08,26.18,0.0,3.3,0.0,4.73,13.2,8.25,15.18,26.4,905.85,71.06
50.2665,139.92,180.07,281.38,67.98,51.48,60.72,116.27,28.93,0.0,3.3,0.0,3.08,8.25,5.83,11.0,11.66,926.75,43.12
50.2765,143.33,183.59,281.38,67.98,52.91,60.72,121.11,27.5,0.0,0.0,0.0,3.08,6.6,3.52,9.57,4.4,938.52,27.17
50.2865,143.33,187.11,281.38,69.41,54.34,62.15,124.3,28.93,0.0,0.0,0.0,4.73,4.95,3.52,9.57,5.83,950.95,28.6
50.2965,143.33,187.11,281.38,69.41,52.91,63.58,122.65,28.93,0.0,0.0,0.0,3.08,3.3,3.52,8.25,4.4,949.3,22.55
50.3065,141.57,185.35,275.99,70.84,54.34,64.9,125.84,28.93,0.0,0.0,0.0,0.0,4.95,3.52,6.82,4.4,947.76,19.69
50.3165,136.4,183.59,267.08,70.84,55.77,64.9,125.84,28.93,0.0,0.0,0.0,3.08,0.0,3.52,8.25,5.83,933.35,20.68
50.3265,132.88,178.31,261.69,70.84,54.34,63.58,125.84,28.93,0.0,0.0,0.0,0.0,3.3,3.52,5.5,4.4,916.41,16.72
50.3365,125.84,174.79,251.02,72.27,55.77,66.33,125.84,30.36,0.0,0.0,0.0,0.0,3.3,3.52,6.82,4.4,902.22,18.04
50.3465,118.91,169.51,243.98,72.27,54.34,66.33,127.49,28.93,0.0,0.0,0.0,3.08,3.3,2.31,6.82,0.0,881.76,15.51
50.3565,111.87,164.34,236.83,73.7,54.34,66.33,127.49,28.93,0.0,0.0,0.0,0.0,0.0,2.31,5.5,2.86,863.83,10.67
50.3665,106.7,159.39,227.92,75.13,55.77,66.33,127.49,30.36,0.0,0.0,0.0,0.0,3.3,0.0,5.5,2.86,849.09,11.66
50.3765,99.88,154.33,217.14,76.56,55.77,69.19,130.68,30.36,0.0,0.0,0.0,3.08,0.0,2.31,4.07,0.0,833.91,9.46
50.3865,92.95,147.62,208.01,79.42,57.2,70.62,130.68,30.36,0.0,0.0,0.0,0.0,0.0,0.0,5.5,4.4,816.86,9.9
50.3965,87.78,144.21,200.64,80.85,57.2,72.05,133.98,28.93,0.0,0.0,0.0,0.0,3.3,0.0,2.75,0.0,805.64,6.05
50.4065,82.61,135.85,191.51,83.71,60.17,73.48,135.52,31.68,0.0,0.0,0.0,0.0,0.0,0.0,4.07,0.0,794.53,4.07
50.4165,75.68,132.55,186.01,88.0,58.63,74.8,142.01,30.36,0.0,0.0,0.0,0.0,0.0,0.0,4.07,4.4,788.04,8.47
50.4265,70.51,125.84,176.88,88.0,63.03,79.09,150.04,33.11,0.0,0.0,0.0,0.0,0.0,0.0,4.07,2.86,786.5,6.93
50.4365,67.1,117.37,171.38,90.86,66.0,81.95,154.88,37.18,0.0,0.0,0.0,0.0,0.0,0.0,2.75,0.0,786.72,2.75
50.4465,63.69,110.77,167.97,90.86,67.54,84.7,161.26,39.93,0.0,0.0,0.0,0.0,0.0,0.0,4.07,2.86,786.72,6.93
50.4565,60.17,104.17,163.02,92.29,68.97,84.7,170.94,42.68,0.0,0.0,0.0,0.0,0.0,0.0,4.07,0.0,786.94,4.07
50.4665,56.76,99.22,156.42,92.29,73.37,88.99,181.28,48.29,0.0,0.0,0.0,0.0,0.0,0.0,0.0,2.86,796.62,2.86
50.4765,55.11,92.73,151.47,92.29,76.34,90.42,193.6,53.79,0.0,0.0,0.0,0.0,0.0,0.0,0.0,2.86,805.75,2.86
50.4865,51.59,84.48,146.63,96.58,82.17,93.17,204.05,57.97,0.0,0.0,0.0,0.0,0.0,0.0,2.75,2.86,816.64,5.61
50.4965,49.94,77.99,141.68,98.01,86.57,97.46,214.61,63.91,0.0,0.0,0.0,0.0,0.0,0.0,2.75,2.86,830.17,5.61
50.5065,48.18,71.39,133.43,102.3,89.54,100.32,230.12,71.28,0.0,0.0,0.0,0.0,0.0,0.0,0.0,0.0,846.56,0.0
50.5165,44.77,63.25,121.99,105.16,96.91,103.07,242.11,77.33,0.0,0.0,0.0,0.0,0.0,0.0,2.75,2.86,854.59,5.61
50.5265,41.25,53.46,112.2,106.59,101.31,107.36,253.99,86.24,0.0,0.0,0.0,0.0,0.0,0.0,2.75,0.0,862.4,2.75
50.5365,37.84,45.32,98.23,108.02,105.71,113.08,265.87,95.15,0.0,0.0,0.0,0.0,0.0,0.0,2.75,2.86,869.22,5.61
50.5465,34.43,37.18,81.07,112.42,110.22,116.16,282.81,105.6,0.0,0.0,0.0,0.0,0.0,0.0,0.0,4.4,879.89,4.4
50.5565,30.91,25.85,64.02,117.04,117.04,120.78,294.47,114.73,0.0,0.0,0.0,0.0,0.0,0.0,0.0,2.86,884.84,2.86
50.5665,29.26,21.01,48.29,117.04,123.86,123.86,307.78,123.97,0.0,0.0,0.0,0.0,0.0,0.0,2.75,0.0,895.07,2.75
50.5765,25.74,14.52,33.11,115.5,128.92,126.94,324.39,131.67,0.0,0.0,0.0,0.0,0.0,0.0,2.75,0.0,900.79,2.75
50.5865,24.09,11.33,22.0,113.96,128.92,128.48,338.03,140.91,0.0,0.0,0.0,0.0,0.0,0.0,0.0,2.86,907.72,2.86
50.5965,18.92,9.68,16.5,108.02,134.09,126.94,356.18,148.72,0.0,0.0,0.0,0.0,0.0,0.0,0.0,0.0,919.05,0.0
50.6065,15.4,9.68,12.43,99.44,134.09,128.48,370.7,159.5,0.0,0.0,0.0,0.0,0.0,0.0,0.0,2.86,929.72,2.86
50.6165,10.23,6.38,12.43,90.86,134.09,130.02,388.74,168.74,2.42,0.0,0.0,0.0,0.0,0.0,0.0,0.0,941.49,2.42
50.6265,3.41,6.38,9.57,79.42,128.92,132.99,401.5,178.97,0.0,0.0,0.0,0.0,0.0,0.0,0.0,0.0,941.16,0.0
50.6365,0.0,3.19,6.82,66.55,123.86,131.45,417.78,191.07,2.42,0.0,0.0,0.0,0.0,0.0,0.0,0.0,940.72,2.42
50.6465,0.0,4.84,8.25,55.55,118.69,131.45,432.3,199.76,2.42,0.0,0.0,0.0,0.0,0.0,0.0,2.86,950.84,5.28
50.6565,0.0,3.19,4.07,46.09,111.87,131.45,441.32,210.21,6.16,0.0,0.0,0.0,0.0,0.0,0.0,0.0,948.2,6.16
50.6665,0.0,3.19,5.5,35.42,102.85,128.48,453.97,218.79,18.48,0.0,0.0,0.0,0.0,0.0,0.0,0.0,948.2,18.48
50.6765,0.0,4.84,5.5,25.96,91.08,122.32,462.99,218.79,30.8,0.0,0.0,0.0,0.0,0.0,0.0,0.0,931.48,30.8
50.6865,0.0,3.19,4.07,16.5,77.77,116.16,472.01,225.72,41.91,0.0,0.0,0.0,3.3,0.0,2.75,2.86,915.42,50.82
50.6965,0.0,4.84,4.07,8.25,61.6,105.93,475.64,224.07,54.23,0.0,0.0,3.08,4.95,2.31,0.0,0.0,884.4,64.57
50.7065,0.0,4.84,2.75,5.83,45.98,93.17,473.88,224.07,77.99,85.58,15.73,4.73,8.25,3.52,0.0,0.0,850.52,195.8
50.7164,0.0,3.19,5.5,5.83,32.01,79.09,468.38,217.14,71.28,151.25,92.84,22.22,18.15,7.04,6.82,7.26,811.14,376.86
50.7264,0.0,3.19,4.07,4.73,29.26,63.58,441.32,208.45,63.25,187.99,148.28,66.11,41.36,8.25,11.0,10.23,754.6,536.47
50.7364,0.0,4.84,4.07,4.73,27.83,44.55,390.61,199.76,63.25,201.41,190.96,89.98,57.97,12.98,16.5,17.6,676.39,650.65
50.7464,0.0,4.84,4.07,3.52,29.26,34.1,294.47,185.9,68.64,204.82,213.73,89.98,68.75,16.61,26.18,19.03,556.16,707.74
50.7564,0.0,4.84,4.07,3.52,26.4,26.18,170.94,173.8,67.32,203.17,215.38,89.98,70.29,21.34,38.61,20.46,409.75,726.55
50.7664,0.0,4.84,2.75,2.31,22.22,23.54,90.64,154.88,64.57,204.82,212.19,95.92,73.37,24.86,52.36,24.86,301.18,752.95
50.7764,0.0,0.0,2.75,2.31,19.47,19.58,50.6,114.73,63.25,208.23,210.54,101.97,74.91,32.01,57.97,26.4,209.44,775.28
50.7864,0.0,0.0,2.75,0.0,15.29,17.05,39.05,75.79,63.25,216.59,205.59,107.91,76.45,36.74,63.91,26.4,149.93,796.84
50.7964,0.0,3.19,2.75,0.0,11.11,14.41,27.5,48.29,64.57,223.41,205.59,115.5,76.45,39.05,68.31,26.4,107.25,819.28
50.8064,0.0,3.19,2.75,0.0,8.36,7.81,20.24,26.18,66.0,233.97,207.24,121.88,74.91,41.47,72.82,27.83,68.53,846.12
50.8164,0.0,0.0,2.75,0.0,5.5,5.17,14.41,13.75,67.32,241.01,205.59,126.61,78.1,44.99,75.79,27.83,41.58,867.24
50.8264,0.0,3.19,2.75,0.0,0.0,3.85,11.55,4.07,67.32,244.53,203.94,131.34,81.18,47.41,80.3,30.8,25.41,886.82
50.8364,0.0,3.19,0.0,0.0,0.0,2.53,10.12,2.75,67.32,246.29,202.4,134.42,82.72,50.93,83.27,30.8,18.59,898.15
50.8464,0.0,0.0,0.0,0.0,2.75,3.85,8.69,2.75,67.32,246.29,202.4,140.8,84.26,50.93,89.21,32.23,18.04,913.44
50.8564,0.0,3.19,2.75,0.0,2.75,2.53,7.15,2.75,64.57,242.77,200.75,142.34,87.34,55.77,95.26,30.8,21.12,919.6
50.8664,0.0,0.0,2.75,0.0,0.0,2.53,4.29,2.75,61.93,237.49,195.8,147.07,88.88,58.74,99.66,35.2,12.32,924.77
50.8764,0.0,0.0,2.75,0.0,0.0,2.53,5.72,0.0,56.65,230.45,189.31,147.07,93.5,61.71,105.71,36.63,11.0,921.03
50.8864,0.0,0.0,2.75,0.0,0.0,0.0,4.29,2.75,50.49,221.65,177.87,150.26,93.5,64.79,111.65,36.63,9.79,906.84
50.8964,0.0,3.19,2.75,0.0,0.0,0.0,5.72,0.0,45.54,213.29,166.65,150.26,98.23,69.3,114.73,36.63,11.66,894.63
50.9064,0.0,0.0,0.0,0.0,0.0,2.53,5.72,0.0,39.38,198.11,152.79,154.99,101.31,70.84,122.43,36.63,8.25,876.48
50.9164,0.0,0.0,0.0,0.0,0.0,0.0,4.29,0.0,35.75,187.99,140.58,154.99,104.39,72.27,128.59,39.6,4.29,864.16
50.9264,0.0,0.0,0.0,0.0,0.0,0.0,2.86,0.0,33.22,172.81,128.37,156.53,107.47,76.78,131.56,39.6,2.86,846.34
50.9364,0.0,0.0,2.75,0.0,0.0,0.0,4.29,0.0,30.8,159.5,114.51,159.72,110.55,81.4,139.26,39.6,7.04,835.34
50.9464,0.0,0.0,2.75,0.0,0.0,0.0,0.0,0.0,28.27,149.6,103.73,159.72,113.63,82.83,143.88,38.06,2.75,819.72
50.9564,0.0,0.0,0.0,0.0,0.0,0.0,0.0,0.0,25.85,136.51,92.84,159.72,118.47,88.88,151.47,42.46,0.0,816.2
50.9664,0.0,0.0,0.0,0.0,0.0,0.0,2.86,0.0,24.64,126.61,85.03,161.26,120.12,90.42,162.25,44.0,2.86,814.33
50.9764,0.0,0.0,2.75,0.0,0.0,0.0,2.86,0.0,23.43,116.71,74.25,159.72,124.96,93.39,168.52,44.0,5.61,804.98
50.9864,0.0,0.0,0.0,0.0,0.0,0.0,2.86,0.0,20.9,105.6,64.9,156.53,128.15,96.47,178.2,45.43,2.86,796.18
50.9964,0.0,0.0,0.0,0.0,0.0,0.0,0.0,0.0,20.9,96.36,57.2,156.53,131.45,97.9,184.69,44.0,0.0,789.03
51.0064,0.0,0.0,0.0,0.0,0.0,0.0,0.0,0.0,19.69,84.04,51.48,153.45,131.45,99.44,199.32,48.4,0.0,787.27
51.0164,0.0,0.0,2.75,0.0,0.0,0.0,0.0,0.0,19.69,73.26,47.19,147.07,139.59,100.98,210.65,49.83,2.75,788.26
51.0264,0.0,0.0,0.0,0.0,0.0,0.0,0.0,0.0,18.48,64.02,41.47,142.34,144.43,103.95,218.79,49.83,0.0,783.31
51.0364,0.0,0.0,0.0,0.0,0.0,0.0,0.0,0.0,17.16,52.8,38.61,139.15,149.27,103.95,233.75,51.26,0.0,785.95
51.0464,0.0,3.19,0.0,0.0,0.0,0.0,0.0,0.0,17.16,42.9,32.89,136.07,152.46,102.52,244.09,55.77,3.19,783.86
51.0564,0.0,0.0,0.0,0.0,0.0,0.0,0.0,0.0,15.95,36.3,30.03,131.34,155.76,107.03,259.6,61.82,0.0,797.83
51.0664,0.0,0.0,2.75,0.0,0.0,0.0,0.0,0.0,15.95,31.35,25.74,126.61,163.9,108.46,268.18,64.9,2.75,805.09
51.0764,0.0,0.0,0.0,0.0,0.0,0.0,0.0,0.0,15.95,23.1,20.02,126.61,165.44,108.46,281.82,66.44,0.0,807.84
51.0864,0.0,0.0,0.0,0.0,0.0,0.0,0.0,0.0,14.74,19.8,12.87,120.23,170.39,107.03,292.05,71.06,0.0,808.17
51.0964,0.0,0.0,2.75,0.0,0.0,0.0,0.0,0.0,12.32,16.5,10.01,113.96,173.91,110.0,300.63,74.14,2.75,811.47
51.1064,0.0,0.0,2.75,0.0,0.0,0.0,0.0,0.0,8.58,11.55,8.58,110.88,175.78,110.0,315.92,80.19,2.75,821.48
51.1164,0.0,0.0,0.0,0.0,0.0,0.0,0.0,0.0,7.37,11.55,7.15,106.37,181.17,108.46,326.15,84.81,0.0,833.03
51.1264,0.0,0.0,2.75,0.0,0.0,0.0,0.0,0.0,4.84,8.25,5.72,101.97,182.93,113.08,334.62,87.89,2.75,839.3
51.1364,0.0,0.0,0.0,0.0,0.0,0.0,0.0,0.0,4.84,8.25,4.29,97.46,186.56,113.08,348.26,93.94,0.0,856.68
51.1464,0.0,0.0,0.0,0.0,0.0,0.0,0.0,0.0,3.63,8.25,4.29,88.55,188.32,114.73,363.66,103.18,0.0,874.61
51.1564,0.0,0.0,0.0,0.0,0.0,0.0,0.0,0.0,0.0,3.3,2.86,79.53,190.19,114.73,382.36,109.34,0.0,882.31
51.1664,0.0,0.0,0.0,0.0,0.0,0.0,0.0,0.0,2.42,6.6,2.86,67.65,188.32,113.08,399.85,118.8,0.0,899.58
51.1764,0.0,0.0,0.0,0.0,0.0,0.0,0.0,0.0,2.42,4.95,4.29,60.17,184.8,111.54,414.15,121.99,0.0,904.31
51.1864,0.0,0.0,0.0,0.0,0.0,0.0,0.0,0.0,0.0,3.3,2.86,47.74,181.17,108.46,426.69,131.56,0.0,901.78
51.1964,5.06,0.0,0.0,0.0,0.0,0.0,0.0,0.0,0.0,4.95,2.86,34.98,175.78,105.49,439.23,133.1,5.06,896.39
51.2064,10.23,0.0,0.0,0.0,2.75,0.0,0.0,0.0,0.0,3.3,0.0,30.25,173.91,99.44,450.01,141.13,12.98,898.04
51.2164,22.33,0.0,0.0,2.31,2.75,0.0,0.0,0.0,0.0,3.3,0.0,20.68,165.44,97.9,459.14,144.32,27.39,890.78
51.2264,44.77,0.0,0.0,3.52,0.0,2.53,0.0,0.0,0.0,3.3,2.86,14.3,157.41,93.39,464.53,144.32,50.82,880.11
51.2364,67.1,0.0,0.0,3.52,4.18,2.53,0.0,0.0,0.0,3.3,0.0,7.92,149.27,87.34,468.16,144.32,77.33,860.31
51.2464,87.78,0.0,0.0,3.52,5.5,2.53,0.0,0.0,0.0,3.3,0.0,7.92,136.29,78.32,468.16,144.32,99.33,838.31
51.2564,110.22,4.84,13.75,4.73,4.18,3.85,0.0,0.0,0.0,3.3,0.0,7.92,124.96,66.22,466.4,144.32,141.57,813.12
51.2664,122.43,64.9,87.34,5.83,6.93,3.85,2.86,0.0,0.0,0.0,0.0,9.46,109.01,54.56,451.88,141.13,294.14,766.04
51.2764,111.87,119.13,133.43,18.92,8.36,5.17,2.86,4.07,0.0,0.0,2.86,9.46,87.34,47.41,424.93,133.1,403.81,705.1
51.2864,105.05,142.56,173.25,46.09,12.54,7.81,7.15,6.82,0.0,3.3,0.0,9.46,67.21,41.47,387.53,126.72,501.27,635.69
51.2964,103.29,149.27,198.77,55.55,25.08,17.05,12.98,13.75,0.0,0.0,0.0,14.3,56.21,35.53,317.57,125.18,575.74,548.79
51.3064,105.05,150.92,213.4,59.4,33.44,31.46,34.76,17.93,0.0,0.0,0.0,11.11,49.61,29.59,209.0,126.72,646.36,426.03
51.3164,106.7,152.68,229.68,60.83,36.19,40.59,55.0,20.68,0.0,0.0,0.0,12.65,39.71,28.38,114.73,118.8,702.35,314.27
51.3264,110.22,155.98,242.11,63.69,41.8,49.83,77.22,23.43,0.0,3.3,0.0,11.11,34.76,23.65,62.37,97.02,764.28,232.21
51.3364,115.39,161.04,254.65,62.26,41.8,55.11,89.21,23.43,0.0,0.0,0.0,9.46,28.05,18.92,39.93,66.44,802.89,162.8
51.3464,120.67,164.34,263.56,63.69,45.98,59.29,101.09,24.75,0.0,0.0,0.0,7.92,21.45,14.19,28.93,49.83,843.37,122.32
51.3564,125.84,167.75,268.84,62.26,47.3,60.72,108.57,27.5,0.0,3.3,0.0,4.73,16.5,10.67,22.0,38.06,868.78,95.26
51.3664,131.12,169.51,274.23,60.83,48.73,60.72,114.62,27.5,0.0,0.0,0.0,4.73,11.55,9.46,15.18,24.86,887.26,65.78
51.3764,136.4,173.03,281.38,59.4,48.73,63.58,119.46,26.18,0.0,0.0,0.0,3.08,9.9,4.73,13.75,13.2,908.16,44.66
51.3864,139.92,176.55,281.38,59.4,50.16,64.9,121.11,28.93,0.0,0.0,0.0,3.08,6.6,4.73,11.0,7.26,922.35,32.67
51.3964,141.57,178.31,283.25,60.83,50.16,63.58,122.65,27.5,0.0,0.0,0.0,0.0,6.6,4.73,9.57,4.4,927.85,25.3
51.4064,141.57,178.31,281.38,62.26,50.16,66.33,122.65,28.93,0.0,0.0,0.0,0.0,4.95,3.52,9.57,7.26,931.59,25.3
51.4164,139.92,176.55,279.51,62.26,50.16,64.9,122.65,27.5,0.0,0.0,0.0,3.08,4.95,3.52,9.57,7.26,923.45,28.38
51.4264,136.4,174.79,272.47,63.69,48.73,67.76,124.3,27.5,0.0,0.0,0.0,0.0,4.95,3.52,8.25,5.83,915.64,22.55
51.4364,131.12,171.27,265.32,63.69,50.16,67.76,122.65,28.93,0.0,0.0,0.0,0.0,3.3,2.31,8.25,5.83,900.9,19.69
51.4464,124.19,167.75,258.17,66.55,50.16,67.76,119.46,28.93,0.0,0.0,0.0,3.08,3.3,3.52,6.82,5.83,882.97,22.55
51.4564,118.91,164.34,245.74,69.41,48.73,69.19,119.46,28.93,0.0,0.0,0.0,0.0,3.3,3.52,5.5,5.83,864.71,18.15
51.4664,110.22,161.04,238.59,72.27,48.73,72.05,121.11,28.93,0.0,0.0,0.0,3.08,3.3,2.31,4.07,5.83,852.94,18.59
51.4764,103.29,155.98,224.4,75.13,50.16,73.48,122.65,30.36,0.0,0.0,0.0,0.0,0.0,2.31,4.07,4.4,835.45,10.78
51.4864,96.36,152.68,215.27,79.42,50.16,76.23,121.11,30.36,0.0,0.0,0.0,0.0,3.3,2.31,5.5,5.83,821.59,16.94
51.4964,89.54,147.62,206.14,82.28,51.48,77.66,124.3,30.36,0.0,0.0,0.0,0.0,3.3,3.52,4.07,2.86,809.38,13.75
51.5064,82.61,142.56,197.01,86.57,52.91,80.52,127.49,30.36,0.0,0.0,0.0,0.0,0.0,0.0,5.5,4.4,800.03,9.9
51.5164,77.44,135.85,187.88,88.0,52.91,81.95,130.68,31.68,0.0,0.0,0.0,0.0,3.3,0.0,5.5,4.4,786.39,13.2
51.5264,72.27,130.79,180.51,92.29,55.77,83.38,135.52,33.11,0.0,0.0,0.0,0.0,0.0,2.31,4.07,4.4,783.64,10.78
51.5364,67.1,124.08,173.25,96.58,57.2,86.13,140.36,34.43,0.0,0.0,0.0,0.0,0.0,0.0,4.07,4.4,779.13,8.47
51.5464,65.34,119.13,169.62,99.44,57.2,87.56,143.55,34.43,0.0,0.0,0.0,0.0,0.0,0.0,5.5,0.0,776.27,5.5
51.5564,61.93,114.07,163.02,99.44,60.17,91.85,150.04,37.18,0.0,0.0,0.0,0.0,0.0,2.31,0.0,0.0,777.7,2.31
51.5664,58.52,105.82,156.42,103.73,64.57,96.03,156.42,38.61,0.0,0.0,0.0,0.0,0.0,2.31,0.0,2.86,780.12,5.17
51.5764,56.76,104.17,151.47,106.59,66.0,96.03,164.45,41.36,0.0,0.0,0.0,0.0,0.0,0.0,2.75,0.0,786.83,2.75
51.5864,55.11,96.03,144.98,109.45,68.97,101.75,167.75,45.54,0.0,0.0,0.0,0.0,0.0,0.0,0.0,2.86,789.58,2.86
51.5964,51.59,92.73,138.38,113.96,71.94,103.07,176.0,48.29,0.0,0.0,0.0,0.0,0.0,0.0,2.75,4.4,795.96,7.15
51.6064,48.18,86.13,128.59,118.58,73.37,104.5,184.8,51.04,0.0,0.0,0.0,0.0,0.0,0.0,2.75,0.0,795.19,2.75
51.6164,46.42,79.64,120.34,123.2,77.77,110.22,193.6,55.11,0.0,0.0,0.0,0.0,0.0,0.0,0.0,4.4,806.3,4.4
51.6264,43.01,73.04,113.85,126.28,82.17,113.08,200.53,60.94,0.0,0.0,0.0,0.0,0.0,0.0,0.0,2.86,812.9,2.86
51.6364,41.25,63.25,104.5,130.9,83.71,114.62,211.09,65.34,0.0,0.0,0.0,0.0,0.0,0.0,0.0,0.0,814.66,0.0
51.6464,37.84,56.65,93.61,134.09,89.54,117.7,221.65,68.31,0.0,0.0,0.0,0.0,0.0,0.0,2.75,4.4,819.39,7.15
51.6564,36.08,50.16,82.72,135.63,92.51,123.86,230.12,74.36,0.0,0.0,0.0,0.0,0.0,0.0,2.75,2.86,825.44,5.61
51.6664,32.67,42.13,73.37,140.25,98.34,126.94,242.11,81.73,0.0,0.0,0.0,0.0,0.0,0.0,2.75,2.86,837.54,5.61
51.6764,30.91,33.99,60.94,141.79,99.88,128.48,257.4,89.21,0.0,0.0,0.0,0.0,0.0,0.0,0.0,0.0,842.6,0.0
51.6864,27.5,27.5,45.54,141.79,107.25,132.99,269.28,98.12,0.0,0.0,0.0,0.0,0.0,0.0,0.0,2.86,849.97,2.86
51.6964,25.74,19.36,34.43,143.33,110.22,134.53,281.16,105.6,0.0,0.0,0.0,0.0,0.0,0.0,0.0,2.86,854.37,2.86
51.7064,24.09,14.52,22.0,140.25,113.63,137.61,296.12,113.19,0.0,0.0,0.0,0.0,0.0,0.0,0.0,2.86,861.41,2.86
51.7164,20.57,12.87,16.5,137.17,117.04,137.61,311.08,123.97,0.0,0.0,0.0,0.0,0.0,0.0,2.75,2.86,876.81,5.61
51.7264,15.4,11.33,12.43,130.9,120.45,142.23,327.69,136.29,0.0,0.0,0.0,0.0,0.0,0.0,0.0,2.86,896.72,2.86
51.7364,10.23,9.68,11.0,121.66,122.1,142.23,348.92,150.26,0.0,0.0,0.0,0.0,0.0,0.0,0.0,0.0,916.08,0.0
51.7464,5.06,8.03,8.25,109.45,122.1,143.77,367.07,162.58,0.0,0.0,0.0,0.0,0.0,0.0,0.0,2.86,926.31,2.86
51.7564,0.0,6.38,8.25,98.01,118.69,145.31,381.59,173.8,0.0,0.0,0.0,0.0,0.0,0.0,0.0,0.0,932.03,0.0
51.7664,0.0,4.84,6.82,82.28,117.04,143.77,396.0,185.9,0.0,0.0,0.0,0.0,0.0,0.0,0.0,2.86,936.65,2.86
51.7764,0.0,4.84,5.5,69.41,111.87,143.77,408.76,196.35,0.0,0.0,0.0,0.0,0.0,0.0,2.75,0.0,940.5,2.75
51.7864,0.0,4.84,5.5,56.76,104.28,145.31,419.54,204.93,2.42,0.0,0.0,0.0,0.0,0.0,0.0,0.0,941.16,2.42
51.7964,0.0,4.84,5.5,44.88,93.94,143.77,430.43,211.86,3.63,0.0,0.0,0.0,0.0,0.0,0.0,2.86,935.22,6.49
51.8064,0.0,3.19,5.5,35.42,86.57,139.15,441.32,218.79,6.16,0.0,0.0,0.0,0.0,0.0,0.0,0.0,929.94,6.16
51.8164,0.0,3.19,5.5,25.96,74.8,132.99,452.21,225.72,14.74,0.0,0.0,3.08,3.3,0.0,0.0,2.86,920.37,23.98
51.8264,0.0,3.19,5.5,16.5,63.03,125.4,459.36,227.48,32.01,0.0,0.0,3.08,3.3,0.0,0.0,2.86,900.46,41.25
51.8364,0.0,4.84,5.5,8.25,50.16,116.16,462.99,229.13,46.86,0.0,0.0,4.73,4.95,2.31,2.75,0.0,877.03,61.6
51.8464,0.0,4.84,2.75,7.04,36.19,101.75,457.6,224.07,63.25,3.3,0.0,4.73,6.6,4.73,0.0,2.86,834.24,85.47
51.8564,0.0,3.19,5.5,4.73,29.26,84.7,435.93,220.55,87.34,110.22,17.16,6.27,8.25,4.73,2.75,2.86,783.86,239.58
51.8664,0.0,4.84,5.5,5.83,30.58,64.9,399.63,211.86,88.77,193.05,97.46,9.46,9.9,4.73,2.75,0.0,723.14,406.12
51.8764,0.0,4.84,4.07,4.73,30.58,49.83,321.09,203.28,79.31,235.73,157.41,61.71,18.15,10.67,9.57,8.8,618.42,581.35
51.8864,0.0,4.84,4.07,3.52,29.26,36.74,205.81,201.52,80.74,248.05,203.94,87.01,34.76,12.98,11.0,13.2,485.76,691.68
51.8964,0.0,4.84,4.07,2.31,25.08,27.5,111.54,194.59,83.38,253.44,226.93,95.92,54.56,14.19,12.32,14.63,369.93,755.37
51.9064,0.0,4.84,4.07,2.31,19.47,24.86,59.4,157.96,83.38,251.68,236.83,100.43,62.59,14.19,17.93,17.6,272.91,784.63
51.9164,0.0,4.84,2.75,0.0,18.04,20.9,46.31,107.14,82.06,253.44,238.48,104.94,67.21,17.71,27.5,20.46,199.98,811.8
51.9264,0.0,3.19,4.07,0.0,12.54,18.26,34.76,80.3,82.06,260.48,240.13,109.34,70.29,22.44,34.43,23.43,153.12,842.6
51.9364,0.0,3.19,2.75,0.0,9.68,11.77,26.07,52.36,83.38,265.76,238.48,113.96,73.37,24.86,39.93,22.0,105.82,861.74
51.9464,0.0,0.0,4.07,0.0,6.93,9.13,17.38,28.93,84.7,269.28,238.48,118.69,74.91,26.07,42.68,23.43,66.44,878.24
51.9564,0.0,3.19,2.75,0.0,4.18,5.17,11.55,13.75,88.77,276.43,236.83,120.23,74.91,29.59,44.11,23.43,40.59,894.3
51.9664,0.0,3.19,2.75,0.0,4.18,3.85,8.69,2.75,90.09,278.08,238.48,120.23,76.45,29.59,49.61,23.43,25.41,905.96
51.9764,0.0,3.19,0.0,0.0,0.0,3.85,8.69,0.0,90.09,279.73,236.83,123.42,78.1,30.8,52.36,23.43,15.73,914.76
51.9864,0.0,0.0,0.0,0.0,2.75,3.85,7.15,2.75,87.34,279.73,233.53,126.61,79.64,33.22,59.4,24.86,16.5,924.33
51.9964,0.0,0.0,0.0,0.0,2.75,3.85,7.15,2.75,82.06,274.56,228.58,129.69,79.64,36.74,66.88,27.83,16.5,925.98
52.0064,0.0,0.0,2.75,0.0,0.0,2.53,4.29,2.75,76.67,265.76,221.98,131.34,82.72,37.95,71.39,26.4,12.32,914.21
52.0164,0.0,0.0,0.0,0.0,0.0,3.85,4.29,2.75,72.6,260.48,215.38,131.34,87.34,41.47,77.33,27.83,10.89,913.77
52.0264,0.0,3.19,2.75,0.0,0.0,2.53,4.29,0.0,67.32,248.05,207.24,131.34,85.8,43.89,84.81,27.83,12.76,896.28
52.0364,0.0,3.19,2.75,0.0,0.0,0.0,4.29,0.0,61.93,239.25,200.75,131.34,88.88,43.89,87.78,27.83,10.23,881.65
52.0464,0.0,0.0,0.0,0.0,0.0,0.0,4.29,0.0,55.44,223.41,189.31,129.69,91.96,46.2,95.26,29.26,4.29,860.53
52.0564,0.0,0.0,0.0,0.0,0.0,2.53,0.0,0.0,50.49,213.29,181.17,128.15,91.96,49.83,102.74,30.8,2.53,848.43
52.0664,0.0,0.0,2.75,0.0,0.0,2.53,2.86,0.0,46.86,201.41,173.03,128.15,93.5,52.14,110.22,32.23,8.14,837.54
52.0764,0.0,0.0,0.0,0.0,0.0,2.53,2.86,0.0,43.12,191.29,163.57,128.15,95.04,54.56,117.81,35.2,5.39,828.74
52.0864,0.0,0.0,0.0,0.0,0.0,0.0,0.0,0.0,39.38,179.52,154.33,126.61,98.23,55.77,122.43,33.66,0.0,809.93
52.0964,0.0,0.0,2.75,0.0,0.0,0.0,0.0,0.0,35.75,166.1,146.74,124.96,102.85,60.28,130.02,33.66,2.75,800.36
52.1064,0.0,0.0,0.0,0.0,0.0,0.0,2.86,0.0,34.43,157.85,137.5,124.96,105.93,64.79,142.34,35.2,2.86,803.0
52.1164,0.0,0.0,0.0,0.0,0.0,0.0,0.0,0.0,30.8,143.0,126.83,123.42,109.01,69.3,153.01,39.6,0.0,794.97
52.1264,0.0,0.0,2.75,0.0,0.0,0.0,0.0,0.0,29.59,134.86,120.67,124.96,115.28,72.27,159.17,38.06,2.75,794.86
52.1364,0.0,0.0,2.75,0.0,0.0,0.0,0.0,0.0,28.27,128.26,113.08,128.15,118.47,75.35,171.71,41.03,2.75,804.32
52.1463,0.0,0.0,0.0,0.0,0.0,0.0,0.0,0.0,25.85,118.36,103.73,126.61,124.96,79.86,179.85,39.6,0.0,798.82
52.1563,0.0,0.0,0.0,0.0,0.0,0.0,0.0,0.0,24.64,105.6,92.84,128.15,128.15,81.4,196.02,42.46,0.0,799.26
52.1663,0.0,0.0,0.0,0.0,0.0,0.0,0.0,0.0,22.11,94.82,83.49,129.69,134.64,87.34,209.0,45.43,0.0,806.52
52.1763,0.0,0.0,0.0,0.0,0.0,0.0,0.0,0.0,20.9,82.5,71.06,124.96,141.13,90.42,220.44,46.86,0.0,798.27
52.1863,0.0,0.0,2.75,0.0,0.0,0.0,0.0,0.0,19.69,70.18,60.28,124.96,147.62,94.93,235.51,46.86,2.75,800.03
52.1963,0.0,0.0,0.0,0.0,0.0,0.0,0.0,0.0,18.48,59.4,50.05,121.88,154.11,97.9,250.91,52.8,0.0,805.53
52.2063,0.0,0.0,2.75,0.0,0.0,0.0,0.0,0.0,17.16,46.2,38.61,118.69,157.41,100.98,266.42,57.2,2.75,802.67
52.2163,0.0,0.0,0.0,0.0,0.0,0.0,0.0,0.0,17.16,34.65,30.03,118.69,162.25,102.52,276.76,61.82,0.0,803.88
52.2263,0.0,0.0,0.0,0.0,0.0,0.0,0.0,0.0,15.95,23.1,20.02,117.15,168.74,100.98,293.81,66.44,0.0,806.19
52.2363,0.0,0.0,2.75,0.0,0.0,0.0,0.0,0.0,15.95,18.15,12.87,110.88,172.15,103.95,307.34,69.52,2.75,810.81
52.2463,0.0,0.0,0.0,0.0,0.0,0.0,0.0,0.0,11.0,14.85,10.01,107.91,175.78,105.49,320.98,74.14,0.0,820.16
52.2563,0.0,0.0,0.0,0.0,0.0,0.0,0.0,0.0,8.58,13.2,8.58,100.43,179.3,107.03,334.62,81.73,0.0,833.47
52.2663,0.0,0.0,2.75,0.0,0.0,0.0,0.0,0.0,6.16,13.2,7.15,97.46,179.3,108.46,350.02,87.89,2.75,849.64
52.2763,0.0,0.0,0.0,0.0,0.0,0.0,0.0,0.0,3.63,9.9,7.15,91.52,181.17,110.0,365.31,95.48,0.0,864.16
52.2863,0.0,0.0,0.0,0.0,0.0,0.0,0.0,0.0,3.63,8.25,5.72,84.04,182.93,111.54,378.95,100.1,0.0,875.16
52.2963,0.0,0.0,0.0,0.0,0.0,0.0,0.0,0.0,2.42,6.6,4.29,75.13,181.17,110.0,392.7,109.34,0.0,881.65
52.3063,0.0,0.0,0.0,0.0,0.0,0.0,0.0,0.0,0.0,4.95,5.72,67.65,175.78,110.0,407.0,115.61,0.0,886.71
52.3163,0.0,0.0,0.0,0.0,0.0,0.0,0.0,0.0,0.0,4.95,4.29,55.77,173.91,110.0,417.78,121.99,0.0,888.69
52.3263,5.06,0.0,0.0,0.0,0.0,0.0,0.0,0.0,0.0,0.0,2.86,49.39,170.39,110.0,430.21,128.37,5.06,891.22
52.3363,6.82,0.0,0.0,0.0,0.0,0.0,0.0,0.0,0.0,4.95,2.86,36.63,163.9,107.03,440.99,129.91,6.82,886.27
52.3463,17.16,0.0,0.0,2.31,0.0,0.0,0.0,0.0,0.0,3.3,2.86,30.25,158.95,107.03,451.88,134.75,19.47,889.02
52.3563,37.84,0.0,0.0,0.0,0.0,0.0,0.0,0.0,0.0,4.95,2.86,19.03,152.46,100.98,464.53,139.48,37.84,884.29
52.3663,60.17,0.0,0.0,2.31,4.18,0.0,0.0,0.0,0.0,3.3,2.86,12.65,145.97,93.39,473.66,145.97,66.66,877.8
52.3763,82.61,0.0,0.0,2.31,4.18,2.53,0.0,0.0,0.0,3.3,2.86,7.92,133.1,84.37,473.66,142.78,91.63,847.99
52.3863,103.29,0.0,0.0,4.73,2.75,2.53,0.0,0.0,0.0,0.0,0.0,6.27,121.66,72.27,470.03,144.32,113.3,814.55
52.3963,129.36,16.17,46.86,4.73,4.18,3.85,0.0,0.0,0.0,0.0,2.86,7.92,101.31,58.74,459.14,139.48,205.15,769.45
52.4063,131.12,89.43,110.66,5.83,5.5,3.85,0.0,0.0,0.0,0.0,2.86,9.46,84.26,49.83,432.08,133.1,346.39,711.59
52.4163,118.91,137.5,156.42,24.75,5.5,5.17,4.29,4.07,0.0,3.3,0.0,11.11,64.13,41.47,394.46,125.18,456.61,639.65
52.4263,111.87,161.04,191.51,52.03,9.68,9.13,7.15,8.25,0.0,0.0,2.86,12.65,54.56,35.53,322.74,121.99,550.66,550.33
52.4363,110.22,166.1,213.4,62.26,25.08,17.05,12.98,15.18,0.0,3.3,0.0,12.65,47.96,30.8,204.16,125.18,622.27,424.05
52.4463,110.22,167.75,227.92,70.84,32.01,30.14,36.19,19.25,0.0,3.3,0.0,11.11,38.06,27.28,110.22,112.42,694.32,302.39
52.4563,111.87,173.03,238.59,73.7,36.19,41.91,55.0,22.0,0.0,0.0,2.86,11.11,33.11,22.44,57.97,92.51,752.29,220.0
52.4663,117.15,176.55,249.26,75.13,40.37,49.83,74.25,23.43,0.0,0.0,0.0,6.27,26.4,17.71,34.43,63.36,805.97,148.17
52.4763,120.67,180.07,258.17,76.56,41.8,55.11,87.67,26.18,0.0,3.3,2.86,6.27,21.45,12.98,27.5,45.43,846.23,119.79
52.4863,125.84,185.35,265.32,75.13,44.55,59.29,96.58,26.18,0.0,0.0,0.0,3.08,13.2,10.67,22.0,35.2,878.24,84.15
52.4963,129.36,187.11,268.84,76.56,47.3,60.72,104.06,27.5,0.0,3.3,0.0,4.73,11.55,7.04,16.5,20.46,901.45,63.58
52.5063,132.88,190.63,274.23,75.13,48.73,63.58,110.0,27.5,0.0,0.0,0.0,4.73,6.6,5.83,13.75,11.66,922.68,42.57
52.5163,136.4,194.15,274.23,73.7,48.73,64.9,114.62,27.5,0.0,0.0,0.0,3.08,4.95,4.73,11.0,7.26,934.23,31.02
52.5263,138.16,194.15,279.51,72.27,48.73,66.33,116.27,30.36,0.0,0.0,0.0,3.08,6.6,4.73,8.25,7.26,945.78,29.92
52.5363,139.92,194.15,279.51,75.13,50.16,66.33,117.81,30.36,0.0,0.0,0.0,0.0,4.95,3.52,6.82,4.4,953.37,19.69
52.5463,138.16,190.63,277.75,73.7,51.48,64.9,119.46,28.93,0.0,0.0,0.0,3.08,3.3,2.31,8.25,4.4,945.01,21.34
52.5563,134.64,187.11,272.47,72.27,50.16,67.76,121.11,30.36,0.0,0.0,0.0,3.08,3.3,3.52,5.5,2.86,935.88,18.26
52.5663,131.12,183.59,265.32,73.7,50.16,66.33,121.11,30.36,0.0,0.0,0.0,3.08,3.3,3.52,5.5,5.83,921.69,21.23
52.5763,125.84,176.55,256.41,72.27,51.48,66.33,119.46,31.68,0.0,0.0,0.0,3.08,0.0,2.31,6.82,4.4,900.02,16.61
52.5863,118.91,171.27,251.02,72.27,50.16,67.76,119.46,30.36,0.0,0.0,0.0,0.0,0.0,2.31,5.5,0.0,881.21,7.81
52.5963,113.63,166.1,242.11,72.27,48.73,66.33,117.81,28.93,0.0,0.0,0.0,0.0,0.0,2.31,6.82,2.86,855.91,11.99
52.6063,106.7,161.04,233.31,73.7,50.16,69.19,119.46,30.36,0.0,0.0,0.0,0.0,3.3,0.0,5.5,4.4,843.92,13.2
52.6163,101.53,154.33,222.64,73.7,51.48,67.76,119.46,30.36,0.0,0.0,0.0,0.0,3.3,0.0,4.07,2.86,821.26,10.23
52.6263,94.71,149.27,218.9,75.13,51.48,69.19,119.46,30.36,0.0,0.0,0.0,0.0,3.3,0.0,5.5,2.86,808.5,11.66
52.6363,91.19,144.21,209.77,77.99,51.48,70.62,122.65,31.68,0.0,0.0,0.0,0.0,0.0,0.0,5.5,2.86,799.59,8.36
52.6463,86.02,140.91,202.51,79.42,52.91,73.48,124.3,31.68,0.0,0.0,0.0,0.0,0.0,0.0,4.07,4.4,791.23,8.47
52.6563,80.85,135.85,195.14,82.28,52.91,74.8,127.49,30.36,0.0,0.0,0.0,0.0,3.3,0.0,4.07,2.86,779.68,10.23
52.6663,75.68,130.79,189.64,83.71,55.77,76.23,133.98,34.43,0.0,0.0,0.0,0.0,0.0,0.0,4.07,4.4,780.23,8.47
52.6763,72.27,124.08,182.38,86.57,57.2,79.09,138.71,35.86,0.0,0.0,0.0,0.0,0.0,0.0,0.0,2.86,776.16,2.86
52.6863,68.86,119.13,176.88,88.0,60.17,83.38,143.55,38.61,0.0,0.0,0.0,0.0,0.0,0.0,2.75,2.86,778.58,5.61
52.6963,63.69,112.42,173.25,90.86,63.03,84.7,154.88,42.68,0.0,0.0,0.0,0.0,0.0,0.0,0.0,0.0,785.51,0.0
52.7063,60.17,105.82,166.32,93.72,63.03,87.56,161.26,45.54,0.0,0.0,0.0,0.0,0.0,0.0,0.0,2.86,783.42,2.86
52.7163,58.52,100.87,159.72,98.01,68.97,91.85,170.94,49.61,0.0,0.0,0.0,0.0,0.0,0.0,0.0,0.0,798.49,0.0
52.7263,55.11,92.73,153.12,100.87,73.37,94.6,181.28,55.11,0.0,0.0,0.0,0.0,0.0,0.0,2.75,2.86,806.19,5.61
52.7363,51.59,86.13,144.98,103.73,76.34,98.89,191.84,60.94,0.0,0.0,0.0,0.0,0.0,0.0,2.75,2.86,814.44,5.61
52.7463,49.94,77.99,136.73,106.59,80.74,101.75,204.05,66.88,0.0,0.0,0.0,0.0,0.0,0.0,0.0,0.0,824.67,0.0
52.7563,46.42,73.04,128.59,110.88,85.14,105.93,216.37,74.36,0.0,0.0,0.0,0.0,0.0,0.0,2.75,0.0,840.73,2.75
52.7663,43.01,64.9,117.04,112.42,91.08,110.22,228.47,80.3,0.0,0.0,0.0,0.0,0.0,0.0,2.75,2.86,847.44,5.61
52.7763,41.25,56.65,107.58,115.5,96.91,113.08,236.94,89.21,0.0,0.0,0.0,0.0,0.0,0.0,0.0,4.4,857.12,4.4
52.7863,36.08,46.97,95.15,118.58,99.88,116.16,252.23,95.15,0.0,0.0,0.0,0.0,0.0,0.0,0.0,2.86,860.2,2.86
52.7963,34.43,38.83,81.07,120.12,105.71,119.24,264.22,104.17,0.0,0.0,0.0,0.0,0.0,0.0,2.75,2.86,867.79,5.61
52.8063,32.67,29.15,64.02,123.2,110.22,122.32,281.16,111.65,0.0,0.0,0.0,0.0,0.0,0.0,0.0,0.0,874.39,0.0
52.8163,29.26,22.66,51.04,121.66,117.04,125.4,294.47,122.43,0.0,0.0,0.0,0.0,0.0,0.0,0.0,2.86,883.96,2.86
52.8263,25.74,16.17,34.43,120.12,120.45,130.02,312.73,133.21,0.0,0.0,0.0,0.0,0.0,0.0,0.0,2.86,892.87,2.86
52.8363,24.09,11.33,22.0,118.58,128.92,131.45,329.34,144.1,0.0,0.0,0.0,0.0,0.0,0.0,0.0,2.86,909.81,2.86
52.8463,20.57,11.33,16.5,110.88,128.92,132.99,352.55,156.42,0.0,0.0,0.0,0.0,0.0,0.0,0.0,2.86,930.16,2.86
52.8563,17.16,9.68,13.75,102.3,132.33,134.53,370.7,167.2,2.42,0.0,0.0,0.0,0.0,0.0,0.0,2.86,947.65,5.28
52.8663,10.23,8.03,12.43,93.72,130.68,136.07,390.61,178.97,2.42,0.0,0.0,0.0,0.0,0.0,0.0,2.86,960.74,5.28
52.8763,3.41,6.38,8.25,80.85,130.68,137.61,406.89,189.42,2.42,0.0,0.0,0.0,0.0,0.0,0.0,0.0,963.49,2.42
52.8863,0.0,4.84,6.82,69.41,127.27,139.15,419.54,203.28,3.63,0.0,0.0,0.0,0.0,0.0,0.0,0.0,970.31,3.63
52.8963,0.0,4.84,5.5,55.55,118.69,136.07,435.93,210.21,7.37,0.0,0.0,0.0,0.0,0.0,0.0,0.0,966.79,7.37
52.9063,0.0,4.84,4.07,44.88,111.87,134.53,448.58,218.79,13.53,0.0,0.0,0.0,0.0,0.0,0.0,0.0,967.56,13.53
52.9163,0.0,3.19,6.82,35.42,101.31,132.99,462.99,229.13,24.64,0.0,0.0,0.0,0.0,0.0,0.0,0.0,971.85,24.64
52.9263,0.0,4.84,5.5,24.75,89.54,126.94,470.25,236.06,34.43,0.0,0.0,3.08,0.0,0.0,0.0,2.86,957.88,40.37
52.9363,0.0,3.19,4.07,15.29,76.34,120.78,482.9,237.71,44.33,0.0,0.0,3.08,3.3,2.31,0.0,2.86,940.28,55.88
52.9463,0.0,3.19,4.07,9.46,61.6,108.79,486.42,239.47,61.93,0.0,0.0,3.08,3.3,3.52,2.75,0.0,913.0,74.58
52.9563,0.0,3.19,5.5,7.04,45.98,96.03,484.66,236.06,88.77,88.66,47.19,4.73,6.6,3.52,4.07,2.86,878.46,246.4
52.9663,0.0,3.19,5.5,5.83,30.58,80.52,473.88,232.65,77.99,146.3,117.59,31.79,14.85,7.04,8.25,4.4,832.15,408.21
52.9763,0.0,4.84,5.5,4.73,29.26,60.72,446.71,220.55,72.6,182.93,162.03,72.16,34.76,10.67,8.25,11.66,772.31,555.06
52.9863,0.0,4.84,4.07,4.73,27.83,45.87,386.98,210.21,72.6,194.7,192.61,89.98,51.26,11.77,12.32,14.63,684.53,639.87
52.9963,0.0,4.84,2.75,3.52,27.83,34.1,279.51,198.0,75.35,196.35,205.59,92.95,61.05,14.19,17.93,16.06,550.55,679.47
53.0063,0.0,3.19,2.75,2.31,26.4,26.18,156.42,185.9,74.03,198.11,210.54,95.92,62.59,16.61,24.75,17.6,403.15,700.15
53.0163,0.0,3.19,4.07,2.31,22.22,24.86,83.16,161.04,72.6,201.41,207.24,101.97,67.21,20.13,27.5,19.03,300.85,717.09
53.0263,0.0,4.84,4.07,2.31,16.72,20.9,47.74,116.27,75.35,209.88,207.24,103.4,65.67,23.65,35.86,22.0,212.85,743.05
53.0363,0.0,3.19,4.07,0.0,13.86,18.26,36.19,78.76,77.99,218.35,208.89,107.91,68.75,24.86,35.86,22.0,154.33,764.61
53.0463,0.0,3.19,2.75,0.0,9.68,14.41,27.5,49.61,80.74,225.17,210.54,110.88,68.75,26.07,39.93,22.0,107.14,784.08
53.0563,0.0,3.19,4.07,0.0,6.93,9.13,18.81,22.0,84.7,230.45,212.19,115.5,67.21,27.28,41.36,23.43,64.13,802.12
53.0663,0.0,3.19,0.0,0.0,5.5,6.49,11.55,12.32,86.02,237.49,212.19,120.23,70.29,28.38,42.68,24.86,39.05,822.14
53.0763,0.0,3.19,2.75,0.0,2.75,3.85,10.12,2.75,86.02,241.01,207.24,123.42,73.37,33.22,45.54,23.43,25.41,833.25
53.0863,0.0,3.19,2.75,0.0,2.75,3.85,7.15,2.75,84.7,244.53,205.59,129.69,76.45,35.53,53.79,26.4,22.44,856.68
53.0963,0.0,0.0,0.0,0.0,0.0,2.53,8.69,2.75,82.06,244.53,205.59,137.61,79.64,39.05,60.94,24.86,13.97,874.28
53.1063,0.0,0.0,0.0,0.0,2.75,3.85,7.15,2.75,79.31,241.01,202.4,140.8,81.18,41.47,69.85,27.83,16.5,883.85
53.1163,0.0,3.19,0.0,0.0,2.75,0.0,5.72,2.75,75.35,239.25,199.1,142.34,84.26,43.89,77.33,29.26,14.41,890.78
53.1263,0.0,0.0,0.0,0.0,0.0,3.85,5.72,0.0,69.96,228.69,192.61,147.07,87.34,44.99,83.27,27.83,9.57,881.76
53.1363,0.0,3.19,0.0,0.0,2.75,0.0,5.72,2.75,64.57,221.65,189.31,147.07,88.88,50.93,93.72,30.8,14.41,886.93
53.1463,0.0,0.0,2.75,0.0,2.75,3.85,4.29,2.75,59.29,209.88,179.52,147.07,90.42,54.56,99.66,33.66,16.39,874.06
53.1563,0.0,0.0,2.75,0.0,0.0,2.53,5.72,0.0,53.02,196.35,176.33,145.53,93.5,58.74,108.68,32.23,11.0,864.38
53.1663,0.0,0.0,2.75,0.0,2.75,0.0,2.86,0.0,48.07,182.93,169.73,142.34,98.23,61.71,119.35,36.63,8.36,858.99
53.1763,0.0,0.0,2.75,0.0,0.0,2.53,2.86,0.0,44.33,171.05,162.03,137.61,99.77,67.76,131.56,36.63,8.14,850.74
53.1863,0.0,0.0,2.75,0.0,0.0,2.53,2.86,0.0,40.7,154.55,155.87,137.61,105.93,70.84,143.88,38.06,8.14,847.44
53.1963,0.0,3.19,2.75,0.0,0.0,0.0,2.86,0.0,36.96,141.35,146.74,134.42,110.55,75.35,154.55,41.03,8.8,840.95
53.2063,0.0,0.0,2.75,0.0,0.0,0.0,2.86,0.0,34.43,133.21,140.58,134.42,113.63,79.86,170.17,42.46,5.61,848.76
53.2163,0.0,3.19,2.75,0.0,0.0,0.0,0.0,0.0,32.01,118.36,129.91,136.07,118.47,85.91,183.15,42.46,5.94,846.34
53.2263,0.0,0.0,0.0,0.0,0.0,0.0,0.0,0.0,30.8,107.14,119.13,134.42,124.96,85.91,194.48,45.43,0.0,842.27
53.2363,0.0,3.19,0.0,0.0,0.0,0.0,0.0,0.0,28.27,97.9,106.81,134.42,131.45,93.39,204.16,45.43,3.19,841.83
53.2463,0.0,0.0,0.0,0.0,0.0,0.0,0.0,0.0,25.85,84.04,94.38,136.07,136.29,96.47,215.49,49.83,0.0,838.42
53.2563,0.0,0.0,0.0,0.0,0.0,0.0,0.0,0.0,23.43,71.72,78.87,134.42,139.59,99.44,225.28,52.8,0.0,825.55
53.2663,0.0,0.0,2.75,0.0,0.0,0.0,0.0,0.0,23.43,64.02,67.98,134.42,142.78,100.98,238.92,52.8,2.75,825.33
53.2763,0.0,0.0,0.0,0.0,0.0,0.0,0.0,0.0,22.11,52.8,55.77,131.34,150.92,102.52,250.91,60.28,0.0,826.65
53.2863,0.0,0.0,0.0,0.0,0.0,0.0,0.0,0.0,20.9,41.25,44.33,131.34,152.46,103.95,259.6,60.28,0.0,814.11
53.2963,0.0,0.0,0.0,0.0,0.0,0.0,0.0,0.0,19.69,29.7,32.89,131.34,157.41,107.03,268.18,63.36,0.0,809.6
53.3063,0.0,3.19,0.0,0.0,0.0,0.0,0.0,0.0,18.48,24.75,24.31,128.15,158.95,110.0,278.52,64.9,3.19,808.06
53.3163,0.0,0.0,0.0,0.0,0.0,0.0,0.0,0.0,15.95,18.15,15.73,124.96,160.6,111.54,283.58,66.44,0.0,796.95
53.3263,0.0,0.0,0.0,0.0,0.0,0.0,0.0,0.0,12.32,13.2,11.44,120.23,158.95,110.0,293.81,72.6,0.0,792.55
53.3363,0.0,0.0,0.0,0.0,0.0,0.0,0.0,0.0,8.58,14.85,10.01,113.96,157.41,111.54,304.04,75.57,0.0,795.96
53.3463,0.0,0.0,0.0,0.0,0.0,0.0,0.0,0.0,7.37,11.55,8.58,107.91,158.95,110.0,310.75,77.11,0.0,792.22
53.3563,0.0,0.0,2.75,0.0,0.0,0.0,0.0,0.0,4.84,9.9,7.15,101.97,158.95,113.08,320.98,80.19,2.75,797.06
53.3663,0.0,0.0,2.75,0.0,0.0,0.0,0.0,0.0,4.84,9.9,7.15,92.95,160.6,111.54,336.38,86.35,2.75,809.71
53.3763,0.0,0.0,0.0,0.0,0.0,0.0,0.0,0.0,3.63,8.25,5.72,87.01,160.6,113.08,344.85,93.94,0.0,817.08
53.3863,0.0,0.0,2.75,0.0,0.0,0.0,0.0,0.0,3.63,6.6,4.29,79.53,157.41,111.54,363.66,100.1,2.75,826.76
53.3963,0.0,0.0,0.0,0.0,0.0,0.0,0.0,0.0,2.42,4.95,4.29,70.62,162.25,111.54,377.3,106.26,0.0,839.63
53.4063,0.0,0.0,0.0,0.0,0.0,0.0,0.0,0.0,2.42,4.95,4.29,60.17,160.6,111.54,390.94,113.96,0.0,848.87
53.4163,0.0,0.0,0.0,0.0,0.0,0.0,0.0,0.0,0.0,3.3,4.29,50.93,157.41,110.0,407.0,118.8,0.0,851.73
53.4263,0.0,0.0,0.0,0.0,0.0,0.0,0.0,0.0,0.0,0.0,2.86,41.36,157.41,107.03,419.54,128.37,0.0,856.57
53.4363,5.06,0.0,0.0,0.0,0.0,0.0,0.0,0.0,0.0,0.0,2.86,33.44,154.11,103.95,432.08,133.1,5.06,859.54
53.4463,6.82,0.0,0.0,0.0,0.0,0.0,0.0,0.0,0.0,0.0,2.86,23.87,150.92,102.52,440.99,137.94,6.82,859.1
53.4563,17.16,0.0,0.0,2.31,0.0,0.0,0.0,0.0,0.0,3.3,2.86,15.84,145.97,97.9,453.64,142.78,19.47,862.29
53.4663,44.77,0.0,0.0,2.31,4.18,2.53,0.0,0.0,0.0,3.3,2.86,11.11,139.59,93.39,462.77,145.97,53.79,858.99
53.4763,72.27,0.0,0.0,3.52,4.18,0.0,0.0,0.0,0.0,0.0,2.86,9.46,129.8,84.37,471.79,147.51,79.97,845.79
53.4863,98.12,0.0,0.0,4.73,5.5,3.85,0.0,0.0,0.0,3.3,2.86,7.92,121.66,73.81,473.66,150.7,112.2,833.91
53.4963,131.12,4.84,23.43,5.83,5.5,3.85,2.86,2.75,0.0,0.0,2.86,7.92,107.47,64.79,462.77,145.97,180.18,791.78
53.5063,150.37,73.04,104.5,5.83,4.18,5.17,4.29,2.75,0.0,0.0,0.0,9.46,91.96,50.93,448.25,144.32,350.13,744.92
53.5163,141.57,130.79,161.37,10.56,6.93,6.49,2.86,4.07,0.0,0.0,0.0,9.46,73.37,46.2,414.15,134.75,464.64,677.93
53.5263,131.12,154.33,200.64,40.15,8.36,5.17,4.29,4.07,0.0,0.0,2.86,12.65,57.97,40.26,368.72,134.75,548.13,617.21
53.5363,125.84,157.63,227.92,54.34,22.22,9.13,8.69,9.57,0.0,0.0,2.86,12.65,52.91,33.22,266.42,134.75,615.34,502.81
53.5463,124.19,152.68,247.5,60.83,32.01,26.18,28.93,16.5,0.0,0.0,2.86,11.11,44.66,28.38,148.39,131.56,688.82,366.96
53.5563,124.19,154.33,259.93,65.12,37.62,39.27,52.14,17.93,0.0,0.0,0.0,11.11,34.76,26.07,80.3,109.34,750.53,261.58
53.5663,129.36,157.63,274.23,65.12,43.12,49.83,75.79,22.0,0.0,0.0,0.0,9.46,29.81,21.34,41.36,78.65,817.08,180.62
53.5762,134.64,159.39,286.99,65.12,47.3,55.11,92.18,23.43,0.0,0.0,0.0,6.27,23.1,15.4,31.68,57.2,864.16,133.65
53.5862,139.92,162.69,294.47,65.12,48.73,57.86,101.09,23.43,0.0,0.0,0.0,3.08,16.5,10.67,24.75,44.0,893.31,99.0
53.5962,143.33,166.1,298.21,65.12,51.48,60.72,110.0,26.18,0.0,0.0,0.0,0.0,11.55,8.25,17.93,26.4,921.14,64.13
53.6062,146.85,169.51,301.95,66.55,50.16,62.15,114.62,26.18,0.0,0.0,0.0,3.08,8.25,7.04,12.32,14.63,937.97,45.32
53.6162,150.37,171.27,303.82,66.55,52.91,62.15,116.27,26.18,0.0,0.0,0.0,3.08,6.6,4.73,8.25,5.83,949.52,28.49
53.6262,152.13,174.79,301.95,67.98,51.48,63.58,116.27,26.18,0.0,0.0,0.0,0.0,6.6,4.73,8.25,5.83,954.36,25.41
53.6362,152.13,174.79,298.21,66.55,52.91,66.33,116.27,26.18,0.0,0.0,0.0,0.0,4.95,3.52,11.0,7.26,953.37,26.73
53.6462,148.61,174.79,290.73,66.55,52.91,64.9,117.81,26.18,0.0,0.0,0.0,0.0,3.3,2.31,6.82,5.83,942.48,18.26
53.6562,145.09,171.27,285.12,67.98,54.34,66.33,116.27,24.75,0.0,0.0,0.0,3.08,0.0,3.52,8.25,7.26,931.15,22.11
53.6662,138.16,167.75,274.23,69.41,52.91,66.33,116.27,24.75,0.0,0.0,0.0,3.08,3.3,3.52,6.82,5.83,909.81,22.55
53.6762,131.12,162.69,263.56,70.84,52.91,66.33,114.62,26.18,0.0,0.0,0.0,0.0,0.0,2.31,6.82,5.83,888.25,14.96
53.6862,124.19,157.63,254.65,72.27,52.91,66.33,114.62,26.18,0.0,0.0,0.0,0.0,0.0,2.31,6.82,2.86,868.78,11.99
53.6962,115.39,152.68,243.98,75.13,52.91,69.19,113.08,27.5,0.0,0.0,0.0,0.0,0.0,2.31,6.82,2.86,849.86,11.99
53.7062,106.7,147.62,229.68,76.56,52.91,67.76,113.08,26.18,0.0,0.0,0.0,3.08,3.3,0.0,4.07,5.83,820.49,16.28
53.7162,98.12,142.56,218.9,79.42,52.91,73.48,114.62,27.5,0.0,0.0,0.0,0.0,0.0,3.52,4.07,4.4,807.51,11.99
53.7262,91.19,135.85,209.77,83.71,52.91,73.48,116.27,27.5,0.0,0.0,0.0,3.08,0.0,2.31,5.5,4.4,790.68,15.29
53.7362,84.37,130.79,197.01,88.0,54.34,74.8,119.46,27.5,0.0,0.0,0.0,0.0,0.0,2.31,5.5,4.4,776.27,12.21
53.7462,79.2,125.84,187.88,90.86,55.77,79.09,124.3,28.93,0.0,0.0,0.0,0.0,0.0,0.0,4.07,2.86,771.87,6.93
53.7562,72.27,117.37,182.38,93.72,57.2,80.52,127.49,28.93,0.0,0.0,0.0,0.0,0.0,2.31,5.5,5.83,759.88,13.64
53.7662,70.51,112.42,175.01,95.15,60.17,84.7,133.98,30.36,0.0,0.0,0.0,0.0,0.0,0.0,4.07,2.86,762.3,6.93
53.7762,65.34,107.47,169.62,98.01,63.03,86.13,140.36,33.11,0.0,0.0,0.0,0.0,0.0,0.0,4.07,4.4,763.07,8.47
53.7862,61.93,102.52,164.67,100.87,64.57,88.99,146.85,34.43,0.0,0.0,0.0,0.0,0.0,0.0,2.75,4.4,764.83,7.15
53.7962,60.17,96.03,158.07,105.16,67.54,94.6,158.07,37.18,0.0,0.0,0.0,0.0,0.0,0.0,2.75,2.86,776.82,5.61
53.8062,55.11,89.43,153.12,108.02,71.94,98.89,167.75,41.36,0.0,0.0,0.0,0.0,0.0,0.0,0.0,2.86,785.62,2.86
53.8162,53.35,82.94,144.98,110.88,77.77,101.75,179.52,45.54,0.0,0.0,0.0,0.0,0.0,0.0,2.75,2.86,796.73,5.61
53.8262,49.94,76.34,135.08,115.5,82.17,105.93,191.84,51.04,0.0,0.0,0.0,0.0,0.0,0.0,2.75,2.86,807.84,5.61
53.8362,48.18,68.2,125.29,118.58,86.57,110.22,205.81,57.97,0.0,0.0,0.0,0.0,0.0,0.0,0.0,4.4,820.82,4.4
53.8462,44.77,59.95,115.39,123.2,92.51,113.08,219.89,62.37,0.0,0.0,0.0,0.0,0.0,0.0,4.07,4.4,831.16,8.47
53.8562,41.25,50.16,104.5,126.28,96.91,119.24,231.88,72.82,0.0,0.0,0.0,0.0,0.0,0.0,2.75,4.4,843.04,7.15
53.8662,37.84,42.13,88.88,127.82,102.85,120.78,248.93,80.3,0.0,0.0,0.0,0.0,0.0,0.0,2.75,0.0,849.53,2.75
53.8762,34.43,35.64,73.37,129.36,108.68,126.94,265.87,90.75,0.0,0.0,0.0,0.0,0.0,0.0,2.75,4.4,865.04,7.15
53.8862,29.26,27.5,59.4,129.36,111.87,130.02,281.16,99.66,0.0,0.0,0.0,0.0,0.0,0.0,0.0,2.86,868.23,2.86
53.8962,27.5,19.36,44.11,129.36,117.04,132.99,296.12,108.57,0.0,0.0,0.0,0.0,0.0,0.0,2.75,4.4,875.05,7.15
53.9062,24.09,14.52,28.93,126.28,120.45,134.53,311.08,117.81,0.0,0.0,0.0,0.0,0.0,0.0,0.0,4.4,877.69,4.4
53.9162,20.57,9.68,17.93,121.66,125.51,136.07,324.39,127.05,0.0,0.0,0.0,0.0,0.0,0.0,0.0,2.86,882.86,2.86
53.9262,18.92,9.68,15.18,115.5,127.27,137.61,341.66,137.83,0.0,0.0,0.0,0.0,0.0,0.0,2.75,0.0,903.65,2.75
53.9362,15.4,8.03,12.43,108.02,128.92,137.61,359.81,148.72,0.0,0.0,0.0,0.0,0.0,0.0,0.0,0.0,918.94,0.0
53.9462,10.23,8.03,9.57,98.01,128.92,137.61,377.96,161.04,0.0,0.0,0.0,0.0,0.0,0.0,0.0,4.4,931.37,4.4
53.9562,3.41,6.38,8.25,86.57,125.51,140.69,396.0,172.04,2.42,0.0,0.0,0.0,0.0,0.0,0.0,4.4,938.85,6.82
53.9662,0.0,4.84,6.82,72.27,123.86,140.69,412.39,184.14,0.0,0.0,0.0,0.0,0.0,0.0,0.0,2.86,945.01,2.86
53.9762,0.0,4.84,4.07,60.83,120.45,140.69,426.8,192.83,2.42,0.0,0.0,0.0,0.0,0.0,0.0,2.86,950.51,5.28
53.9862,0.0,4.84,6.82,53.13,111.87,139.15,437.69,203.28,2.42,0.0,0.0,0.0,0.0,0.0,0.0,0.0,956.78,2.42
53.9962,0.0,4.84,4.07,44.88,105.71,139.15,448.58,211.86,3.63,0.0,0.0,0.0,0.0,0.0,0.0,0.0,959.09,3.63
54.0062,0.0,3.19,4.07,36.63,96.91,136.07,461.23,220.55,7.37,0.0,0.0,0.0,0.0,0.0,2.75,0.0,958.65,10.12
54.0162,0.0,3.19,4.07,29.48,85.14,132.99,470.25,225.72,14.74,0.0,0.0,0.0,0.0,0.0,0.0,2.86,950.84,17.6
54.0262,0.0,4.84,5.5,20.02,74.8,128.48,481.03,230.89,27.06,0.0,0.0,0.0,0.0,2.31,2.75,2.86,945.56,34.98
54.0362,0.0,4.84,4.07,12.98,61.6,120.78,488.29,230.89,38.17,0.0,0.0,3.08,0.0,3.52,0.0,2.86,923.45,47.63
54.0462,0.0,3.19,5.5,8.25,47.3,110.22,490.05,232.65,51.7,49.5,2.86,3.08,6.6,2.31,2.75,0.0,897.16,118.8
54.0562,0.0,3.19,4.07,5.83,34.76,96.03,482.9,224.07,60.61,146.3,67.98,27.06,14.85,5.83,5.5,7.26,850.85,335.39
54.0662,0.0,3.19,4.07,5.83,29.26,79.09,459.36,217.14,57.97,182.93,135.96,67.65,33.11,10.67,9.57,11.66,797.94,509.52
54.0762,0.0,3.19,5.5,4.73,29.26,59.29,408.76,203.28,63.25,201.41,181.17,88.55,47.96,12.98,13.75,14.63,714.01,623.7
54.0862,0.0,4.84,5.5,3.52,29.26,43.23,317.68,189.42,69.96,206.47,207.24,91.52,61.05,15.4,20.68,17.6,593.45,689.92
54.0962,0.0,4.84,4.07,3.52,26.4,28.82,193.6,178.97,68.64,199.76,210.54,91.52,67.21,17.71,28.93,20.46,440.22,704.77
54.1062,0.0,4.84,2.75,2.31,23.65,26.18,101.09,156.42,67.32,201.41,210.54,92.95,67.21,23.65,35.86,22.0,317.24,720.94
54.1162,0.0,3.19,4.07,0.0,19.47,22.22,53.57,114.73,67.32,206.47,208.89,97.46,70.29,26.07,44.11,23.43,217.25,744.04
54.1262,0.0,3.19,2.75,0.0,16.72,17.05,41.91,77.33,67.32,211.53,208.89,104.94,71.83,29.59,48.29,24.86,158.95,767.25
54.1362,0.0,3.19,2.75,0.0,12.54,13.09,28.93,53.79,68.64,220.0,208.89,109.34,71.83,32.01,53.79,24.86,114.29,789.36
54.1462,0.0,3.19,2.75,0.0,6.93,10.45,23.1,27.5,69.96,225.17,207.24,115.5,76.45,34.32,57.97,26.4,73.92,813.01
54.1562,0.0,3.19,2.75,0.0,5.5,7.81,14.41,15.18,71.28,235.73,207.24,121.88,74.91,37.95,60.94,24.86,48.84,834.79
54.1662,0.0,0.0,0.0,0.0,4.18,2.53,10.12,6.82,69.96,239.25,202.4,126.61,78.1,40.26,63.91,27.83,23.65,848.32
54.1762,0.0,0.0,2.75,0.0,2.75,2.53,10.12,2.75,67.32,241.01,195.8,137.61,79.64,43.89,69.85,30.8,20.9,865.92
54.1862,0.0,0.0,2.75,0.0,2.75,2.53,7.15,2.75,63.25,239.25,189.31,143.99,82.72,44.99,75.79,30.8,17.93,870.1
54.1962,0.0,0.0,0.0,0.0,0.0,3.85,8.69,0.0,60.61,235.73,182.82,145.53,85.8,50.93,80.3,32.23,12.54,873.95
54.2062,0.0,0.0,2.75,0.0,2.75,2.53,5.72,0.0,56.65,230.45,177.87,151.8,88.88,52.14,89.21,30.8,13.75,877.8
54.2162,0.0,0.0,2.75,0.0,0.0,2.53,5.72,2.75,51.7,221.65,173.03,153.45,91.96,55.77,93.72,33.66,13.75,874.94
54.2262,0.0,0.0,2.75,0.0,0.0,3.85,4.29,0.0,49.28,214.94,165.11,156.53,96.69,57.2,102.74,33.66,10.89,876.15
54.2362,0.0,3.19,0.0,0.0,2.75,0.0,2.86,0.0,43.12,203.17,157.41,159.72,98.23,60.28,108.68,35.2,8.8,865.81
54.2462,0.0,0.0,0.0,0.0,0.0,0.0,2.86,0.0,39.38,191.29,145.2,162.91,104.39,64.79,114.73,33.66,2.86,856.35
54.2562,0.0,0.0,0.0,0.0,0.0,0.0,5.72,0.0,35.75,181.17,137.5,164.45,102.85,69.3,120.89,38.06,5.72,849.97
54.2662,0.0,0.0,2.75,0.0,2.75,0.0,4.29,0.0,33.22,171.05,125.29,169.51,107.47,72.27,123.97,38.06,9.79,840.84
54.2762,0.0,0.0,0.0,0.0,0.0,2.53,2.86,0.0,30.8,159.5,113.08,171.27,109.01,73.81,130.02,39.6,5.39,827.09
54.2862,0.0,0.0,2.75,0.0,0.0,0.0,4.29,0.0,28.27,147.95,102.19,174.68,115.28,76.78,134.64,38.06,7.04,817.85
54.2962,0.0,0.0,2.75,0.0,0.0,2.53,2.86,0.0,27.06,138.16,91.3,174.68,118.47,81.4,139.26,39.6,8.14,809.93
54.3062,0.0,3.19,0.0,0.0,0.0,0.0,2.86,0.0,24.64,124.96,80.41,179.85,118.47,81.4,146.96,38.06,6.05,794.75
54.3162,0.0,0.0,0.0,0.0,0.0,0.0,2.86,0.0,23.43,113.41,69.52,181.61,126.61,85.91,153.01,41.03,2.86,794.53
54.3262,0.0,3.19,0.0,0.0,0.0,0.0,2.86,0.0,20.9,100.98,58.74,183.37,129.8,90.42,157.63,42.46,6.05,784.3
54.3362,0.0,0.0,0.0,0.0,0.0,0.0,0.0,0.0,19.69,90.2,51.48,179.85,133.1,88.88,165.33,44.0,0.0,772.53
54.3462,0.0,0.0,0.0,0.0,0.0,0.0,0.0,0.0,19.69,80.96,44.33,179.85,134.64,93.39,175.01,44.0,0.0,771.87
54.3562,0.0,0.0,0.0,0.0,0.0,0.0,0.0,0.0,18.48,70.18,38.61,179.85,136.29,96.47,184.69,44.0,0.0,768.57
54.3662,0.0,0.0,0.0,0.0,0.0,0.0,0.0,0.0,17.16,59.4,32.89,176.44,141.13,99.44,196.02,46.86,0.0,769.34
54.3762,0.0,0.0,0.0,0.0,0.0,0.0,0.0,0.0,17.16,49.5,28.6,172.92,142.78,102.52,207.46,46.86,0.0,767.8
54.3862,0.0,0.0,2.75,0.0,0.0,0.0,0.0,0.0,15.95,39.6,21.45,164.45,145.97,103.95,220.44,49.83,2.75,761.64
54.3962,0.0,0.0,2.75,0.0,0.0,0.0,0.0,0.0,15.95,29.7,20.02,159.72,150.92,107.03,230.34,46.86,2.75,760.54
54.4062,0.0,0.0,0.0,0.0,0.0,0.0,0.0,0.0,14.74,23.1,14.3,154.99,154.11,105.49,247.5,51.26,0.0,765.49
54.4162,0.0,0.0,2.75,0.0,0.0,0.0,0.0,0.0,13.53,18.15,10.01,145.53,157.41,107.03,261.25,54.23,2.75,767.14
54.4262,0.0,0.0,0.0,0.0,0.0,0.0,0.0,0.0,9.79,16.5,8.58,137.61,160.6,107.03,275.0,58.74,0.0,773.85
54.4362,0.0,0.0,0.0,0.0,0.0,0.0,0.0,0.0,7.37,11.55,7.15,129.69,160.6,108.46,290.4,64.9,0.0,780.12
54.4462,0.0,0.0,2.75,0.0,0.0,0.0,0.0,0.0,6.16,9.9,4.29,123.42,165.44,110.0,302.28,71.06,2.75,792.55
54.4562,0.0,0.0,0.0,0.0,0.0,0.0,0.0,0.0,4.84,8.25,4.29,113.96,168.74,110.0,312.51,72.6,0.0,795.19
54.4662,0.0,3.19,0.0,0.0,0.0,0.0,0.0,0.0,3.63,8.25,5.72,110.88,168.74,111.54,327.8,81.73,3.19,818.29
54.4762,0.0,0.0,0.0,0.0,0.0,0.0,0.0,0.0,3.63,6.6,2.86,103.4,172.15,114.73,339.79,84.81,0.0,827.97
54.4862,0.0,0.0,0.0,0.0,0.0,0.0,0.0,0.0,2.42,4.95,0.0,95.92,173.91,116.49,355.08,93.94,0.0,842.71
54.4962,0.0,0.0,0.0,0.0,0.0,0.0,0.0,0.0,0.0,4.95,4.29,89.98,175.78,114.73,370.48,100.1,0.0,860.31
54.5062,0.0,0.0,0.0,0.0,0.0,0.0,0.0,0.0,0.0,3.3,2.86,79.53,172.15,116.49,387.53,110.88,0.0,872.74
54.5162,0.0,0.0,0.0,0.0,0.0,0.0,0.0,0.0,0.0,6.6,2.86,67.65,175.78,114.73,403.37,117.15,0.0,888.14
54.5262,0.0,0.0,0.0,0.0,0.0,0.0,0.0,0.0,0.0,3.3,2.86,55.77,173.91,111.54,417.78,123.53,0.0,888.69
54.5362,0.0,0.0,0.0,0.0,0.0,0.0,0.0,0.0,0.0,3.3,2.86,46.2,170.39,110.0,432.08,129.91,0.0,894.74
54.5462,5.06,0.0,0.0,0.0,0.0,0.0,0.0,0.0,0.0,0.0,2.86,34.98,167.09,108.46,439.23,134.75,5.06,887.37
54.5562,13.75,0.0,0.0,2.31,2.75,0.0,0.0,0.0,0.0,0.0,0.0,28.6,162.25,105.49,450.01,137.94,18.81,884.29
54.5662,30.91,0.0,0.0,2.31,0.0,0.0,0.0,0.0,0.0,4.95,0.0,19.03,152.46,102.52,457.27,139.48,33.22,875.71
54.5762,56.76,0.0,0.0,2.31,4.18,0.0,0.0,0.0,0.0,0.0,0.0,14.3,147.62,96.47,460.9,139.48,63.25,858.77
54.5862,79.2,0.0,0.0,3.52,2.75,2.53,0.0,0.0,0.0,0.0,0.0,11.11,137.94,88.88,460.9,139.48,88.0,838.31
54.5962,103.29,0.0,5.5,4.73,5.5,3.85,0.0,0.0,0.0,0.0,0.0,9.46,124.96,78.32,455.51,137.94,122.87,806.19
54.6062,122.43,55.11,93.61,4.73,5.5,5.17,2.86,2.75,0.0,3.3,2.86,7.92,107.47,64.79,440.99,133.1,292.16,760.43
54.6162,118.91,115.72,149.93,31.9,6.93,5.17,4.29,0.0,0.0,0.0,2.86,11.11,88.88,53.35,412.39,126.72,432.85,695.31
54.6262,117.15,140.91,197.01,57.97,15.29,9.13,7.15,8.25,0.0,0.0,2.86,11.11,65.67,43.89,372.13,117.15,552.86,612.81
54.6362,118.91,140.91,227.92,62.26,32.01,22.22,23.1,16.5,0.0,0.0,0.0,12.65,52.91,37.95,298.87,120.34,643.83,522.72
54.6462,122.43,140.91,242.11,65.12,36.19,35.42,44.88,20.68,0.0,0.0,0.0,12.65,44.66,30.8,178.2,118.8,707.74,385.11
54.6562,124.19,144.21,252.89,66.55,38.94,44.55,63.8,20.68,0.0,0.0,0.0,11.11,38.06,26.07,96.69,110.88,755.81,282.81
54.6662,125.84,147.62,263.56,67.98,41.8,49.83,81.73,24.75,0.0,0.0,0.0,11.11,31.46,21.34,46.86,84.81,803.11,195.58
54.6762,129.36,150.92,270.6,67.98,45.98,56.43,93.61,26.18,0.0,0.0,0.0,7.92,24.75,15.4,33.11,57.2,841.06,138.38
54.6862,132.88,155.98,272.47,67.98,48.73,57.86,102.63,27.5,0.0,0.0,0.0,4.73,19.8,12.98,23.43,42.46,866.03,103.4
54.6962,134.64,157.63,275.99,70.84,50.16,60.72,105.6,27.5,0.0,0.0,0.0,4.73,14.85,7.04,19.25,29.26,883.08,75.13
54.7062,138.16,162.69,275.99,70.84,50.16,60.72,108.57,26.18,0.0,0.0,0.0,3.08,8.25,7.04,12.32,16.06,893.31,46.75
54.7162,141.57,166.1,274.23,73.7,50.16,63.58,108.57,28.93,0.0,0.0,0.0,3.08,8.25,3.52,11.0,7.26,906.84,33.11
54.7262,143.33,167.75,274.23,73.7,52.91,64.9,108.57,28.93,0.0,0.0,0.0,3.08,4.95,4.73,6.82,4.4,914.32,23.98
54.7362,143.33,171.27,274.23,73.7,51.48,63.58,111.54,27.5,0.0,0.0,0.0,3.08,4.95,3.52,9.57,7.26,916.63,28.38
54.7462,141.57,169.51,267.08,76.56,52.91,66.33,111.54,27.5,0.0,0.0,0.0,0.0,4.95,2.31,9.57,7.26,913.0,24.09
54.7562,136.4,167.75,261.69,76.56,50.16,66.33,113.08,28.93,0.0,0.0,0.0,0.0,4.95,0.0,5.5,4.4,900.9,14.85
54.7662,131.12,166.1,254.65,79.42,51.48,67.76,111.54,28.93,0.0,0.0,0.0,3.08,4.95,0.0,8.25,5.83,891.0,22.11
54.7762,125.84,162.69,245.74,80.85,51.48,67.76,110.0,28.93,0.0,0.0,0.0,3.08,0.0,2.31,6.82,4.4,873.29,16.61
54.7862,117.15,157.63,236.83,83.71,51.48,67.76,110.0,27.5,0.0,0.0,0.0,0.0,3.3,0.0,4.07,4.4,852.06,11.77
54.7962,110.22,152.68,226.16,86.57,52.91,69.19,111.54,28.93,0.0,0.0,0.0,0.0,3.3,3.52,4.07,4.4,838.2,15.29
54.8062,101.53,147.62,213.4,88.0,52.91,72.05,111.54,30.36,0.0,0.0,0.0,0.0,0.0,2.31,6.82,4.4,817.41,13.53
54.8162,92.95,140.91,204.27,90.86,52.91,74.8,113.08,28.93,0.0,0.0,0.0,0.0,0.0,0.0,5.5,0.0,798.71,5.5
54.8262,86.02,135.85,193.38,93.72,54.34,76.23,114.62,30.36,0.0,0.0,0.0,0.0,0.0,2.31,2.75,2.86,784.52,7.92
54.8362,79.2,129.14,186.01,99.44,55.77,79.09,119.46,31.68,0.0,0.0,0.0,0.0,3.3,2.31,4.07,2.86,779.79,12.54
54.8462,74.03,124.08,175.01,102.3,55.77,81.95,124.3,33.11,0.0,0.0,0.0,0.0,0.0,0.0,4.07,2.86,770.55,6.93
54.8562,70.51,117.37,169.62,105.16,58.63,83.38,129.14,33.11,0.0,0.0,0.0,0.0,0.0,0.0,5.5,0.0,766.92,5.5
54.8662,67.1,110.77,163.02,109.45,61.6,87.56,135.52,34.43,0.0,0.0,0.0,0.0,0.0,2.31,4.07,2.86,769.45,9.24
54.8762,61.93,105.82,156.42,112.42,63.03,90.42,142.01,37.18,0.0,0.0,0.0,0.0,0.0,0.0,0.0,2.86,769.23,2.86
54.8862,60.17,99.22,151.47,117.04,66.0,93.17,148.39,37.18,0.0,0.0,0.0,0.0,0.0,0.0,4.07,2.86,772.64,6.93
54.8962,58.52,92.73,146.63,120.12,70.4,94.6,158.07,41.36,0.0,0.0,0.0,0.0,0.0,0.0,0.0,2.86,782.43,2.86
54.9062,55.11,87.78,141.68,123.2,73.37,98.89,164.45,45.54,0.0,0.0,0.0,0.0,0.0,0.0,0.0,0.0,790.02,0.0
54.9162,51.59,81.29,135.08,126.28,76.34,100.32,174.24,48.29,0.0,0.0,0.0,0.0,0.0,0.0,2.75,2.86,793.43,5.61
54.9262,49.94,76.34,128.59,126.28,80.74,103.07,184.8,52.36,0.0,0.0,0.0,0.0,0.0,0.0,0.0,2.86,802.12,2.86
54.9362,48.18,69.74,123.64,129.36,83.71,107.36,190.08,55.11,0.0,0.0,0.0,0.0,0.0,0.0,0.0,2.86,807.18,2.86
54.9462,46.42,61.6,117.04,129.36,86.57,108.79,204.05,62.37,0.0,0.0,0.0,0.0,0.0,0.0,0.0,2.86,816.2,2.86
54.9562,43.01,55.11,110.66,130.9,91.08,110.22,212.85,66.88,0.0,0.0,0.0,0.0,0.0,0.0,2.75,0.0,820.71,2.75
54.9662,39.6,45.32,99.77,135.63,95.48,114.62,225.06,74.36,0.0,0.0,0.0,0.0,0.0,0.0,0.0,0.0,829.84,0.0
54.9762,37.84,38.83,88.88,135.63,102.85,117.7,242.11,83.27,0.0,0.0,0.0,0.0,0.0,0.0,0.0,0.0,847.11,0.0
54.9862,34.43,30.69,74.91,137.17,105.71,120.78,255.64,92.18,0.0,0.0,0.0,0.0,0.0,0.0,0.0,0.0,851.51,0.0
54.9962,32.67,22.66,60.94,134.09,111.87,122.32,269.28,99.66,0.0,0.0,0.0,0.0,0.0,0.0,2.75,2.86,853.49,5.61
55.0061,30.91,17.82,48.29,132.55,117.04,123.86,282.81,107.14,0.0,0.0,0.0,0.0,0.0,0.0,0.0,2.86,860.42,2.86
55.0161,27.5,12.87,34.43,130.9,122.1,125.4,296.12,116.27,0.0,0.0,0.0,0.0,0.0,0.0,0.0,2.86,865.59,2.86
55.0261,25.74,9.68,22.0,130.9,123.86,126.94,312.73,125.51,0.0,0.0,0.0,0.0,0.0,0.0,2.75,2.86,877.36,5.61
55.0361,22.33,8.03,17.93,126.28,128.92,130.02,324.39,131.67,0.0,0.0,0.0,0.0,0.0,0.0,2.75,0.0,889.57,2.75
55.0461,18.92,8.03,13.75,123.2,130.68,131.45,341.66,144.1,0.0,0.0,0.0,0.0,0.0,0.0,0.0,2.86,911.79,2.86
55.0561,15.4,8.03,12.43,117.04,130.68,132.99,357.94,154.88,0.0,0.0,0.0,0.0,0.0,0.0,0.0,2.86,929.39,2.86
55.0661,8.58,6.38,9.57,106.59,128.92,136.07,372.46,165.66,0.0,0.0,0.0,0.0,0.0,0.0,0.0,0.0,934.23,0.0
55.0761,3.41,4.84,8.25,93.72,127.27,134.53,394.24,175.56,0.0,0.0,0.0,0.0,0.0,0.0,0.0,0.0,941.82,0.0
55.0861,0.0,3.19,6.82,80.85,123.86,137.61,406.89,189.42,2.42,0.0,0.0,0.0,0.0,0.0,0.0,0.0,948.64,2.42
55.0961,0.0,4.84,5.5,69.41,118.69,136.07,423.17,198.0,3.63,0.0,0.0,0.0,0.0,0.0,0.0,0.0,955.68,3.63
55.1061,0.0,4.84,5.5,57.97,111.87,137.61,432.3,208.45,6.16,0.0,0.0,0.0,0.0,0.0,0.0,0.0,958.54,6.16
55.1161,0.0,4.84,4.07,47.3,101.31,136.07,444.95,215.38,9.79,0.0,0.0,0.0,0.0,0.0,0.0,0.0,953.92,9.79
55.1261,0.0,3.19,4.07,37.84,92.51,132.99,455.73,224.07,19.69,0.0,0.0,0.0,0.0,0.0,0.0,0.0,950.4,19.69
55.1361,0.0,3.19,5.5,28.38,82.17,130.02,462.99,227.48,29.59,0.0,0.0,0.0,0.0,0.0,0.0,2.86,939.73,32.45
55.1461,0.0,4.84,5.5,20.02,68.97,122.32,472.01,230.89,39.38,0.0,0.0,3.08,3.3,0.0,0.0,0.0,924.55,45.76
55.1561,0.0,0.0,5.5,10.56,54.34,113.08,473.88,229.13,53.02,6.6,0.0,0.0,6.6,3.52,0.0,0.0,886.49,69.74
55.1661,0.0,3.19,4.07,8.25,37.62,100.32,472.01,227.48,64.57,113.41,38.61,3.08,8.25,2.31,2.75,2.86,852.94,235.84
55.1761,0.0,3.19,5.5,4.73,29.26,83.38,452.21,218.79,59.29,161.15,102.19,43.01,21.45,7.04,5.5,8.8,797.06,408.43
55.1861,0.0,3.19,5.5,4.73,27.83,64.9,410.52,206.69,60.61,191.29,148.28,73.59,34.76,10.67,11.0,11.66,723.36,541.86
55.1961,0.0,4.84,4.07,3.52,27.83,45.87,327.69,194.59,66.0,201.41,181.17,85.58,52.91,12.98,13.75,14.63,608.41,628.43
55.2061,0.0,4.84,4.07,3.52,26.4,31.46,207.57,184.14,69.96,201.41,202.4,85.58,59.51,15.4,19.25,16.06,462.0,669.57
55.2161,0.0,3.19,4.07,3.52,22.22,26.18,108.57,168.74,69.96,203.17,208.89,91.52,62.59,20.13,31.68,22.0,336.49,709.94
55.2261,0.0,4.84,4.07,0.0,19.47,22.22,55.0,130.13,72.6,211.53,213.73,92.95,65.67,23.65,39.93,20.46,235.73,740.52
55.2361,0.0,3.19,4.07,0.0,15.29,19.58,43.45,83.27,75.35,218.35,217.03,99.0,64.13,27.28,42.68,23.43,168.85,767.25
55.2461,0.0,3.19,2.75,0.0,12.54,14.41,31.79,60.94,77.99,225.17,218.68,100.43,67.21,29.59,46.86,23.43,125.62,789.36
55.2561,0.0,4.84,0.0,0.0,8.36,10.45,23.1,37.18,82.06,232.21,218.68,104.94,68.75,32.01,48.29,23.43,83.93,810.37
55.2661,0.0,3.19,0.0,0.0,6.93,9.13,15.84,17.93,86.02,242.77,221.98,107.91,68.75,33.22,49.61,23.43,53.02,833.69
55.2761,0.0,0.0,2.75,0.0,2.75,5.17,11.55,9.57,86.02,246.29,223.63,115.5,68.75,35.53,56.54,24.86,31.79,857.12
55.2861,0.0,0.0,2.75,0.0,2.75,3.85,8.69,2.75,86.02,253.44,220.33,120.23,70.29,39.05,60.94,27.83,20.79,878.13
55.2961,0.0,0.0,2.75,0.0,2.75,2.53,8.69,2.75,83.38,251.68,215.38,124.96,74.91,42.68,66.88,24.86,19.47,884.73
55.3061,0.0,0.0,0.0,0.0,0.0,0.0,7.15,2.75,80.74,253.44,212.19,131.34,78.1,44.99,71.39,27.83,9.9,900.02
55.3161,0.0,0.0,2.75,0.0,0.0,3.85,7.15,0.0,76.67,246.29,207.24,136.07,78.1,47.41,80.3,30.8,13.75,902.88
55.3261,0.0,0.0,2.75,0.0,2.75,2.53,7.15,2.75,71.28,239.25,197.45,139.15,81.18,50.93,84.81,30.8,17.93,894.85
55.3361,0.0,0.0,0.0,0.0,0.0,0.0,4.29,2.75,66.0,235.73,190.96,137.61,84.26,52.14,89.21,30.8,7.04,886.71
55.3461,0.0,0.0,2.75,0.0,2.75,0.0,5.72,0.0,59.29,225.17,182.82,139.15,87.34,53.35,95.26,32.23,11.22,874.61
55.3561,0.0,0.0,2.75,0.0,0.0,2.53,4.29,0.0,53.02,213.29,171.38,140.8,88.88,55.77,99.66,33.66,9.57,856.46
55.3661,0.0,0.0,0.0,0.0,0.0,2.53,2.86,0.0,48.07,204.82,162.03,139.15,90.42,58.74,102.74,32.23,5.39,838.2
55.3761,0.0,3.19,2.75,0.0,0.0,2.53,4.29,0.0,43.12,193.05,152.79,142.34,95.04,60.28,110.22,35.2,12.76,832.04
55.3861,0.0,0.0,0.0,0.0,0.0,0.0,2.86,0.0,39.38,181.17,142.12,142.34,98.23,63.25,114.73,36.63,2.86,817.85
55.3961,0.0,0.0,0.0,0.0,0.0,0.0,4.29,0.0,35.75,167.75,132.88,147.07,99.77,67.76,120.89,36.63,4.29,808.5
55.4061,0.0,0.0,0.0,0.0,0.0,0.0,0.0,0.0,33.22,157.85,123.75,145.53,104.39,69.3,130.02,38.06,0.0,802.12
55.4161,0.0,0.0,0.0,0.0,0.0,0.0,2.86,0.0,32.01,147.95,116.05,142.34,105.93,75.35,139.26,39.6,2.86,798.49
55.4261,0.0,0.0,2.75,0.0,0.0,0.0,0.0,0.0,29.59,136.51,108.35,143.99,112.09,75.35,146.96,39.6,2.75,792.44
55.4361,0.0,0.0,0.0,0.0,0.0,0.0,2.86,0.0,28.27,124.96,100.65,145.53,112.09,79.86,154.55,39.6,2.86,785.51
55.4461,0.0,0.0,0.0,0.0,0.0,0.0,0.0,0.0,27.06,115.06,92.84,143.99,120.12,82.83,163.79,41.03,0.0,786.72
55.4561,0.0,0.0,2.75,0.0,0.0,0.0,0.0,0.0,25.85,104.06,85.03,145.53,124.96,85.91,178.2,44.0,2.75,793.54
55.4661,0.0,0.0,0.0,0.0,0.0,0.0,0.0,0.0,23.43,91.74,75.79,145.53,131.45,90.42,186.34,42.46,0.0,787.16
55.4761,0.0,0.0,0.0,0.0,0.0,0.0,0.0,0.0,22.11,80.96,66.44,145.53,134.64,94.93,200.97,44.0,0.0,789.58
55.4861,0.0,0.0,2.75,0.0,0.0,0.0,0.0,0.0,20.9,71.72,58.74,145.53,141.13,97.9,212.3,46.86,2.75,795.08
55.4961,0.0,0.0,2.75,0.0,0.0,0.0,0.0,0.0,19.69,62.48,50.05,145.53,145.97,102.52,221.98,46.86,2.75,795.08
55.5061,0.0,0.0,0.0,0.0,0.0,0.0,0.0,0.0,18.48,52.8,42.9,145.53,150.92,105.49,231.99,51.26,0.0,799.37
55.5161,0.0,0.0,0.0,0.0,0.0,0.0,0.0,0.0,17.16,42.9,34.32,147.07,154.11,107.03,247.5,54.23,0.0,804.32
55.5261,0.0,0.0,2.75,0.0,0.0,0.0,0.0,0.0,15.95,34.65,25.74,148.72,157.41,110.0,256.08,54.23,2.75,802.78
55.5361,0.0,0.0,2.75,0.0,0.0,0.0,0.0,0.0,15.95,28.05,17.16,147.07,162.25,111.54,263.01,55.77,2.75,800.8
55.5461,0.0,0.0,0.0,0.0,0.0,0.0,0.0,0.0,14.74,18.15,11.44,145.53,165.44,113.08,275.0,60.28,0.0,803.66
55.5561,0.0,0.0,0.0,0.0,0.0,0.0,0.0,0.0,9.79,14.85,10.01,140.8,167.09,111.54,286.99,63.36,0.0,804.43
55.5661,0.0,0.0,2.75,0.0,0.0,0.0,0.0,0.0,7.37,14.85,7.15,134.42,168.74,113.08,297.22,66.44,2.75,809.27
55.5761,0.0,0.0,0.0,0.0,0.0,0.0,0.0,0.0,6.16,11.55,7.15,126.61,168.74,114.73,307.34,71.06,0.0,813.34
55.5861,0.0,0.0,0.0,0.0,0.0,0.0,0.0,0.0,4.84,9.9,5.72,118.69,170.39,118.25,319.33,77.11,0.0,824.23
55.5961,0.0,0.0,0.0,0.0,0.0,0.0,0.0,0.0,3.63,9.9,5.72,110.88,168.74,116.49,334.62,81.73,0.0,831.71
55.6061,0.0,0.0,0.0,0.0,0.0,0.0,0.0,0.0,2.42,6.6,4.29,101.97,170.39,121.77,346.61,87.89,0.0,841.94
55.6161,0.0,0.0,0.0,0.0,0.0,0.0,0.0,0.0,2.42,6.6,4.29,91.52,170.39,120.01,363.66,98.56,0.0,857.45
55.6261,0.0,0.0,0.0,0.0,0.0,0.0,0.0,0.0,2.42,6.6,4.29,78.1,170.39,120.01,378.95,104.72,0.0,865.48
55.6361,0.0,0.0,0.0,0.0,0.0,0.0,0.0,0.0,0.0,3.3,4.29,67.65,167.09,118.25,390.94,110.88,0.0,862.4
55.6461,3.41,0.0,0.0,0.0,0.0,0.0,0.0,0.0,0.0,3.3,2.86,58.74,165.44,118.25,407.0,117.15,3.41,872.74
55.6561,8.58,0.0,0.0,0.0,0.0,0.0,0.0,0.0,0.0,4.95,2.86,47.74,162.25,114.73,412.39,117.15,8.58,862.07
55.6661,18.92,0.0,0.0,0.0,2.75,0.0,0.0,0.0,0.0,4.95,2.86,34.98,157.41,110.0,423.06,120.34,21.67,853.6
55.6761,39.6,0.0,0.0,3.52,4.18,0.0,0.0,0.0,0.0,3.3,2.86,27.06,150.92,108.46,430.21,126.72,47.3,849.53
55.6861,61.93,0.0,0.0,2.31,2.75,0.0,0.0,0.0,0.0,0.0,2.86,19.03,145.97,100.98,435.6,125.18,66.99,829.62
55.6961,80.85,0.0,0.0,4.73,4.18,2.53,0.0,0.0,0.0,0.0,2.86,11.11,137.94,94.93,437.36,128.37,92.29,812.57
55.7061,99.88,0.0,0.0,4.73,5.5,2.53,0.0,0.0,0.0,3.3,2.86,9.46,126.61,79.86,439.23,128.37,112.64,789.69
55.7161,124.19,35.64,68.64,5.83,4.18,5.17,2.86,2.75,0.0,3.3,2.86,11.11,110.55,70.84,424.93,123.53,249.26,747.12
55.7261,120.67,102.52,120.34,5.83,5.5,5.17,2.86,2.75,0.0,0.0,0.0,9.46,91.96,57.2,408.76,117.15,365.64,684.53
55.7361,111.87,139.26,158.07,36.63,5.5,5.17,2.86,4.07,0.0,3.3,0.0,11.11,74.91,46.2,380.71,115.61,463.43,631.84
55.7461,108.46,154.33,186.01,53.13,20.9,9.13,7.15,8.25,0.0,3.3,2.86,11.11,54.56,40.26,326.15,112.42,547.36,550.66
55.7561,110.22,152.68,206.14,59.4,33.44,19.58,26.07,15.18,0.0,0.0,2.86,11.11,51.26,35.53,228.58,118.8,622.71,448.14
55.7661,110.22,157.63,220.77,65.12,36.19,35.42,46.31,16.5,0.0,0.0,0.0,12.65,38.06,27.28,127.05,120.34,688.16,325.38
55.7761,115.39,166.1,233.31,66.55,41.8,45.87,69.74,19.25,0.0,3.3,0.0,12.65,34.76,23.65,69.85,103.18,758.01,247.39
55.7861,120.67,169.51,245.74,67.98,45.98,52.47,84.7,20.68,0.0,0.0,0.0,9.46,28.05,17.71,37.18,72.6,807.73,165.0
55.7961,125.84,174.79,254.65,67.98,50.16,55.11,95.15,23.43,0.0,0.0,0.0,7.92,23.1,14.19,27.5,52.8,847.11,125.51
55.8061,131.12,180.07,261.69,69.41,50.16,60.72,102.63,23.43,0.0,3.3,0.0,6.27,16.5,10.67,22.0,39.6,879.23,98.34
55.8161,136.4,183.59,265.32,69.41,51.48,62.15,110.0,26.18,0.0,3.3,2.86,4.73,11.55,8.25,16.5,24.86,904.53,72.05
55.8261,141.57,187.11,270.6,70.84,51.48,63.58,111.54,26.18,0.0,0.0,0.0,4.73,8.25,5.83,13.75,11.66,922.9,44.22
55.8361,143.33,190.63,270.6,69.41,54.34,64.9,114.62,27.5,0.0,0.0,0.0,4.73,6.6,4.73,11.0,7.26,935.33,34.32
55.8461,146.85,194.15,274.23,69.41,54.34,64.9,116.27,27.5,0.0,0.0,0.0,3.08,6.6,4.73,9.57,5.83,947.65,29.81
55.8561,148.61,194.15,270.6,69.41,54.34,64.9,117.81,26.18,0.0,0.0,0.0,3.08,4.95,4.73,6.82,7.26,946.0,26.84
55.8661,146.85,192.39,268.84,69.41,54.34,63.58,117.81,24.75,0.0,0.0,0.0,3.08,4.95,3.52,6.82,5.83,937.97,24.2
55.8761,145.09,190.63,261.69,67.98,54.34,64.9,114.62,26.18,0.0,0.0,0.0,0.0,4.95,3.52,6.82,4.4,925.43,19.69
55.8861,141.57,185.35,256.41,69.41,52.91,62.15,111.54,26.18,0.0,0.0,0.0,0.0,3.3,2.31,8.25,5.83,905.52,19.69
55.8961,136.4,181.83,251.02,67.98,52.91,63.58,113.08,24.75,0.0,0.0,0.0,3.08,0.0,3.52,6.82,5.83,891.55,19.25
55.9061,131.12,174.79,243.98,69.41,54.34,64.9,111.54,24.75,0.0,0.0,0.0,3.08,3.3,2.31,5.5,4.4,874.83,18.59
55.9161,124.19,173.03,233.31,67.98,52.91,64.9,111.54,26.18,0.0,0.0,0.0,0.0,0.0,2.31,5.5,4.4,854.04,12.21
55.9261,118.91,164.34,227.92,72.27,52.91,63.58,113.08,23.43,0.0,0.0,0.0,0.0,0.0,2.31,2.75,4.4,836.44,9.46
55.9361,111.87,161.04,220.77,72.27,54.34,66.33,113.08,26.18,0.0,0.0,0.0,0.0,0.0,0.0,5.5,4.4,825.88,9.9
55.9461,105.05,154.33,211.64,76.56,52.91,66.33,113.08,26.18,0.0,0.0,0.0,3.08,3.3,3.52,2.75,4.4,806.08,17.05
55.9561,98.12,150.92,200.64,80.85,54.34,69.19,116.27,27.5,0.0,0.0,0.0,0.0,3.3,0.0,5.5,4.4,797.83,13.2
55.9661,92.95,145.97,195.14,83.71,55.77,72.05,119.46,27.5,0.0,0.0,0.0,0.0,0.0,0.0,2.75,4.4,792.55,7.15
55.9761,87.78,139.26,187.88,85.14,57.2,73.48,122.65,28.93,0.0,0.0,0.0,0.0,0.0,2.31,0.0,0.0,782.32,2.31
55.9861,82.61,134.2,180.51,88.0,60.17,76.23,129.14,28.93,0.0,0.0,0.0,0.0,0.0,2.31,2.75,4.4,779.79,9.46
55.9961,77.44,129.14,178.75,90.86,61.6,79.09,133.98,30.36,0.0,0.0,0.0,0.0,0.0,0.0,2.75,2.86,781.22,5.61
56.0061,72.27,122.43,171.38,90.86,63.03,84.7,140.36,33.11,0.0,0.0,0.0,0.0,0.0,0.0,2.75,2.86,778.14,5.61
56.0161,68.86,115.72,167.97,93.72,66.0,87.56,150.04,35.86,0.0,0.0,0.0,0.0,0.0,0.0,2.75,2.86,785.73,5.61
56.0261,65.34,109.12,163.02,95.15,70.4,88.99,161.26,38.61,0.0,0.0,0.0,0.0,0.0,0.0,4.07,2.86,791.89,6.93
56.0361,61.93,102.52,159.72,95.15,73.37,91.85,170.94,44.11,0.0,0.0,0.0,0.0,0.0,0.0,4.07,4.4,799.59,8.47
56.0461,58.52,96.03,154.77,93.72,77.77,97.46,183.04,51.04,0.0,0.0,0.0,0.0,0.0,0.0,2.75,2.86,812.35,5.61
56.0561,55.11,87.78,151.47,96.58,83.71,98.89,198.77,57.97,0.0,0.0,0.0,0.0,0.0,0.0,2.75,4.4,830.28,7.15
56.0661,51.59,79.64,141.68,100.87,89.54,103.07,211.09,62.37,0.0,0.0,0.0,0.0,0.0,0.0,2.75,0.0,839.85,2.75
56.0761,48.18,69.74,133.43,105.16,93.94,105.93,225.06,71.28,0.0,0.0,0.0,0.0,0.0,0.0,0.0,4.4,852.72,4.4
56.0861,44.77,63.25,118.69,108.02,101.31,111.65,238.7,78.76,0.0,0.0,0.0,0.0,0.0,0.0,0.0,2.86,865.15,2.86
56.0961,41.25,51.81,104.5,112.42,105.71,116.16,252.23,89.21,0.0,0.0,0.0,0.0,0.0,0.0,0.0,4.4,873.29,4.4
56.1061,36.08,42.13,88.88,115.5,111.87,119.24,267.63,98.12,0.0,0.0,0.0,0.0,0.0,0.0,2.75,2.86,879.45,5.61
56.1161,32.67,33.99,71.83,120.12,117.04,125.4,281.16,108.57,0.0,0.0,0.0,0.0,0.0,0.0,0.0,0.0,890.78,0.0
56.1261,29.26,25.85,55.22,121.66,125.51,126.94,297.77,117.81,0.0,0.0,0.0,0.0,0.0,0.0,0.0,2.86,900.02,2.86
56.1361,27.5,17.82,38.61,120.12,128.92,131.45,314.38,128.59,0.0,0.0,0.0,0.0,0.0,0.0,2.75,2.86,907.39,5.61
56.1461,25.74,14.52,23.43,117.04,135.74,134.53,330.99,139.37,0.0,0.0,0.0,0.0,0.0,0.0,4.07,2.86,921.36,6.93
56.1561,20.57,11.33,16.5,110.88,135.74,134.53,345.29,148.72,2.42,0.0,0.0,0.0,0.0,0.0,2.75,2.86,923.56,8.03
56.1661,15.4,9.68,12.43,103.73,135.74,137.61,363.44,159.5,3.63,0.0,0.0,0.0,0.0,0.0,0.0,2.86,937.53,6.49
56.1761,10.23,6.38,11.0,95.15,134.09,137.61,379.72,170.39,0.0,0.0,0.0,0.0,0.0,0.0,0.0,2.86,944.57,2.86
56.1861,3.41,6.38,9.57,80.85,130.68,137.61,396.0,180.73,3.63,0.0,0.0,0.0,0.0,0.0,0.0,0.0,945.23,3.63
56.1961,0.0,6.38,6.82,67.98,127.27,139.15,408.76,191.07,3.63,0.0,0.0,0.0,0.0,0.0,0.0,2.86,947.43,6.49
56.2061,0.0,4.84,5.5,57.97,120.45,139.15,421.41,201.52,4.84,0.0,0.0,0.0,0.0,0.0,0.0,2.86,950.84,7.7
56.2161,0.0,4.84,6.82,46.09,110.22,137.61,430.43,211.86,7.37,0.0,0.0,0.0,0.0,0.0,0.0,0.0,947.87,7.37
56.2261,0.0,4.84,6.82,37.84,101.31,134.53,443.19,217.14,11.0,0.0,0.0,0.0,0.0,0.0,0.0,0.0,945.67,11.0
56.2361,0.0,0.0,5.5,29.48,91.08,131.45,452.21,222.31,19.69,0.0,0.0,0.0,0.0,0.0,0.0,2.86,932.03,22.55
56.2461,0.0,4.84,5.5,20.02,79.31,125.4,459.36,225.72,28.27,0.0,0.0,0.0,3.3,0.0,0.0,2.86,920.15,34.43
56.2561,0.0,3.19,6.82,9.46,66.0,116.16,468.38,229.13,38.17,0.0,0.0,0.0,4.95,3.52,0.0,2.86,899.14,49.5
56.2661,0.0,3.19,5.5,5.83,51.48,103.07,472.01,227.48,49.28,42.9,4.29,3.08,8.25,2.31,0.0,2.86,868.56,112.97
56.2761,0.0,4.84,5.5,7.04,36.19,87.56,468.38,225.72,54.23,113.41,63.36,38.17,34.76,4.73,8.25,7.26,835.23,324.17
56.2861,0.0,4.84,5.5,5.83,27.83,70.62,446.71,213.62,54.23,143.0,120.67,70.62,49.61,10.67,11.0,11.66,774.95,471.46
56.2961,0.0,4.84,4.07,4.73,29.26,51.15,403.26,199.76,59.29,157.85,160.49,87.01,67.21,14.19,24.75,17.6,697.07,588.39
56.3061,0.0,4.84,5.5,3.52,26.4,37.95,317.68,191.07,68.64,161.15,189.31,81.07,74.91,17.71,35.86,22.0,586.96,650.65
56.3161,0.0,4.84,2.75,2.31,26.4,27.5,202.29,178.97,69.96,161.15,194.26,82.5,76.45,22.44,46.86,23.43,445.06,677.05
56.3261,0.0,4.84,4.07,2.31,23.65,24.86,108.57,161.04,69.96,164.45,194.26,84.04,79.64,26.07,56.54,23.43,329.34,698.39
56.3361,0.0,4.84,4.07,0.0,19.47,23.54,57.86,123.97,71.28,169.4,197.45,89.98,78.1,30.8,63.91,24.86,233.75,725.78
56.3461,0.0,4.84,2.75,0.0,15.29,20.9,41.91,84.7,71.28,174.46,200.75,94.49,82.72,33.22,69.85,26.4,170.39,753.17
56.3561,0.0,4.84,2.75,0.0,12.54,15.73,31.79,59.4,74.03,181.17,202.4,99.0,81.18,37.95,72.82,27.83,127.05,776.38
56.3661,0.0,3.19,2.75,0.0,9.68,13.09,23.1,33.11,77.99,193.05,207.24,101.97,82.72,41.47,75.79,24.86,84.92,805.09
56.3761,0.0,3.19,2.75,0.0,5.5,6.49,15.84,16.5,79.31,198.11,205.59,109.34,84.26,43.89,83.27,27.83,50.27,831.6
56.3861,0.0,3.19,2.75,0.0,4.18,3.85,11.55,6.82,77.99,203.17,203.94,115.5,85.8,49.83,86.24,29.26,32.34,851.73
56.3961,0.0,3.19,2.75,0.0,2.75,5.17,8.69,0.0,75.35,206.47,200.75,120.23,88.88,52.14,93.72,29.26,22.55,866.8
56.4061,0.0,3.19,0.0,0.0,0.0,5.17,7.15,4.07,74.03,204.82,195.8,129.69,91.96,57.2,98.23,32.23,19.58,883.96
56.4161,0.0,3.19,2.75,0.0,2.75,2.53,7.15,2.75,71.28,204.82,192.61,134.42,96.69,61.71,104.17,32.23,21.12,897.93
56.4261,0.0,3.19,2.75,0.0,2.75,2.53,7.15,2.75,67.32,203.17,187.66,136.07,98.23,64.79,113.19,33.66,21.12,904.09
56.436,0.0,3.19,0.0,0.0,0.0,3.85,7.15,2.75,63.25,194.7,181.17,142.34,102.85,69.3,119.35,36.63,16.94,909.59
56.446,0.0,0.0,0.0,0.0,2.75,2.53,5.72,0.0,57.97,189.64,173.03,142.34,104.39,72.27,122.43,36.63,11.0,898.7
56.456,0.0,3.19,0.0,0.0,0.0,0.0,5.72,0.0,53.02,182.93,163.57,147.07,105.93,73.81,128.59,39.6,8.91,894.52
56.466,0.0,0.0,2.75,0.0,0.0,2.53,2.86,0.0,48.07,174.46,151.25,148.72,110.55,76.78,131.56,38.06,8.14,879.45
56.476,0.0,0.0,2.75,0.0,0.0,2.53,2.86,0.0,43.12,166.1,135.96,150.26,115.28,81.4,133.1,39.6,8.14,864.82
56.486,0.0,3.19,0.0,0.0,0.0,2.53,2.86,0.0,39.38,152.9,123.75,154.99,116.82,82.83,137.72,38.06,8.58,846.45
56.496,0.0,0.0,2.75,0.0,0.0,2.53,2.86,0.0,36.96,144.65,108.35,156.53,118.47,85.91,142.34,41.03,8.14,834.24
56.506,0.0,3.19,0.0,0.0,0.0,0.0,2.86,0.0,33.22,133.21,97.46,159.72,120.12,87.34,148.39,42.46,6.05,821.92
56.516,0.0,0.0,0.0,0.0,0.0,2.53,2.86,0.0,30.8,123.31,83.49,159.72,123.31,88.88,154.55,41.03,5.39,805.09
56.526,0.0,0.0,0.0,0.0,0.0,0.0,2.86,0.0,29.59,111.76,74.25,161.26,126.61,90.42,156.09,42.46,2.86,792.44
56.536,0.0,0.0,2.75,0.0,0.0,0.0,0.0,0.0,25.85,99.44,63.36,164.45,131.45,91.96,163.79,42.46,2.75,782.76
56.546,0.0,3.19,0.0,0.0,0.0,2.53,0.0,0.0,25.85,90.2,54.34,162.91,133.1,94.93,171.71,45.43,5.72,778.47
56.556,0.0,0.0,0.0,0.0,0.0,0.0,0.0,0.0,23.43,76.34,47.19,164.45,137.94,97.9,178.2,44.0,0.0,769.45
56.566,0.0,0.0,0.0,0.0,0.0,0.0,0.0,0.0,22.11,68.64,40.04,164.45,141.13,99.44,184.69,45.43,0.0,765.93
56.576,0.0,0.0,0.0,0.0,0.0,0.0,0.0,0.0,20.9,56.1,32.89,166.1,144.43,102.52,191.18,42.46,0.0,756.58
56.586,0.0,0.0,2.75,0.0,0.0,0.0,0.0,0.0,19.69,51.15,28.6,161.26,147.62,105.49,196.02,46.86,2.75,756.69
56.596,0.0,0.0,2.75,0.0,0.0,0.0,0.0,0.0,18.48,39.6,22.88,162.91,149.27,105.49,207.46,48.4,2.75,754.49
56.606,0.0,0.0,0.0,0.0,0.0,0.0,0.0,0.0,18.48,34.65,18.59,158.18,154.11,108.46,217.14,48.4,0.0,758.01
56.616,0.0,3.19,0.0,0.0,0.0,0.0,0.0,0.0,17.16,23.1,11.44,159.72,158.95,108.46,226.93,49.83,3.19,755.59
56.626,0.0,0.0,0.0,0.0,0.0,0.0,0.0,0.0,14.74,19.8,10.01,156.53,162.25,110.0,237.16,48.4,0.0,758.89
56.636,0.0,3.19,0.0,0.0,0.0,0.0,0.0,0.0,12.32,14.85,7.15,150.26,163.9,114.73,245.74,54.23,3.19,763.18
56.646,0.0,0.0,2.75,0.0,0.0,0.0,0.0,0.0,8.58,13.2,7.15,148.72,165.44,114.73,257.84,55.77,2.75,771.43
56.656,0.0,0.0,0.0,0.0,0.0,0.0,0.0,0.0,7.37,13.2,5.72,140.8,167.09,116.49,268.18,58.74,0.0,777.59
56.666,0.0,0.0,2.75,0.0,0.0,0.0,0.0,0.0,4.84,8.25,5.72,136.07,167.09,116.49,283.58,58.74,2.75,780.78
56.676,0.0,0.0,2.75,0.0,0.0,0.0,0.0,0.0,3.63,8.25,5.72,128.15,170.39,118.25,297.22,67.98,2.75,799.59
56.686,0.0,3.19,0.0,0.0,0.0,0.0,0.0,0.0,3.63,8.25,4.29,118.69,173.91,120.01,309.1,71.06,3.19,808.94
56.696,0.0,3.19,0.0,0.0,0.0,0.0,0.0,0.0,3.63,8.25,0.0,109.34,173.91,121.77,322.74,78.65,3.19,818.29
56.706,0.0,0.0,0.0,0.0,0.0,0.0,0.0,0.0,2.42,3.3,0.0,103.4,175.78,121.77,339.79,83.27,0.0,829.73
56.716,0.0,0.0,0.0,0.0,0.0,0.0,0.0,0.0,2.42,4.95,4.29,94.49,173.91,121.77,353.43,92.51,0.0,847.77
56.726,0.0,0.0,0.0,0.0,0.0,0.0,0.0,0.0,0.0,4.95,2.86,84.04,177.54,123.42,367.07,100.1,0.0,859.98
56.736,3.41,0.0,0.0,0.0,0.0,0.0,0.0,0.0,2.42,4.95,2.86,70.62,175.78,121.77,385.77,106.26,3.41,870.43
56.746,6.82,0.0,0.0,0.0,0.0,0.0,0.0,0.0,0.0,3.3,2.86,61.71,173.91,120.01,398.09,112.42,6.82,872.3
56.756,11.99,0.0,0.0,0.0,0.0,0.0,0.0,0.0,0.0,0.0,2.86,50.93,172.15,118.25,412.39,117.15,11.99,873.73
56.766,30.91,0.0,0.0,2.31,2.75,0.0,0.0,0.0,0.0,3.3,2.86,36.63,168.74,114.73,421.3,121.99,35.97,869.55
56.776,49.94,0.0,0.0,3.52,2.75,0.0,0.0,0.0,0.0,3.3,2.86,28.6,163.9,107.03,432.08,126.72,56.21,864.49
56.786,70.51,0.0,0.0,4.73,4.18,2.53,0.0,0.0,0.0,0.0,0.0,20.68,155.76,100.98,435.6,129.91,81.95,842.93
56.796,91.19,0.0,0.0,4.73,5.5,3.85,0.0,0.0,0.0,0.0,2.86,12.65,145.97,96.47,437.36,131.56,105.27,826.87
56.806,115.39,12.87,46.86,4.73,4.18,3.85,2.86,2.75,0.0,0.0,0.0,9.46,136.29,87.34,432.08,131.56,193.49,796.73
56.816,120.67,76.34,115.39,7.04,5.5,5.17,2.86,0.0,0.0,0.0,0.0,9.46,120.12,72.27,421.3,128.37,332.97,751.52
56.826,113.63,120.78,156.42,36.63,8.36,6.49,4.29,4.07,0.0,0.0,0.0,12.65,101.31,61.71,399.85,123.53,450.67,699.05
56.836,108.46,139.26,189.64,54.34,18.04,7.81,7.15,9.57,0.0,0.0,2.86,12.65,79.64,49.83,368.72,120.34,534.27,634.04
56.846,105.05,137.5,211.64,57.97,32.01,24.86,30.36,17.93,0.0,0.0,0.0,14.3,57.97,41.47,310.75,123.53,617.32,548.02
56.856,106.7,139.26,227.92,59.4,36.19,36.74,53.57,20.68,0.0,0.0,2.86,14.3,51.26,34.32,197.67,126.72,680.46,427.13
56.866,110.22,144.21,238.59,63.69,40.37,47.19,74.25,22.0,0.0,3.3,0.0,11.11,38.06,27.28,104.17,123.53,740.52,307.45
56.876,115.39,147.62,251.02,60.83,44.55,53.79,93.61,24.75,0.0,0.0,2.86,9.46,33.11,21.34,52.36,95.48,791.56,214.61
56.886,122.43,154.33,263.56,63.69,45.98,57.86,105.6,24.75,0.0,3.3,0.0,6.27,26.4,17.71,31.68,63.36,838.2,148.72
56.896,127.6,155.98,270.6,62.26,47.3,59.29,111.54,27.5,0.0,0.0,0.0,6.27,19.8,12.98,22.0,46.86,862.07,107.91
56.906,131.12,159.39,277.75,62.26,48.73,60.72,114.62,27.5,0.0,0.0,0.0,4.73,13.2,7.04,19.25,35.2,882.09,79.42
56.916,138.16,162.69,281.38,60.83,51.48,62.15,119.46,28.93,0.0,0.0,0.0,3.08,9.9,7.04,12.32,22.0,905.08,54.34
56.926,139.92,166.1,281.38,62.26,52.91,62.15,122.65,28.93,0.0,0.0,0.0,0.0,4.95,5.83,12.32,7.26,916.3,30.36
56.936,143.33,167.75,283.25,62.26,51.48,63.58,124.3,28.93,0.0,3.3,0.0,0.0,6.6,5.83,8.25,7.26,924.88,31.24
56.946,141.57,166.1,281.38,62.26,52.91,63.58,125.84,31.68,0.0,0.0,0.0,3.08,3.3,4.73,9.57,7.26,925.32,27.94
56.956,139.92,166.1,279.51,63.69,54.34,66.33,127.49,30.36,0.0,0.0,0.0,4.73,3.3,4.73,8.25,5.83,927.74,26.84
56.966,136.4,164.34,270.6,65.12,54.34,67.76,130.68,30.36,0.0,0.0,0.0,3.08,4.95,2.31,9.57,7.26,919.6,27.17
56.976,129.36,162.69,265.32,67.98,52.91,69.19,130.68,31.68,0.0,0.0,0.0,0.0,3.3,2.31,5.5,4.4,909.81,15.51
56.986,122.43,157.63,254.65,69.41,52.91,70.62,132.33,31.68,0.0,0.0,0.0,3.08,3.3,0.0,8.25,5.83,891.66,20.46
56.996,115.39,154.33,243.98,70.84,54.34,70.62,132.33,31.68,0.0,0.0,0.0,0.0,3.3,2.31,5.5,2.86,873.51,13.97
57.006,105.05,149.27,233.31,76.56,54.34,73.48,133.98,31.68,0.0,0.0,0.0,0.0,3.3,3.52,6.82,5.83,857.67,19.47
57.016,96.36,140.91,217.14,80.85,55.77,74.8,135.52,34.43,0.0,0.0,0.0,3.08,0.0,2.31,5.5,0.0,835.78,10.89
57.026,86.02,135.85,202.51,85.14,57.2,79.09,137.17,33.11,0.0,0.0,0.0,0.0,0.0,3.52,4.07,2.86,816.09,10.45
57.036,75.68,129.14,187.88,88.0,57.2,83.38,140.36,35.86,0.0,0.0,0.0,0.0,0.0,2.31,5.5,5.83,797.5,13.64
57.046,68.86,117.37,175.01,92.29,60.17,84.7,143.55,38.61,0.0,0.0,0.0,0.0,0.0,2.31,5.5,5.83,780.56,13.64
57.056,61.93,112.42,164.67,95.15,61.6,87.56,148.39,39.93,0.0,0.0,0.0,0.0,0.0,0.0,5.5,5.83,771.65,11.33
57.066,56.76,102.52,158.07,99.44,63.03,90.42,158.07,44.11,0.0,0.0,0.0,0.0,0.0,0.0,4.07,2.86,772.42,6.93
57.076,55.11,92.73,148.28,102.3,66.0,91.85,167.75,48.29,0.0,0.0,0.0,3.08,0.0,2.31,4.07,4.4,772.31,13.86
57.086,51.59,86.13,140.03,102.3,71.94,97.46,174.24,51.04,0.0,0.0,0.0,0.0,0.0,0.0,4.07,4.4,774.73,8.47
57.096,48.18,77.99,130.24,105.16,76.34,100.32,184.8,55.11,0.0,0.0,0.0,0.0,0.0,2.31,4.07,4.4,778.14,10.78
57.106,44.77,69.74,123.64,109.45,77.77,101.75,197.12,60.94,0.0,0.0,0.0,0.0,0.0,0.0,4.07,2.86,785.18,6.93
57.116,43.01,61.6,113.85,110.88,82.17,104.5,207.57,66.88,0.0,0.0,0.0,0.0,0.0,0.0,2.75,4.4,790.46,7.15
57.126,41.25,55.11,104.5,112.42,86.57,107.36,221.65,69.85,0.0,0.0,0.0,0.0,0.0,0.0,2.75,4.4,798.71,7.15
57.136,36.08,46.97,95.15,115.5,93.94,111.65,233.53,77.33,0.0,0.0,0.0,0.0,0.0,0.0,0.0,4.4,810.15,4.4
57.146,34.43,38.83,82.72,118.58,98.34,116.16,245.52,86.24,0.0,0.0,0.0,0.0,0.0,0.0,4.07,5.83,820.82,9.9
57.156,30.91,30.69,70.18,120.12,102.85,120.78,262.46,95.15,0.0,0.0,0.0,0.0,0.0,0.0,0.0,2.86,833.14,2.86
57.166,27.5,24.31,55.22,120.12,108.68,120.78,276.1,104.17,0.0,0.0,0.0,0.0,0.0,0.0,2.75,4.4,836.88,7.15
57.176,25.74,17.82,40.04,120.12,111.87,123.86,292.82,114.73,0.0,0.0,0.0,0.0,0.0,0.0,0.0,4.4,847.0,4.4
57.186,24.09,12.87,27.61,117.04,113.63,126.94,306.02,122.43,0.0,0.0,0.0,0.0,0.0,0.0,0.0,4.4,850.63,4.4
57.196,22.33,11.33,17.93,110.88,118.69,126.94,319.33,130.13,0.0,0.0,0.0,0.0,0.0,0.0,0.0,4.4,857.56,4.4
57.206,17.16,9.68,15.18,103.73,120.45,130.02,334.4,136.29,0.0,0.0,0.0,0.0,0.0,2.31,0.0,0.0,866.91,2.31
57.216,15.4,8.03,12.43,98.01,120.45,130.02,345.29,147.18,0.0,0.0,0.0,0.0,0.0,0.0,2.75,4.4,876.81,7.15
57.226,10.23,8.03,9.57,89.43,120.45,131.45,363.44,153.34,0.0,0.0,0.0,0.0,0.0,0.0,2.75,4.4,885.94,7.15
57.236,3.41,6.38,6.82,80.85,118.69,131.45,379.72,165.66,0.0,0.0,0.0,0.0,0.0,0.0,0.0,2.86,892.98,2.86
57.246,0.0,6.38,6.82,72.27,118.69,132.99,392.37,175.56,0.0,0.0,0.0,0.0,0.0,0.0,0.0,4.4,905.08,4.4
57.256,0.0,4.84,5.5,60.83,115.28,131.45,406.89,187.66,2.42,0.0,0.0,0.0,0.0,0.0,0.0,2.86,912.45,5.28
57.266,0.0,4.84,6.82,53.13,108.68,134.53,423.17,199.76,2.42,0.0,0.0,0.0,0.0,0.0,0.0,2.86,930.93,5.28
57.276,0.0,4.84,5.5,44.88,105.71,134.53,435.93,208.45,2.42,0.0,0.0,0.0,0.0,0.0,0.0,2.86,939.84,5.28
57.286,0.0,3.19,5.5,35.42,98.34,132.99,453.97,218.79,3.63,0.0,0.0,0.0,0.0,0.0,0.0,0.0,948.2,3.63
57.296,0.0,3.19,5.5,27.17,89.54,130.02,462.99,230.89,4.84,0.0,0.0,0.0,0.0,0.0,0.0,2.86,949.3,7.7
57.306,0.0,4.84,5.5,20.02,80.74,123.86,475.64,237.71,7.37,0.0,0.0,0.0,0.0,2.31,0.0,0.0,948.31,9.68
57.316,0.0,3.19,5.5,11.77,70.4,119.24,484.66,241.23,12.32,0.0,0.0,0.0,0.0,0.0,0.0,2.86,935.99,15.18
57.326,0.0,4.84,5.5,7.04,57.2,111.65,490.05,239.47,23.43,0.0,0.0,0.0,0.0,0.0,0.0,0.0,915.75,23.43
57.336,0.0,3.19,4.07,7.04,43.12,100.32,488.29,239.47,36.96,0.0,0.0,3.08,3.3,2.31,0.0,2.86,885.5,48.51
57.346,0.0,3.19,4.07,4.73,32.01,87.56,477.4,232.65,54.23,4.95,0.0,4.73,4.95,3.52,2.75,2.86,841.61,77.99
57.356,0.0,3.19,4.07,5.83,29.26,73.48,452.21,224.07,69.96,124.96,48.62,3.08,8.25,3.52,2.75,0.0,792.11,261.14
57.366,0.0,3.19,4.07,3.52,30.58,57.86,406.89,210.21,59.29,189.64,139.04,49.39,26.4,10.67,6.82,8.8,716.32,490.05
57.376,0.0,3.19,4.07,2.31,29.26,43.23,316.03,198.0,59.29,225.17,207.24,91.52,49.61,12.98,12.32,14.63,596.09,672.76
57.386,0.0,4.84,2.75,3.52,27.83,32.78,190.08,191.07,68.64,235.73,254.98,103.4,68.75,17.71,26.18,20.46,452.87,795.85
57.396,0.0,4.84,4.07,2.31,23.65,24.86,95.15,173.8,74.03,232.21,276.43,101.97,78.1,22.44,39.93,22.0,328.68,847.11
57.406,0.0,3.19,2.75,0.0,19.47,23.54,52.14,127.05,71.28,232.21,276.43,103.4,82.72,29.59,52.36,26.4,228.14,874.39
57.416,0.0,0.0,2.75,0.0,15.29,17.05,37.62,80.3,69.96,237.49,273.13,110.88,82.72,33.22,60.94,26.4,153.01,894.74
57.426,0.0,3.19,2.75,0.0,11.11,13.09,28.93,55.11,67.32,239.25,263.23,117.15,82.72,36.74,66.88,27.83,114.18,901.12
57.436,0.0,3.19,2.75,0.0,8.36,9.13,18.81,27.5,66.0,246.29,256.63,123.42,82.72,40.26,68.31,29.26,69.74,912.89
57.446,0.0,0.0,0.0,0.0,5.5,6.49,14.41,15.18,64.57,253.44,245.08,132.88,84.26,43.89,68.31,29.26,41.58,921.69
57.456,0.0,0.0,2.75,0.0,2.75,2.53,10.12,4.07,63.25,258.72,236.83,139.15,81.18,46.2,69.85,30.8,22.22,925.98
57.466,0.0,3.19,2.75,0.0,2.75,5.17,7.15,2.75,57.97,258.72,226.93,147.07,84.26,47.41,71.39,30.8,23.76,924.55
57.476,0.0,0.0,2.75,0.0,2.75,2.53,8.69,2.75,54.23,258.72,213.73,153.45,85.8,50.93,75.79,32.23,19.47,924.88
57.486,0.0,0.0,0.0,0.0,0.0,3.85,7.15,2.75,49.28,249.81,199.1,156.53,87.34,53.35,78.76,32.23,13.75,906.4
57.496,0.0,0.0,2.75,0.0,2.75,2.53,7.15,2.75,44.33,241.01,187.66,161.26,90.42,57.2,81.84,32.23,17.93,895.95
57.506,0.0,3.19,0.0,0.0,2.75,2.53,5.72,2.75,39.38,230.45,179.52,164.45,93.5,60.28,86.24,33.66,16.94,887.48
57.516,0.0,3.19,2.75,0.0,0.0,2.53,5.72,0.0,36.96,221.65,173.03,167.75,93.5,61.71,92.29,33.66,14.19,880.55
57.526,0.0,0.0,0.0,0.0,0.0,2.53,5.72,0.0,34.43,213.29,160.49,171.27,99.77,61.71,99.66,35.2,8.25,875.82
57.536,0.0,0.0,0.0,0.0,0.0,2.53,4.29,0.0,32.01,201.41,151.25,172.92,99.77,67.76,104.17,36.63,6.82,865.92
57.546,0.0,0.0,0.0,0.0,0.0,2.53,5.72,0.0,29.59,187.99,137.5,179.85,102.85,70.84,107.14,35.2,8.25,850.96
57.556,0.0,0.0,2.75,0.0,0.0,2.53,4.29,0.0,27.06,176.11,122.21,183.37,105.93,73.81,110.22,38.06,9.57,836.77
57.566,0.0,0.0,2.75,0.0,0.0,2.53,4.29,0.0,25.85,164.45,108.35,186.78,105.93,76.78,113.19,38.06,9.57,819.39
57.576,0.0,0.0,2.75,0.0,0.0,0.0,2.86,0.0,23.43,147.95,92.84,191.95,110.55,78.32,117.81,38.06,5.61,800.91
57.586,0.0,0.0,0.0,0.0,0.0,0.0,0.0,0.0,20.9,136.51,81.95,195.47,110.55,81.4,120.89,39.6,0.0,787.27
57.596,0.0,0.0,2.75,0.0,0.0,0.0,0.0,0.0,19.69,124.96,69.52,198.88,110.55,82.83,122.43,39.6,2.75,768.46
57.606,0.0,3.19,2.75,0.0,0.0,0.0,2.86,0.0,18.48,113.41,58.74,200.64,115.28,84.37,123.97,41.03,8.8,755.92
57.616,0.0,0.0,2.75,0.0,0.0,0.0,0.0,0.0,17.16,104.06,51.48,204.05,116.82,87.34,130.02,41.03,2.75,751.96
57.626,0.0,0.0,0.0,0.0,0.0,0.0,2.86,0.0,15.95,90.2,41.47,210.98,120.12,91.96,133.1,41.03,2.86,744.81
57.636,0.0,0.0,2.75,0.0,0.0,0.0,0.0,0.0,14.74,80.96,35.75,212.74,123.31,90.42,139.26,42.46,2.75,739.64
57.646,0.0,0.0,0.0,0.0,0.0,0.0,0.0,0.0,14.74,71.72,30.03,214.39,123.31,96.47,145.42,42.46,0.0,738.54
57.656,0.0,0.0,0.0,0.0,0.0,0.0,0.0,0.0,13.53,60.94,24.31,212.74,128.15,99.44,151.47,44.0,0.0,734.58
57.666,0.0,0.0,0.0,0.0,0.0,0.0,0.0,0.0,13.53,54.45,17.16,212.74,131.45,99.44,162.25,45.43,0.0,736.45
57.676,0.0,0.0,0.0,0.0,0.0,0.0,0.0,0.0,12.32,42.9,15.73,210.98,131.45,103.95,170.17,45.43,0.0,732.93
57.686,0.0,0.0,0.0,0.0,0.0,0.0,0.0,0.0,11.0,34.65,12.87,210.98,133.1,107.03,178.2,45.43,0.0,733.26
57.696,0.0,0.0,0.0,0.0,0.0,0.0,0.0,0.0,9.79,24.75,8.58,205.81,137.94,110.0,184.69,46.86,0.0,728.42
57.706,0.0,0.0,2.75,0.0,0.0,0.0,0.0,0.0,8.58,18.15,10.01,197.12,137.94,113.08,200.97,46.86,2.75,732.71
57.716,0.0,0.0,0.0,0.0,0.0,0.0,0.0,0.0,8.58,16.5,8.58,190.19,141.13,114.73,210.65,48.4,0.0,738.76
57.726,0.0,0.0,0.0,0.0,0.0,0.0,0.0,0.0,6.16,14.85,7.15,179.85,142.78,114.73,228.58,52.8,0.0,746.9
57.736,0.0,0.0,2.75,0.0,0.0,0.0,0.0,0.0,4.84,9.9,5.72,167.75,144.43,120.01,242.33,58.74,2.75,753.72
57.746,0.0,0.0,2.75,0.0,0.0,0.0,0.0,0.0,3.63,8.25,5.72,156.53,147.62,121.77,257.84,63.36,2.75,764.72
57.756,0.0,0.0,0.0,0.0,0.0,0.0,0.0,0.0,3.63,9.9,4.29,143.99,149.27,125.18,280.17,74.14,0.0,790.57
57.766,0.0,0.0,0.0,0.0,0.0,0.0,0.0,0.0,2.42,6.6,2.86,137.61,155.76,126.94,298.87,81.73,0.0,812.79
57.776,0.0,0.0,0.0,0.0,0.0,0.0,0.0,0.0,2.42,6.6,4.29,126.61,155.76,132.22,315.92,93.94,0.0,837.76
57.786,0.0,0.0,0.0,0.0,0.0,0.0,0.0,0.0,0.0,3.3,2.86,115.5,160.6,130.46,332.97,101.64,0.0,847.33
57.796,0.0,0.0,0.0,0.0,0.0,0.0,0.0,0.0,0.0,3.3,2.86,103.4,162.25,133.87,351.67,112.42,0.0,869.77
57.806,0.0,0.0,0.0,0.0,0.0,0.0,0.0,0.0,0.0,4.95,2.86,89.98,162.25,130.46,365.31,117.15,0.0,872.96
57.816,5.06,0.0,0.0,0.0,0.0,0.0,0.0,0.0,0.0,4.95,0.0,78.1,162.25,130.46,377.3,125.18,5.06,878.24
57.826,11.99,0.0,0.0,0.0,0.0,0.0,0.0,0.0,0.0,3.3,2.86,67.65,157.41,132.22,385.77,126.72,11.99,875.93
57.836,27.5,0.0,0.0,2.31,0.0,0.0,0.0,0.0,0.0,4.95,2.86,54.12,154.11,132.22,398.09,131.56,29.81,877.91
57.846,48.18,0.0,0.0,2.31,4.18,2.53,0.0,0.0,0.0,3.3,2.86,44.55,149.27,128.7,399.85,134.75,57.2,863.28
57.856,72.27,0.0,0.0,3.52,4.18,2.53,0.0,0.0,0.0,3.3,2.86,33.44,142.78,120.01,405.24,136.29,82.5,843.92
57.8659,96.36,0.0,0.0,4.73,4.18,2.53,0.0,0.0,0.0,3.3,0.0,23.87,133.1,116.49,399.85,134.75,107.8,811.36
57.8759,125.84,22.66,71.83,5.83,4.18,5.17,2.86,0.0,0.0,0.0,0.0,14.3,120.12,107.03,390.94,134.75,238.37,767.14
57.8859,129.36,96.03,143.33,7.04,6.93,3.85,2.86,0.0,0.0,0.0,0.0,12.65,104.39,90.42,377.3,129.91,389.4,714.67
57.8959,120.67,139.26,187.88,38.94,8.36,6.49,5.72,4.07,0.0,3.3,0.0,11.11,79.64,73.81,350.02,125.18,511.39,643.06
57.9059,117.15,152.68,218.9,57.97,16.72,11.77,8.69,11.0,0.0,0.0,2.86,14.3,56.21,57.2,300.63,123.53,594.88,554.73
57.9159,113.63,147.62,242.11,62.26,32.01,27.5,28.93,17.93,0.0,3.3,0.0,14.3,49.61,44.99,205.81,131.56,671.99,449.57
57.9259,115.39,149.27,258.17,66.55,36.19,39.27,53.57,22.0,0.0,0.0,0.0,14.3,39.71,29.59,113.19,136.29,740.41,333.08
57.9359,118.91,152.68,270.6,67.98,40.37,49.83,74.25,23.43,0.0,0.0,0.0,11.11,33.11,24.86,55.11,110.88,798.05,235.07
57.9459,124.19,155.98,285.12,66.55,45.98,56.43,89.21,26.18,0.0,3.3,2.86,9.46,26.4,18.92,34.43,75.57,849.64,170.94
57.9559,127.6,159.39,288.86,66.55,45.98,57.86,102.63,28.93,0.0,0.0,0.0,9.46,19.8,14.19,27.5,54.23,877.8,125.18
57.9659,131.12,159.39,294.47,65.12,50.16,60.72,108.57,28.93,0.0,0.0,0.0,6.27,14.85,11.77,22.0,44.0,898.48,98.89
57.9759,134.64,164.34,296.34,66.55,48.73,63.58,110.0,28.93,0.0,0.0,0.0,4.73,11.55,8.25,13.75,24.86,913.11,63.14
57.9859,136.4,167.75,294.47,66.55,51.48,63.58,113.08,30.36,0.0,0.0,0.0,4.73,8.25,5.83,11.0,13.2,923.67,43.01
57.9959,138.16,169.51,296.34,67.98,51.48,64.9,114.62,28.93,0.0,0.0,0.0,3.08,6.6,2.31,8.25,5.83,931.92,26.07
58.0059,136.4,171.27,290.73,69.41,52.91,64.9,117.81,30.36,0.0,0.0,0.0,3.08,6.6,3.52,6.82,5.83,933.79,25.85
58.0159,134.64,171.27,288.86,72.27,52.91,67.76,119.46,30.36,0.0,0.0,0.0,4.73,4.95,3.52,8.25,5.83,937.53,27.28
58.0259,131.12,169.51,279.51,72.27,52.91,66.33,117.81,30.36,0.0,0.0,0.0,3.08,3.3,3.52,6.82,5.83,919.82,22.55
58.0359,125.84,166.1,270.6,75.13,52.91,67.76,121.11,31.68,0.0,0.0,0.0,3.08,3.3,3.52,5.5,5.83,911.13,21.23
58.0459,118.91,161.04,259.93,76.56,54.34,70.62,121.11,28.93,0.0,0.0,0.0,3.08,3.3,0.0,5.5,5.83,891.44,17.71
58.0559,108.46,157.63,249.26,77.99,52.91,70.62,121.11,31.68,0.0,0.0,0.0,3.08,0.0,3.52,5.5,4.4,869.66,16.5
58.0659,99.88,149.27,236.83,83.71,54.34,73.48,122.65,30.36,0.0,0.0,0.0,0.0,0.0,2.31,5.5,4.4,850.52,12.21
58.0759,89.54,144.21,220.77,86.57,55.77,77.66,125.84,31.68,0.0,0.0,0.0,3.08,0.0,2.31,4.07,4.4,832.04,13.86
58.0859,79.2,135.85,204.27,92.29,55.77,79.09,129.14,33.11,0.0,0.0,0.0,0.0,0.0,2.31,4.07,0.0,808.72,6.38
58.0959,70.51,129.14,189.64,96.58,57.2,83.38,132.33,33.11,0.0,0.0,0.0,0.0,0.0,0.0,4.07,4.4,791.89,8.47
58.1059,65.34,120.78,173.25,99.44,58.63,84.7,137.17,31.68,0.0,0.0,0.0,0.0,0.0,0.0,4.07,2.86,770.99,6.93
58.1159,60.17,110.77,164.67,102.3,58.63,87.56,142.01,35.86,0.0,0.0,0.0,3.08,0.0,2.31,4.07,0.0,761.97,9.46
58.1259,56.76,102.52,158.07,103.73,63.03,87.56,146.85,37.18,0.0,0.0,0.0,0.0,0.0,0.0,4.07,2.86,755.7,6.93
58.1359,53.35,96.03,151.47,106.59,64.57,93.17,154.88,39.93,0.0,0.0,0.0,0.0,0.0,0.0,4.07,4.4,759.99,8.47
58.1459,51.59,91.08,143.33,106.59,68.97,93.17,159.72,41.36,0.0,0.0,0.0,0.0,0.0,0.0,0.0,2.86,755.81,2.86
58.1559,49.94,82.94,140.03,109.45,71.94,96.03,170.94,45.54,0.0,0.0,0.0,0.0,0.0,0.0,0.0,2.86,766.81,2.86
58.1659,48.18,77.99,135.08,108.02,74.8,97.46,179.52,49.61,0.0,0.0,0.0,0.0,0.0,2.31,0.0,2.86,770.66,5.17
58.1759,46.42,69.74,130.24,110.88,77.77,101.75,191.84,53.79,0.0,0.0,0.0,0.0,0.0,0.0,2.75,2.86,782.43,5.61
58.1859,43.01,64.9,120.34,113.96,83.71,104.5,204.05,59.4,0.0,0.0,0.0,0.0,0.0,0.0,0.0,4.4,793.87,4.4
58.1959,41.25,56.65,112.2,113.96,86.57,107.36,214.61,65.34,0.0,0.0,0.0,0.0,0.0,0.0,0.0,2.86,797.94,2.86
58.2059,39.6,50.16,104.5,120.12,91.08,110.22,230.12,71.28,0.0,0.0,0.0,0.0,0.0,0.0,2.75,2.86,817.08,5.61
58.2159,36.08,42.13,93.61,121.66,96.91,111.65,240.35,77.33,0.0,0.0,0.0,0.0,0.0,0.0,0.0,2.86,819.72,2.86
58.2259,32.67,35.64,82.72,124.74,101.31,116.16,257.4,86.24,0.0,0.0,0.0,0.0,0.0,0.0,0.0,2.86,836.88,2.86
58.2359,30.91,29.15,67.1,124.74,107.25,119.24,271.04,93.72,0.0,0.0,0.0,0.0,0.0,0.0,0.0,2.86,843.15,2.86
58.2459,27.5,21.01,51.04,126.28,111.87,122.32,284.46,102.63,0.0,0.0,0.0,0.0,0.0,0.0,0.0,2.86,847.11,2.86
58.2559,25.74,17.82,38.61,123.2,115.28,123.86,299.42,110.11,0.0,0.0,0.0,0.0,0.0,0.0,0.0,2.86,854.04,2.86
58.2659,24.09,12.87,24.86,121.66,117.04,125.4,312.73,119.35,0.0,0.0,0.0,0.0,0.0,0.0,0.0,0.0,858.0,0.0
58.2759,22.33,11.33,17.93,113.96,122.1,128.48,326.04,128.59,0.0,0.0,0.0,0.0,0.0,0.0,0.0,2.86,870.76,2.86
58.2859,18.92,9.68,12.43,106.59,122.1,130.02,341.66,137.83,0.0,0.0,0.0,0.0,0.0,0.0,0.0,0.0,879.23,0.0
58.2959,13.75,8.03,12.43,99.44,123.86,130.02,354.31,145.64,0.0,0.0,0.0,0.0,0.0,0.0,0.0,0.0,887.48,0.0
58.3059,8.58,6.38,11.0,90.86,122.1,130.02,370.7,156.42,0.0,0.0,0.0,0.0,0.0,0.0,0.0,2.86,896.06,2.86
58.3159,3.41,6.38,9.57,79.42,123.86,130.02,386.98,164.12,0.0,0.0,0.0,0.0,0.0,0.0,0.0,2.86,903.76,2.86
58.3259,0.0,4.84,6.82,69.41,118.69,131.45,403.26,177.21,0.0,0.0,0.0,0.0,0.0,0.0,0.0,2.86,911.68,2.86
58.3359,0.0,4.84,5.5,59.4,115.28,131.45,417.78,185.9,0.0,0.0,0.0,0.0,0.0,0.0,0.0,2.86,920.15,2.86
58.3459,0.0,4.84,5.5,50.82,110.22,132.99,430.43,198.0,0.0,0.0,0.0,0.0,0.0,0.0,0.0,2.86,932.8,2.86
58.3559,0.0,3.19,6.82,42.57,104.28,131.45,443.19,206.69,2.42,0.0,0.0,0.0,0.0,0.0,0.0,0.0,938.19,2.42
58.3659,0.0,3.19,5.5,35.42,95.48,130.02,453.97,213.62,3.63,0.0,0.0,0.0,0.0,2.31,0.0,0.0,937.2,5.94
58.3759,0.0,3.19,5.5,28.38,86.57,126.94,462.99,220.55,7.37,0.0,0.0,0.0,0.0,0.0,0.0,0.0,934.12,7.37
58.3859,0.0,0.0,4.07,21.23,77.77,122.32,472.01,227.48,12.32,0.0,0.0,3.08,0.0,0.0,0.0,0.0,924.88,15.4
58.3959,0.0,3.19,5.5,14.19,64.57,117.7,479.27,229.13,24.64,0.0,0.0,4.73,0.0,0.0,0.0,0.0,913.55,29.37
58.4059,0.0,4.84,4.07,8.25,51.48,110.22,482.9,227.48,35.75,0.0,0.0,4.73,4.95,0.0,0.0,0.0,889.24,45.43
58.4159,0.0,4.84,4.07,7.04,38.94,100.32,479.27,227.48,54.23,4.95,0.0,4.73,4.95,0.0,2.75,0.0,861.96,71.61
58.4259,0.0,4.84,4.07,4.73,29.26,86.13,464.75,220.55,75.35,118.36,24.31,3.08,8.25,4.73,0.0,2.86,814.33,236.94
58.4359,0.0,0.0,4.07,5.83,30.58,70.62,434.06,208.45,72.6,191.29,109.89,34.98,13.2,8.25,5.5,4.4,753.61,440.11
58.4459,0.0,4.84,5.5,4.73,29.26,55.11,370.7,196.35,72.6,228.69,166.65,81.07,33.11,10.67,9.57,11.66,666.49,614.02
58.4559,0.0,3.19,5.5,2.31,27.83,40.59,264.22,187.66,77.99,235.73,210.54,94.49,54.56,15.4,13.75,17.6,531.3,720.06
58.4659,0.0,4.84,4.07,3.52,23.65,27.5,151.58,185.9,79.31,232.21,228.58,99.0,64.13,16.61,24.75,20.46,401.06,765.05
58.4759,0.0,3.19,4.07,2.31,20.9,26.18,75.79,161.04,77.99,230.45,235.18,103.4,68.75,21.34,39.93,23.43,293.48,800.47
58.4859,0.0,3.19,2.75,0.0,16.72,22.22,47.74,110.11,77.99,232.21,236.83,106.37,71.83,26.07,49.61,23.43,202.73,824.34
58.4959,0.0,3.19,2.75,0.0,13.86,17.05,36.19,77.33,77.99,239.25,236.83,109.34,76.45,29.59,60.94,27.83,150.37,858.22
58.5059,0.0,3.19,2.75,0.0,9.68,13.09,26.07,55.11,80.74,244.53,233.53,112.42,78.1,32.01,65.34,27.83,109.89,874.5
58.5159,0.0,3.19,2.75,0.0,6.93,7.81,18.81,28.93,82.06,251.68,235.18,115.5,79.64,32.01,69.85,27.83,68.42,893.75
58.5259,0.0,3.19,2.75,0.0,4.18,5.17,12.98,16.5,83.38,256.96,231.88,118.69,81.18,36.74,71.39,26.4,44.77,906.62
58.5359,0.0,3.19,2.75,0.0,2.75,3.85,11.55,2.75,82.06,256.96,223.63,123.42,84.26,37.95,78.76,29.26,26.84,916.3
58.5459,0.0,0.0,0.0,0.0,2.75,2.53,10.12,2.75,79.31,258.72,217.03,129.69,84.26,40.26,81.84,29.26,18.15,920.37
58.5559,0.0,0.0,0.0,0.0,2.75,2.53,7.15,2.75,74.03,255.2,207.24,132.88,87.34,43.89,89.21,30.8,15.18,920.59
58.5659,0.0,0.0,0.0,0.0,0.0,2.53,7.15,2.75,67.32,249.81,197.45,139.15,90.42,46.2,95.26,32.23,12.43,917.84
58.5759,0.0,0.0,2.75,0.0,0.0,2.53,7.15,2.75,60.61,242.77,186.01,142.34,95.04,49.83,98.23,30.8,15.18,905.63
58.5859,0.0,3.19,0.0,0.0,2.75,2.53,5.72,0.0,54.23,230.45,176.33,143.99,95.04,53.35,105.71,33.66,14.19,892.76
58.5959,0.0,0.0,0.0,0.0,2.75,0.0,5.72,0.0,49.28,220.0,166.65,147.07,99.77,54.56,111.65,33.66,8.47,882.64
58.6059,0.0,0.0,0.0,0.0,0.0,0.0,4.29,0.0,43.12,204.82,151.25,148.72,104.39,57.2,117.81,35.2,4.29,862.51
58.6159,0.0,3.19,2.75,0.0,0.0,2.53,2.86,0.0,38.17,193.05,143.66,151.8,104.39,60.28,123.97,36.63,11.33,851.95
58.6259,0.0,0.0,2.75,0.0,0.0,0.0,0.0,0.0,35.75,179.52,132.88,151.8,107.47,64.79,133.1,38.06,2.75,843.37
58.6359,0.0,0.0,0.0,0.0,0.0,2.53,4.29,0.0,33.22,167.75,122.21,148.72,112.09,67.76,139.26,35.2,6.82,826.21
58.6459,0.0,0.0,0.0,0.0,0.0,0.0,2.86,0.0,30.8,151.25,111.43,148.72,113.63,72.27,146.96,36.63,2.86,811.69
58.6559,0.0,0.0,2.75,0.0,0.0,2.53,0.0,0.0,28.27,141.35,103.73,147.07,116.82,73.81,156.09,39.6,5.28,806.74
58.6659,0.0,0.0,0.0,0.0,0.0,0.0,2.86,0.0,27.06,128.26,94.38,140.8,118.47,78.32,166.87,41.03,2.86,795.19
58.6759,0.0,3.19,0.0,0.0,0.0,0.0,2.86,0.0,25.85,113.41,86.68,140.8,123.31,79.86,178.2,42.46,6.05,790.57
58.6859,0.0,3.19,0.0,0.0,0.0,0.0,0.0,0.0,24.64,99.44,78.87,137.61,124.96,82.83,192.83,44.0,3.19,785.18
58.6959,0.0,0.0,0.0,0.0,0.0,0.0,0.0,0.0,23.43,88.66,71.06,131.34,129.8,88.88,205.81,44.0,0.0,782.98
58.7059,0.0,0.0,2.75,0.0,0.0,0.0,0.0,0.0,20.9,74.8,64.9,126.61,133.1,91.96,221.98,49.83,2.75,784.08
58.7159,0.0,0.0,0.0,0.0,0.0,0.0,0.0,0.0,19.69,60.94,58.74,121.88,139.59,93.39,237.16,52.8,0.0,784.19
58.7259,0.0,0.0,0.0,0.0,0.0,0.0,0.0,0.0,19.69,49.5,51.48,117.15,145.97,94.93,250.91,57.2,0.0,786.83
58.7359,0.0,0.0,0.0,0.0,0.0,0.0,0.0,0.0,18.48,39.6,45.76,113.96,150.92,96.47,264.66,63.36,0.0,793.21
58.7459,0.0,0.0,2.75,0.0,0.0,0.0,0.0,0.0,17.16,33.0,38.61,110.88,158.95,97.9,278.52,66.44,2.75,801.46
58.7559,0.0,0.0,0.0,0.0,0.0,0.0,0.0,0.0,15.95,24.75,31.46,109.34,165.44,102.52,288.64,69.52,0.0,807.62
58.7659,0.0,3.19,0.0,0.0,0.0,0.0,0.0,0.0,14.74,19.8,22.88,106.37,172.15,99.44,304.04,74.14,3.19,813.56
58.7759,0.0,0.0,2.75,0.0,0.0,0.0,0.0,0.0,12.32,14.85,12.87,101.97,173.91,103.95,312.51,78.65,2.75,811.03
58.7859,0.0,0.0,0.0,0.0,0.0,0.0,0.0,0.0,11.0,13.2,10.01,97.46,177.54,102.52,324.39,80.19,0.0,816.31
58.7959,0.0,0.0,0.0,0.0,0.0,0.0,0.0,0.0,7.37,9.9,8.58,94.49,175.78,103.95,332.97,86.35,0.0,819.39
58.8059,0.0,0.0,0.0,0.0,0.0,0.0,0.0,0.0,6.16,11.55,8.58,89.98,177.54,105.49,344.85,90.97,0.0,835.12
58.8159,0.0,0.0,2.75,0.0,0.0,0.0,0.0,0.0,3.63,8.25,7.15,84.04,177.54,105.49,356.84,98.56,2.75,841.5
58.8259,0.0,0.0,2.75,0.0,0.0,0.0,0.0,0.0,3.63,6.6,4.29,78.1,179.3,107.03,365.31,101.64,2.75,845.9
58.8359,0.0,0.0,0.0,0.0,0.0,0.0,0.0,0.0,2.42,4.95,4.29,70.62,177.54,107.03,380.71,109.34,0.0,856.9
58.8459,0.0,0.0,0.0,0.0,0.0,0.0,0.0,0.0,2.42,4.95,4.29,61.71,177.54,108.46,390.94,117.15,0.0,867.46
58.8559,0.0,0.0,0.0,0.0,0.0,0.0,0.0,0.0,0.0,4.95,4.29,55.77,173.91,107.03,408.76,120.34,0.0,875.05
58.8659,0.0,0.0,0.0,0.0,0.0,0.0,0.0,0.0,0.0,0.0,0.0,46.2,173.91,107.03,421.3,131.56,0.0,880.0
58.8759,3.41,0.0,0.0,0.0,0.0,0.0,0.0,0.0,0.0,0.0,4.29,36.63,167.09,103.95,437.36,137.94,3.41,887.26
58.8859,5.06,0.0,0.0,0.0,0.0,0.0,0.0,0.0,0.0,0.0,2.86,28.6,165.44,97.9,451.88,145.97,5.06,892.65
58.8959,10.23,0.0,0.0,0.0,0.0,0.0,0.0,0.0,0.0,3.3,2.86,20.68,157.41,97.9,459.14,149.16,10.23,890.45
58.9059,24.09,0.0,0.0,2.31,0.0,0.0,0.0,0.0,0.0,0.0,2.86,12.65,154.11,91.96,470.03,152.35,26.4,883.96
58.9159,48.18,0.0,0.0,3.52,0.0,0.0,0.0,0.0,0.0,0.0,2.86,6.27,144.43,84.37,475.42,152.35,51.7,865.7
58.9259,74.03,0.0,0.0,2.31,2.75,0.0,0.0,0.0,0.0,0.0,2.86,7.92,131.45,76.78,477.29,152.35,79.09,848.65
58.9359,99.88,0.0,0.0,4.73,4.18,2.53,0.0,0.0,0.0,3.3,0.0,7.92,118.47,67.76,473.66,144.32,111.32,815.43
58.9459,138.16,9.68,41.36,5.83,5.5,2.53,0.0,2.75,0.0,3.3,0.0,6.27,104.39,57.2,455.51,141.13,205.81,767.8
58.9559,152.13,89.43,123.64,7.04,5.5,3.85,2.86,2.75,0.0,0.0,0.0,7.92,85.8,48.62,433.84,131.56,387.2,707.74
58.9659,141.57,152.68,182.38,21.23,6.93,5.17,2.86,4.07,0.0,3.3,0.0,11.11,64.13,42.68,392.7,123.53,516.89,637.45
58.9759,132.88,176.55,224.4,50.82,11.11,9.13,7.15,8.25,0.0,0.0,2.86,14.3,52.91,35.53,322.74,123.53,620.29,551.87
58.9859,129.36,178.31,247.5,63.69,27.83,14.41,12.98,12.32,0.0,3.3,2.86,12.65,47.96,28.38,199.32,118.8,686.4,413.27
58.9959,125.84,176.55,258.17,69.41,34.76,26.18,36.19,19.25,0.0,0.0,0.0,12.65,38.06,27.28,107.14,107.8,746.35,292.93
59.0059,124.19,176.55,267.08,73.7,40.37,37.95,55.0,20.68,0.0,3.3,0.0,7.92,31.46,22.44,53.79,84.81,795.52,203.72
59.0159,125.84,178.31,275.99,76.56,44.55,47.19,75.79,22.0,0.0,0.0,0.0,9.46,26.4,16.61,34.43,57.2,846.23,144.1
59.0259,125.84,181.83,281.38,77.99,48.73,51.15,89.21,24.75,0.0,0.0,0.0,6.27,18.15,12.98,26.18,41.03,880.88,104.61
59.0359,129.36,183.59,285.12,77.99,50.16,56.43,98.12,26.18,0.0,3.3,0.0,3.08,14.85,9.46,20.68,30.8,906.95,82.17
59.0459,129.36,185.35,285.12,77.99,51.48,57.86,102.63,26.18,0.0,0.0,0.0,0.0,9.9,5.83,16.5,19.03,915.97,51.26
59.0559,131.12,187.11,285.12,79.42,52.91,59.29,108.57,27.5,0.0,0.0,0.0,4.73,6.6,4.73,11.0,8.8,931.04,35.86
59.0659,129.36,187.11,281.38,80.85,54.34,62.15,114.62,27.5,0.0,0.0,0.0,3.08,4.95,4.73,8.25,5.83,937.31,26.84
59.0759,129.36,185.35,281.38,82.28,55.77,64.9,117.81,28.93,0.0,0.0,0.0,3.08,4.95,3.52,9.57,5.83,945.78,26.95
59.0859,125.84,185.35,277.75,85.14,55.77,67.76,122.65,28.93,0.0,0.0,0.0,0.0,0.0,3.52,9.57,5.83,949.19,18.92
59.0959,120.67,183.59,272.47,86.57,55.77,67.76,124.3,28.93,0.0,0.0,0.0,3.08,3.3,3.52,8.25,7.26,940.06,25.41
59.1059,115.39,178.31,263.56,89.43,58.63,70.62,124.3,28.93,0.0,0.0,0.0,0.0,4.95,2.31,6.82,5.83,929.17,19.91
59.1159,108.46,174.79,252.89,92.29,58.63,72.05,125.84,28.93,0.0,0.0,0.0,0.0,4.95,3.52,5.5,2.86,913.88,16.83
59.1259,99.88,169.51,243.98,93.72,57.2,72.05,125.84,30.36,0.0,0.0,0.0,3.08,3.3,2.31,6.82,5.83,892.54,21.34
59.1359,92.95,162.69,229.68,96.58,57.2,74.8,125.84,30.36,0.0,0.0,0.0,0.0,3.3,0.0,5.5,4.4,870.1,13.2
59.1459,86.02,157.63,218.9,99.44,55.77,74.8,125.84,30.36,0.0,0.0,0.0,0.0,3.3,0.0,5.5,4.4,848.76,13.2
59.1559,77.44,149.27,206.14,102.3,57.2,77.66,127.49,30.36,0.0,0.0,0.0,0.0,0.0,0.0,5.5,4.4,827.86,9.9
59.1659,72.27,142.56,195.14,103.73,57.2,79.09,129.14,31.68,0.0,0.0,0.0,0.0,3.3,3.52,2.75,2.86,810.81,12.43
59.1759,65.34,135.85,180.51,108.02,58.63,81.95,130.68,30.36,0.0,0.0,0.0,0.0,0.0,2.31,4.07,2.86,791.34,9.24
59.1859,60.17,129.14,171.38,112.42,58.63,83.38,133.98,31.68,0.0,0.0,0.0,3.08,3.3,0.0,4.07,4.4,780.78,14.85
59.1959,56.76,122.43,161.37,115.5,60.17,86.13,138.71,33.11,0.0,0.0,0.0,0.0,0.0,0.0,4.07,0.0,774.18,4.07
59.2059,53.35,114.07,154.77,118.58,61.6,88.99,142.01,34.43,0.0,0.0,0.0,0.0,0.0,0.0,2.75,4.4,767.8,7.15
59.2159,51.59,105.82,146.63,120.12,63.03,93.17,146.85,35.86,0.0,0.0,0.0,0.0,0.0,0.0,4.07,4.4,763.07,8.47
59.2259,48.18,100.87,141.68,123.2,67.54,93.17,153.23,37.18,0.0,0.0,0.0,0.0,0.0,0.0,0.0,2.86,765.05,2.86
59.2359,46.42,94.38,135.08,123.2,68.97,96.03,159.72,38.61,0.0,0.0,0.0,0.0,0.0,0.0,4.07,4.4,762.41,8.47
59.2459,46.42,86.13,131.89,121.66,73.37,98.89,167.75,44.11,0.0,0.0,0.0,0.0,0.0,0.0,2.75,2.86,770.22,5.61
59.2559,44.77,81.29,125.29,121.66,76.34,98.89,176.0,45.54,0.0,0.0,0.0,0.0,0.0,0.0,0.0,4.4,769.78,4.4
59.2659,43.01,74.69,121.99,124.74,77.77,101.75,188.32,51.04,0.0,0.0,0.0,0.0,0.0,0.0,0.0,0.0,783.31,0.0
59.2759,41.25,68.2,115.39,123.2,82.17,103.07,197.12,57.97,0.0,0.0,0.0,0.0,0.0,0.0,2.75,4.4,788.37,7.15
59.2858,39.6,63.25,112.2,124.74,86.57,107.36,209.33,62.37,0.0,0.0,0.0,0.0,0.0,0.0,2.75,0.0,805.42,2.75
59.2958,37.84,55.11,106.04,126.28,91.08,110.22,221.65,68.31,0.0,0.0,0.0,0.0,0.0,0.0,4.07,2.86,816.53,6.93
59.3058,36.08,48.62,99.77,127.82,93.94,113.08,231.88,77.33,0.0,0.0,0.0,0.0,0.0,0.0,2.75,4.4,828.52,7.15
59.3158,32.67,42.13,90.42,129.36,99.88,114.62,245.52,84.7,0.0,0.0,0.0,0.0,0.0,0.0,2.75,0.0,839.3,2.75
59.3258,30.91,35.64,77.99,132.55,105.71,117.7,259.05,92.18,0.0,0.0,0.0,0.0,0.0,0.0,2.75,4.4,851.73,7.15
59.3358,29.26,27.5,64.02,132.55,108.68,120.78,271.04,102.63,0.0,0.0,0.0,0.0,0.0,0.0,2.75,0.0,856.46,2.75
59.3458,25.74,22.66,49.72,132.55,113.63,123.86,284.46,110.11,0.0,0.0,0.0,0.0,0.0,2.31,0.0,2.86,862.73,5.17
59.3558,25.74,17.82,38.61,130.9,115.28,128.48,297.77,120.89,0.0,0.0,0.0,0.0,0.0,0.0,2.75,4.4,875.49,7.15
59.3658,22.33,12.87,23.43,129.36,120.45,130.02,312.73,130.13,0.0,0.0,0.0,0.0,0.0,0.0,0.0,0.0,881.32,0.0
59.3758,20.57,11.33,17.93,121.66,122.1,130.02,327.69,139.37,0.0,0.0,0.0,0.0,0.0,0.0,0.0,2.86,890.67,2.86
59.3858,17.16,9.68,13.75,112.42,123.86,132.99,345.29,150.26,0.0,0.0,0.0,0.0,0.0,0.0,0.0,2.86,905.41,2.86
59.3958,11.99,8.03,12.43,105.16,123.86,132.99,361.57,162.58,0.0,0.0,0.0,0.0,0.0,0.0,0.0,0.0,918.61,0.0
59.4058,5.06,6.38,9.57,95.15,123.86,134.53,379.72,170.39,0.0,0.0,0.0,0.0,0.0,0.0,2.75,2.86,924.66,5.61
59.4158,0.0,6.38,8.25,82.28,122.1,136.07,394.24,185.9,0.0,0.0,0.0,0.0,0.0,0.0,0.0,0.0,935.22,0.0
59.4258,0.0,4.84,6.82,72.27,118.69,136.07,408.76,194.59,0.0,0.0,0.0,0.0,0.0,0.0,0.0,0.0,942.04,0.0
59.4358,0.0,3.19,6.82,60.83,113.63,137.61,423.17,208.45,0.0,0.0,0.0,0.0,0.0,0.0,0.0,0.0,953.7,0.0
59.4458,0.0,4.84,5.5,53.13,107.25,137.61,439.56,218.79,2.42,0.0,0.0,0.0,0.0,0.0,0.0,0.0,966.68,2.42
59.4558,0.0,3.19,5.5,44.88,99.88,137.61,450.34,227.48,2.42,0.0,0.0,0.0,0.0,0.0,0.0,0.0,968.88,2.42
59.4658,0.0,4.84,5.5,34.21,91.08,134.53,462.99,234.3,3.63,0.0,0.0,0.0,0.0,0.0,0.0,0.0,967.45,3.63
59.4758,0.0,3.19,4.07,25.96,80.74,131.45,473.88,241.23,4.84,0.0,0.0,0.0,0.0,0.0,0.0,0.0,960.52,4.84
59.4858,0.0,3.19,5.5,16.5,68.97,125.4,479.27,242.88,8.58,0.0,0.0,3.08,0.0,0.0,0.0,0.0,941.71,11.66
59.4958,0.0,3.19,4.07,10.56,55.77,116.16,484.66,242.88,24.64,0.0,2.86,3.08,0.0,2.31,0.0,0.0,917.29,32.89
59.5058,0.0,3.19,5.5,7.04,41.8,105.93,479.27,241.23,46.86,4.95,0.0,3.08,0.0,3.52,2.75,2.86,883.96,64.02
59.5158,0.0,3.19,5.5,5.83,30.58,91.85,468.38,232.65,61.93,18.15,2.86,4.73,6.6,3.52,2.75,0.0,837.98,100.54
59.5258,0.0,3.19,4.07,4.73,30.58,76.23,437.69,222.31,82.06,131.56,18.59,6.27,8.25,4.73,2.75,0.0,778.8,254.21
59.5358,0.0,4.84,5.5,4.73,30.58,55.11,385.22,210.21,84.7,214.94,105.27,17.49,13.2,5.83,5.5,5.83,696.19,452.76
59.5458,0.0,4.84,4.07,3.52,29.26,41.91,284.46,199.76,79.31,253.44,169.73,76.56,24.75,10.67,9.57,10.23,567.82,634.26
59.5558,0.0,3.19,4.07,3.52,26.4,31.46,162.91,194.59,82.06,256.96,225.28,97.46,43.01,14.19,12.32,13.2,426.14,744.48
59.5658,0.0,4.84,4.07,2.31,20.9,26.18,84.7,175.56,88.77,260.48,251.68,104.94,59.51,14.19,15.18,16.06,318.56,810.81
59.5758,0.0,4.84,4.07,0.0,19.47,22.22,50.6,122.43,88.77,256.96,264.88,109.34,67.21,17.71,26.18,17.6,223.63,848.65
59.5858,0.0,3.19,4.07,0.0,15.29,18.26,39.05,83.27,87.34,255.2,264.88,112.42,71.83,21.34,33.11,22.0,163.13,868.12
59.5958,0.0,0.0,2.75,0.0,11.11,14.41,28.93,60.94,84.7,255.2,258.28,117.15,74.91,24.86,39.93,23.43,118.14,878.46
59.6058,0.0,3.19,0.0,0.0,8.36,9.13,23.1,31.68,83.38,260.48,251.68,120.23,73.37,26.07,44.11,24.86,75.46,884.18
59.6158,0.0,3.19,2.75,0.0,5.5,6.49,14.41,17.93,82.06,264.0,245.08,120.23,78.1,27.28,46.86,24.86,50.27,888.47
59.6258,0.0,0.0,2.75,0.0,2.75,2.53,10.12,5.5,80.74,267.52,235.18,126.61,78.1,30.8,46.86,26.4,23.65,892.21
59.6358,0.0,0.0,0.0,0.0,2.75,3.85,7.15,4.07,75.35,271.04,225.28,136.07,79.64,32.01,51.04,26.4,17.82,896.83
59.6458,0.0,0.0,2.75,0.0,0.0,2.53,7.15,2.75,69.96,269.28,208.89,143.99,82.72,36.74,56.54,27.83,15.18,895.95
59.6558,0.0,3.19,0.0,0.0,2.75,2.53,7.15,2.75,64.57,265.76,200.75,148.72,82.72,40.26,63.91,29.26,18.37,895.95
59.6658,0.0,3.19,0.0,0.0,0.0,3.85,5.72,2.75,56.65,255.2,187.66,158.18,88.88,43.89,71.39,30.8,15.51,892.65
59.6758,0.0,3.19,0.0,0.0,0.0,2.53,5.72,0.0,50.49,246.29,181.17,162.91,88.88,47.41,77.33,32.23,11.44,886.71
59.6858,0.0,0.0,0.0,0.0,0.0,0.0,5.72,0.0,45.54,235.73,171.38,166.1,93.5,49.83,83.27,32.23,5.72,877.58
59.6958,0.0,3.19,0.0,0.0,0.0,2.53,4.29,0.0,40.7,220.0,162.03,171.27,98.23,53.35,90.75,32.23,10.01,868.56
59.7058,0.0,3.19,0.0,0.0,0.0,0.0,2.86,0.0,36.96,208.23,154.33,169.51,99.77,55.77,98.23,35.2,6.05,858.0
59.7158,0.0,0.0,0.0,0.0,0.0,2.53,2.86,0.0,34.43,194.7,142.12,176.44,104.39,58.74,101.2,35.2,5.39,847.22
59.7258,0.0,3.19,0.0,0.0,0.0,0.0,4.29,0.0,32.01,184.58,131.45,178.09,105.93,61.71,105.71,36.63,7.48,836.11
59.7358,0.0,0.0,0.0,0.0,0.0,2.53,2.86,0.0,29.59,174.46,119.13,183.37,109.01,64.79,107.14,36.63,5.39,824.12
59.7458,0.0,0.0,0.0,0.0,0.0,0.0,2.86,0.0,28.27,164.45,108.35,188.54,109.01,66.22,111.65,38.06,2.86,814.55
59.7558,0.0,3.19,2.75,0.0,0.0,2.53,2.86,0.0,25.85,152.9,94.38,188.54,113.63,67.76,117.81,36.63,11.33,797.5
59.7658,0.0,0.0,0.0,0.0,0.0,0.0,0.0,0.0,24.64,139.7,83.49,193.71,118.47,70.84,122.43,38.06,0.0,791.34
59.7758,0.0,0.0,0.0,0.0,0.0,0.0,0.0,0.0,23.43,124.96,71.06,198.88,120.12,73.81,128.59,39.6,0.0,780.45
59.7858,0.0,0.0,2.75,0.0,0.0,0.0,0.0,0.0,20.9,111.76,61.82,200.64,120.12,79.86,134.64,41.03,2.75,770.77
59.7958,0.0,0.0,0.0,0.0,0.0,0.0,0.0,0.0,19.69,97.9,52.91,200.64,124.96,81.4,142.34,41.03,0.0,760.87
59.8058,0.0,0.0,0.0,0.0,0.0,0.0,0.0,0.0,17.16,84.04,44.33,202.29,129.8,87.34,146.96,39.6,0.0,751.52
59.8158,0.0,0.0,0.0,0.0,0.0,0.0,0.0,0.0,17.16,73.26,34.32,198.88,133.1,87.34,160.71,42.46,0.0,747.23
59.8258,0.0,0.0,2.75,0.0,0.0,0.0,0.0,0.0,15.95,62.48,28.6,195.47,134.64,90.42,171.71,42.46,2.75,741.73
59.8358,0.0,0.0,0.0,0.0,0.0,0.0,0.0,0.0,15.95,51.15,22.88,186.78,139.59,97.9,184.69,45.43,0.0,744.37
59.8458,0.0,0.0,0.0,0.0,0.0,0.0,0.0,0.0,15.95,39.6,18.59,181.61,141.13,100.98,200.97,44.0,0.0,742.83
59.8558,0.0,0.0,0.0,0.0,0.0,0.0,0.0,0.0,14.74,29.7,14.3,172.92,142.78,103.95,213.95,46.86,0.0,739.2
59.8658,0.0,0.0,0.0,0.0,0.0,0.0,0.0,0.0,14.74,21.45,12.87,167.75,147.62,108.46,226.93,48.4,0.0,748.22
59.8758,0.0,0.0,0.0,0.0,0.0,0.0,0.0,0.0,12.32,16.5,10.01,161.26,150.92,108.46,245.74,52.8,0.0,758.01
59.8858,0.0,0.0,0.0,0.0,0.0,0.0,0.0,0.0,9.79,14.85,8.58,150.26,154.11,111.54,261.25,55.77,0.0,766.15
59.8958,0.0,0.0,0.0,0.0,0.0,0.0,0.0,0.0,7.37,13.2,7.15,143.99,155.76,114.73,273.35,61.82,0.0,777.37
59.9058,0.0,0.0,0.0,0.0,0.0,0.0,0.0,0.0,4.84,9.9,5.72,134.42,154.11,114.73,292.05,71.06,0.0,786.83
59.9158,0.0,0.0,0.0,0.0,0.0,0.0,0.0,0.0,4.84,8.25,4.29,126.61,158.95,118.25,305.69,74.14,0.0,801.02
59.9258,0.0,3.19,0.0,0.0,0.0,0.0,0.0,0.0,3.63,6.6,2.86,118.69,160.6,120.01,322.74,84.81,3.19,819.94
59.9358,0.0,0.0,0.0,0.0,0.0,0.0,0.0,0.0,2.42,6.6,4.29,107.91,163.9,121.77,338.03,92.51,0.0,837.43
59.9458,0.0,0.0,0.0,0.0,0.0,0.0,0.0,0.0,0.0,4.95,2.86,100.43,165.44,123.42,356.84,100.1,0.0,854.04
59.9558,0.0,0.0,0.0,0.0,0.0,0.0,0.0,0.0,0.0,3.3,2.86,88.55,165.44,123.42,373.89,110.88,0.0,868.34
59.9658,0.0,0.0,0.0,2.31,0.0,0.0,0.0,0.0,0.0,4.95,4.29,76.56,165.44,123.42,390.94,118.8,2.31,884.4
59.9758,0.0,0.0,0.0,0.0,0.0,0.0,0.0,0.0,0.0,3.3,2.86,66.11,163.9,121.77,408.76,125.18,0.0,891.88
59.9858,0.0,0.0,0.0,0.0,0.0,0.0,0.0,0.0,0.0,4.95,2.86,55.77,160.6,120.01,421.3,133.1,0.0,898.59
59.9958,3.41,0.0,0.0,2.31,0.0,0.0,0.0,0.0,0.0,3.3,2.86,43.01,157.41,116.49,430.21,133.1,5.72,886.38
60.0058,6.82,0.0,0.0,2.31,0.0,0.0,0.0,0.0,0.0,3.3,0.0,34.98,152.46,113.08,439.23,137.94,9.13,880.99
60.0158,17.16,0.0,0.0,2.31,2.75,0.0,0.0,0.0,0.0,0.0,4.29,23.87,147.62,108.46,450.01,144.32,22.22,878.57
60.0258,44.77,0.0,0.0,2.31,2.75,2.53,0.0,0.0,0.0,0.0,0.0,17.49,136.29,102.52,450.01,145.97,52.36,852.28
60.0358,72.27,0.0,0.0,3.52,4.18,2.53,0.0,0.0,0.0,0.0,0.0,12.65,128.15,93.39,448.25,144.32,82.5,826.76
60.0458,98.12,0.0,0.0,5.83,5.5,2.53,2.86,2.75,0.0,0.0,0.0,11.11,113.63,84.37,439.23,141.13,117.59,789.47
60.0558,136.4,25.85,59.4,7.04,5.5,5.17,0.0,2.75,0.0,0.0,0.0,11.11,98.23,73.81,419.54,133.1,242.11,735.79
60.0658,141.57,110.77,138.38,9.46,5.5,6.49,4.29,2.75,0.0,0.0,0.0,11.11,78.1,58.74,390.94,131.56,419.21,670.45
60.0758,134.64,145.97,189.64,42.57,8.36,6.49,5.72,5.5,0.0,3.3,0.0,12.65,57.97,50.93,341.44,125.18,538.89,591.47
60.0858,131.12,152.68,224.4,57.97,22.22,14.41,11.55,12.32,0.0,3.3,0.0,11.11,51.26,42.68,245.74,134.75,626.67,488.84
60.0958,131.12,147.62,247.5,62.26,30.58,28.82,34.76,19.25,0.0,3.3,0.0,9.46,41.36,32.01,140.8,134.75,701.91,361.68
60.1058,131.12,147.62,258.17,63.69,36.19,41.91,62.37,22.0,0.0,0.0,0.0,7.92,33.11,26.07,72.82,115.61,763.07,255.53
60.1158,132.88,149.27,268.84,65.12,41.8,49.83,83.16,24.75,0.0,3.3,0.0,7.92,28.05,20.13,41.36,83.27,815.65,184.03
60.1258,136.4,152.68,279.51,65.12,45.98,56.43,101.09,27.5,0.0,0.0,0.0,7.92,23.1,15.4,30.36,55.77,864.71,132.55
60.1358,139.92,154.33,283.25,63.69,48.73,59.29,113.08,30.36,0.0,0.0,0.0,6.27,13.2,10.67,23.43,45.43,892.65,99.0
60.1458,143.33,154.33,286.99,65.12,50.16,62.15,119.46,31.68,0.0,0.0,0.0,4.73,13.2,7.04,17.93,30.8,913.22,73.7
60.1558,145.09,159.39,288.86,65.12,51.48,63.58,125.84,33.11,0.0,0.0,0.0,4.73,8.25,7.04,9.57,16.06,932.47,45.65
60.1658,146.85,162.69,290.73,66.55,52.91,64.9,130.68,34.43,0.0,0.0,0.0,3.08,6.6,5.83,8.25,7.26,949.74,31.02
60.1758,146.85,162.69,286.99,67.98,52.91,67.76,132.33,34.43,0.0,0.0,0.0,3.08,4.95,2.31,9.57,5.83,951.94,25.74
60.1858,145.09,162.69,281.38,69.41,54.34,69.19,137.17,37.18,0.0,0.0,0.0,0.0,4.95,3.52,8.25,5.83,956.45,22.55
60.1958,139.92,159.39,274.23,69.41,55.77,69.19,138.71,38.61,0.0,0.0,0.0,0.0,4.95,2.31,6.82,4.4,945.23,18.48
60.2058,132.88,154.33,270.6,70.84,57.2,72.05,142.01,37.18,0.0,0.0,0.0,0.0,3.3,3.52,5.5,4.4,937.09,16.72
60.2158,127.6,149.27,261.69,70.84,55.77,73.48,140.36,38.61,0.0,0.0,0.0,0.0,3.3,2.31,4.07,4.4,917.62,14.08
60.2258,118.91,144.21,249.26,75.13,57.2,73.48,142.01,39.93,0.0,0.0,0.0,0.0,3.3,2.31,5.5,4.4,900.13,15.51
60.2358,108.46,137.5,236.83,75.13,57.2,76.23,145.2,39.93,0.0,0.0,0.0,0.0,0.0,2.31,4.07,2.86,876.48,9.24
60.2458,99.88,129.14,224.4,77.99,57.2,77.66,146.85,41.36,0.0,0.0,0.0,0.0,3.3,0.0,5.5,2.86,854.48,11.66
60.2558,89.54,122.43,209.77,80.85,58.63,79.09,148.39,41.36,0.0,0.0,0.0,3.08,0.0,2.31,2.75,4.4,830.06,12.54
60.2658,80.85,114.07,195.14,82.28,58.63,83.38,151.58,44.11,0.0,0.0,0.0,0.0,0.0,2.31,4.07,4.4,810.04,10.78
60.2758,74.03,105.82,180.51,89.43,60.17,86.13,153.23,42.68,0.0,0.0,0.0,0.0,3.3,0.0,5.5,4.4,792.0,13.2
60.2858,67.1,99.22,169.62,92.29,61.6,87.56,154.88,45.54,0.0,0.0,0.0,3.08,0.0,2.31,4.07,4.4,777.81,13.86
60.2958,61.93,92.73,158.07,95.15,61.6,88.99,159.72,48.29,0.0,0.0,0.0,0.0,0.0,0.0,4.07,2.86,766.48,6.93
60.3058,56.76,86.13,146.63,99.44,66.0,93.17,162.91,49.61,0.0,0.0,0.0,3.08,0.0,0.0,0.0,4.4,760.65,7.48
60.3158,55.11,79.64,136.73,103.73,66.0,94.6,169.29,52.36,0.0,0.0,0.0,0.0,0.0,2.31,0.0,0.0,757.46,2.31
60.3258,51.59,73.04,126.94,106.59,70.4,97.46,176.0,53.79,0.0,0.0,0.0,0.0,0.0,0.0,2.75,2.86,755.81,5.61
60.3358,49.94,66.55,118.69,109.45,71.94,100.32,183.04,56.54,0.0,0.0,0.0,0.0,0.0,0.0,2.75,2.86,756.47,5.61
60.3458,46.42,59.95,112.2,112.42,76.34,101.75,191.84,62.37,0.0,0.0,0.0,0.0,0.0,0.0,2.75,2.86,763.29,5.61
60.3558,44.77,53.46,106.04,115.5,79.31,103.07,198.77,65.34,0.0,0.0,0.0,0.0,0.0,0.0,0.0,4.4,766.26,4.4
60.3658,43.01,48.62,98.23,115.5,82.17,107.36,207.57,69.85,0.0,0.0,0.0,0.0,0.0,0.0,2.75,2.86,772.31,5.61
60.3758,39.6,42.13,90.42,120.12,86.57,108.79,221.65,75.79,0.0,0.0,0.0,0.0,0.0,0.0,2.75,2.86,785.07,5.61
60.3858,37.84,33.99,82.72,121.66,91.08,111.65,231.88,81.73,0.0,0.0,0.0,0.0,0.0,0.0,2.75,2.86,792.55,5.61
60.3958,36.08,30.69,71.83,123.2,93.94,116.16,245.52,89.21,0.0,0.0,0.0,0.0,0.0,0.0,2.75,0.0,806.63,2.75
60.4058,34.43,24.31,62.48,123.2,96.91,117.7,255.64,96.69,0.0,0.0,0.0,0.0,0.0,0.0,2.75,2.86,811.36,5.61
60.4158,30.91,21.01,51.04,124.74,101.31,120.78,267.63,104.17,0.0,0.0,0.0,0.0,0.0,0.0,0.0,2.86,821.59,2.86
60.4258,29.26,16.17,40.04,124.74,105.71,123.86,279.51,111.65,0.0,0.0,0.0,0.0,0.0,0.0,0.0,0.0,830.94,0.0
60.4358,27.5,14.52,30.36,123.2,108.68,125.4,291.06,117.81,0.0,0.0,0.0,0.0,0.0,0.0,0.0,2.86,838.53,2.86
60.4458,25.74,9.68,20.68,123.2,113.63,126.94,302.72,125.51,0.0,0.0,0.0,0.0,0.0,0.0,0.0,0.0,848.1,0.0
60.4558,22.33,9.68,15.18,117.04,117.04,128.48,317.68,136.29,0.0,0.0,0.0,0.0,0.0,0.0,0.0,0.0,863.72,0.0
60.4658,17.16,8.03,12.43,110.88,118.69,128.48,329.34,144.1,0.0,0.0,0.0,0.0,0.0,0.0,0.0,0.0,869.11,0.0
60.4758,13.75,8.03,8.25,105.16,117.04,131.45,347.05,154.88,0.0,0.0,0.0,0.0,0.0,0.0,0.0,2.86,885.61,2.86
60.4858,11.99,6.38,9.57,98.01,117.04,131.45,361.57,164.12,0.0,0.0,0.0,0.0,0.0,0.0,0.0,0.0,900.13,0.0
60.4958,5.06,6.38,5.5,88.0,118.69,132.99,374.33,173.8,0.0,0.0,0.0,0.0,0.0,0.0,0.0,2.86,904.75,2.86
60.5058,0.0,4.84,6.82,79.42,117.04,134.53,392.37,182.49,0.0,0.0,0.0,0.0,0.0,0.0,0.0,0.0,917.51,0.0
60.5158,0.0,3.19,5.5,66.55,113.63,136.07,406.89,194.59,0.0,0.0,0.0,0.0,0.0,0.0,0.0,0.0,926.42,0.0
60.5258,0.0,4.84,4.07,57.97,107.25,134.53,421.41,204.93,0.0,0.0,0.0,0.0,0.0,0.0,0.0,2.86,935.0,2.86
60.5358,0.0,0.0,5.5,48.4,101.31,136.07,434.06,215.38,2.42,0.0,0.0,0.0,0.0,0.0,0.0,2.86,940.72,5.28
60.5458,0.0,3.19,5.5,40.15,93.94,136.07,444.95,224.07,3.63,0.0,0.0,0.0,0.0,0.0,0.0,0.0,947.87,3.63
60.5558,0.0,3.19,5.5,33.11,85.14,132.99,452.21,230.89,4.84,0.0,0.0,0.0,0.0,0.0,0.0,0.0,943.03,4.84
60.5658,0.0,3.19,4.07,25.96,77.77,128.48,459.36,234.3,9.79,0.0,0.0,0.0,0.0,0.0,0.0,0.0,933.13,9.79
60.5758,0.0,0.0,4.07,18.92,66.0,125.4,464.75,232.65,23.43,0.0,0.0,0.0,0.0,0.0,0.0,0.0,911.79,23.43
60.5858,0.0,3.19,4.07,10.56,52.91,117.7,466.62,234.3,39.38,0.0,0.0,0.0,4.95,3.52,0.0,0.0,889.35,47.85
60.5958,0.0,0.0,5.5,7.04,38.94,107.36,462.99,229.13,54.23,3.3,0.0,3.08,4.95,0.0,0.0,2.86,850.96,68.42
60.6058,0.0,3.19,2.75,4.73,29.26,93.17,450.34,222.31,77.99,16.5,0.0,6.27,4.95,4.73,0.0,2.86,805.75,113.3
60.6158,0.0,0.0,4.07,5.83,29.26,79.09,423.17,211.86,112.97,147.95,41.47,7.92,8.25,4.73,2.75,2.86,753.28,328.9
60.6258,0.0,3.19,4.07,3.52,29.26,56.43,374.33,199.76,103.51,228.69,122.21,27.06,16.5,4.73,6.82,4.4,670.56,513.92
60.6358,0.0,4.84,4.07,2.31,29.26,36.74,279.51,189.42,96.8,264.0,181.17,82.5,21.45,12.98,9.57,10.23,546.15,678.7
60.6458,0.0,3.19,4.07,2.31,26.4,30.14,159.72,184.14,95.48,262.24,225.28,101.97,39.71,14.19,12.32,13.2,409.97,764.39
60.6558,0.0,3.19,2.75,2.31,22.22,26.18,81.73,164.12,96.8,260.48,241.78,110.88,51.26,15.4,15.18,16.06,302.5,807.84
60.6658,0.0,3.19,4.07,2.31,16.72,20.9,47.74,117.81,92.73,251.68,241.78,117.15,61.05,17.71,20.68,19.03,212.74,821.81
60.6758,0.0,3.19,2.75,0.0,13.86,17.05,37.62,78.76,88.77,251.68,240.13,121.88,65.67,20.13,30.36,22.0,153.23,840.62
60.6858,0.0,0.0,0.0,0.0,9.68,11.77,26.07,53.79,87.34,253.44,236.83,126.61,67.21,26.07,37.18,23.43,101.31,858.11
60.6958,0.0,0.0,2.75,0.0,6.93,10.45,17.38,28.93,87.34,258.72,236.83,129.69,67.21,29.59,41.36,22.0,66.44,872.74
60.7058,0.0,0.0,0.0,0.0,4.18,5.17,12.98,15.18,88.77,262.24,233.53,132.88,71.83,32.01,44.11,24.86,37.51,890.23
60.7157,0.0,3.19,0.0,0.0,4.18,3.85,10.12,4.07,90.09,265.76,233.53,132.88,71.83,33.22,49.61,26.4,25.41,903.32
60.7257,0.0,0.0,0.0,0.0,0.0,2.53,10.12,2.75,88.77,267.52,228.58,139.15,74.91,33.22,53.79,26.4,15.4,912.34
60.7357,0.0,0.0,0.0,0.0,2.75,3.85,7.15,2.75,84.7,265.76,218.68,145.53,74.91,37.95,57.97,27.83,16.5,913.33
60.7457,0.0,0.0,0.0,0.0,0.0,0.0,7.15,2.75,77.99,262.24,210.54,151.8,78.1,41.47,65.34,29.26,9.9,916.74
60.7557,0.0,0.0,2.75,0.0,0.0,3.85,7.15,2.75,69.96,251.68,197.45,159.72,82.72,44.99,72.82,29.26,16.5,908.6
60.7657,0.0,0.0,0.0,0.0,0.0,0.0,5.72,0.0,64.57,244.53,189.31,164.45,85.8,47.41,77.33,30.8,5.72,904.2
60.7757,0.0,0.0,0.0,0.0,0.0,0.0,5.72,0.0,56.65,233.97,176.33,169.51,88.88,52.14,84.81,30.8,5.72,893.09
60.7857,0.0,0.0,0.0,0.0,0.0,0.0,4.29,0.0,50.49,218.35,163.57,172.92,93.5,54.56,90.75,32.23,4.29,876.37
60.7957,0.0,0.0,0.0,0.0,0.0,0.0,4.29,0.0,44.33,208.23,152.79,174.68,96.69,54.56,96.69,33.66,4.29,861.63
60.8057,0.0,0.0,0.0,0.0,0.0,2.53,4.29,0.0,39.38,193.05,139.04,179.85,98.23,58.74,99.66,33.66,6.82,841.61
60.8157,0.0,3.19,0.0,0.0,0.0,2.53,2.86,0.0,35.75,181.17,123.75,183.37,101.31,63.25,105.71,36.63,8.58,830.94
60.8257,0.0,0.0,0.0,0.0,0.0,2.53,2.86,0.0,33.22,166.1,111.43,185.02,104.39,66.22,111.65,36.63,5.39,814.66
60.8357,0.0,0.0,0.0,0.0,0.0,2.53,2.86,0.0,29.59,152.9,99.0,186.78,104.39,67.76,117.81,36.63,5.39,794.86
60.8457,0.0,0.0,0.0,0.0,0.0,0.0,2.86,0.0,27.06,139.7,88.22,185.02,109.01,73.81,122.43,35.2,2.86,780.45
60.8557,0.0,0.0,2.75,0.0,0.0,0.0,0.0,0.0,24.64,123.31,75.79,185.02,113.63,75.35,134.64,38.06,2.75,770.44
60.8657,0.0,0.0,2.75,0.0,0.0,0.0,2.86,0.0,23.43,110.22,71.06,185.02,116.82,81.4,143.88,41.03,5.61,772.86
60.8757,0.0,0.0,0.0,0.0,0.0,0.0,0.0,0.0,22.11,100.98,63.36,179.85,120.12,85.91,153.01,41.03,0.0,766.37
60.8857,0.0,0.0,0.0,0.0,0.0,0.0,0.0,0.0,19.69,85.58,55.77,178.09,121.66,88.88,166.87,44.0,0.0,760.54
60.8957,0.0,0.0,0.0,0.0,0.0,0.0,0.0,0.0,18.48,74.8,48.62,171.27,126.61,91.96,181.5,45.43,0.0,758.67
60.9057,0.0,0.0,0.0,0.0,0.0,0.0,0.0,0.0,18.48,64.02,42.9,166.1,128.15,96.47,196.02,46.86,0.0,759.0
60.9157,0.0,0.0,0.0,0.0,0.0,0.0,0.0,0.0,17.16,52.8,37.18,159.72,133.1,97.9,210.65,49.83,0.0,758.34
60.9257,0.0,0.0,2.75,0.0,0.0,0.0,0.0,0.0,15.95,41.25,31.46,153.45,137.94,99.44,221.98,52.8,2.75,754.27
60.9357,0.0,0.0,0.0,0.0,0.0,0.0,0.0,0.0,15.95,36.3,25.74,148.72,142.78,102.52,237.16,55.77,0.0,764.94
60.9457,0.0,0.0,0.0,0.0,0.0,0.0,0.0,0.0,14.74,26.4,18.59,145.53,147.62,103.95,250.91,61.82,0.0,769.56
60.9557,0.0,0.0,0.0,0.0,0.0,0.0,0.0,0.0,14.74,19.8,12.87,139.15,154.11,105.49,263.01,64.9,0.0,774.07
60.9657,0.0,0.0,0.0,0.0,0.0,0.0,0.0,0.0,12.32,16.5,10.01,136.07,157.41,103.95,278.52,71.06,0.0,785.84
60.9757,0.0,0.0,0.0,0.0,0.0,0.0,0.0,0.0,9.79,13.2,8.58,126.61,160.6,108.46,286.99,77.11,0.0,791.34
60.9857,0.0,0.0,0.0,0.0,0.0,0.0,0.0,0.0,7.37,11.55,8.58,123.42,158.95,108.46,302.28,81.73,0.0,802.34
60.9957,0.0,0.0,0.0,0.0,0.0,0.0,0.0,0.0,6.16,8.25,5.72,113.96,160.6,108.46,312.51,87.89,0.0,803.55
61.0057,0.0,0.0,0.0,0.0,0.0,0.0,0.0,0.0,4.84,6.6,4.29,106.37,158.95,110.0,327.8,93.94,0.0,812.79
61.0157,0.0,0.0,2.75,0.0,0.0,0.0,0.0,0.0,4.84,8.25,4.29,99.0,158.95,110.0,341.44,101.64,2.75,828.41
61.0257,0.0,0.0,2.75,0.0,0.0,0.0,0.0,0.0,2.42,4.95,4.29,89.98,160.6,111.54,355.08,107.8,2.75,836.66
61.0357,0.0,0.0,0.0,0.0,0.0,0.0,0.0,0.0,2.42,4.95,2.86,79.53,163.9,111.54,370.48,115.61,0.0,851.29
61.0457,0.0,0.0,0.0,0.0,0.0,0.0,0.0,0.0,0.0,4.95,2.86,73.59,158.95,111.54,382.36,121.99,0.0,856.24
61.0557,0.0,0.0,0.0,0.0,0.0,0.0,0.0,0.0,0.0,3.3,4.29,63.14,158.95,110.0,394.46,125.18,0.0,859.32
61.0657,0.0,0.0,0.0,0.0,0.0,0.0,0.0,0.0,0.0,0.0,2.86,57.2,157.41,111.54,407.0,131.56,0.0,867.57
61.0757,3.41,0.0,0.0,0.0,0.0,0.0,0.0,0.0,0.0,0.0,2.86,46.2,155.76,110.0,417.78,136.29,3.41,868.89
61.0857,5.06,0.0,0.0,0.0,0.0,0.0,0.0,0.0,0.0,3.3,0.0,39.82,152.46,108.46,426.69,141.13,5.06,871.86
61.0957,11.99,0.0,0.0,2.31,0.0,0.0,0.0,0.0,0.0,0.0,0.0,30.25,147.62,105.49,439.23,142.78,14.3,865.37
61.1057,29.26,0.0,0.0,0.0,0.0,0.0,0.0,0.0,0.0,0.0,2.86,20.68,139.59,102.52,446.38,142.78,29.26,854.81
61.1157,53.35,0.0,0.0,0.0,2.75,0.0,0.0,0.0,0.0,3.3,0.0,15.84,133.1,97.9,448.25,145.97,56.1,844.36
61.1257,77.44,0.0,0.0,2.31,4.18,2.53,0.0,0.0,0.0,3.3,0.0,11.11,123.31,90.42,444.62,142.78,86.46,815.54
61.1357,105.05,0.0,0.0,4.73,5.5,0.0,0.0,0.0,0.0,0.0,2.86,9.46,110.55,81.4,432.08,136.29,115.28,772.64
61.1457,132.88,59.95,90.42,5.83,5.5,3.85,2.86,2.75,0.0,3.3,0.0,11.11,93.5,69.3,417.78,131.56,304.04,726.55
61.1557,125.84,130.79,149.93,10.56,6.93,6.49,4.29,2.75,0.0,3.3,0.0,9.46,76.45,57.2,387.53,125.18,437.58,659.12
61.1657,117.15,162.69,197.01,49.61,12.54,7.81,4.29,5.5,0.0,0.0,2.86,12.65,57.97,46.2,348.26,118.8,556.6,586.74
61.1757,113.63,167.75,227.92,62.26,29.26,20.9,18.81,13.75,0.0,0.0,0.0,12.65,49.61,40.26,259.6,121.99,654.28,484.11
61.1857,113.63,166.1,245.74,65.12,36.19,35.42,44.88,19.25,0.0,0.0,0.0,11.11,43.01,29.59,145.42,125.18,726.33,354.31
61.1957,113.63,166.1,259.93,69.41,41.8,47.19,71.28,22.0,0.0,0.0,0.0,11.11,33.11,24.86,77.33,112.42,791.34,258.83
61.2057,115.39,169.51,268.84,69.41,47.3,55.11,92.18,26.18,0.0,3.3,0.0,7.92,28.05,18.92,39.93,81.73,843.92,179.85
61.2157,118.91,171.27,275.99,69.41,50.16,60.72,108.57,28.93,0.0,3.3,0.0,7.92,23.1,15.4,28.93,54.23,883.96,132.88
61.2257,122.43,173.03,279.51,70.84,52.91,63.58,117.81,30.36,0.0,0.0,0.0,7.92,14.85,10.67,23.43,46.86,910.47,103.73
61.2357,125.84,178.31,285.12,72.27,54.34,66.33,122.65,30.36,0.0,3.3,0.0,4.73,13.2,9.46,19.25,30.8,935.22,80.74
61.2457,127.6,181.83,285.12,72.27,55.77,67.76,130.68,34.43,0.0,3.3,0.0,3.08,8.25,7.04,15.18,20.46,955.46,57.31
61.2557,129.36,183.59,286.99,73.7,55.77,69.19,133.98,34.43,0.0,0.0,0.0,4.73,8.25,4.73,11.0,7.26,967.01,35.97
61.2657,127.6,183.59,286.99,73.7,60.17,70.62,140.36,37.18,0.0,0.0,0.0,3.08,4.95,3.52,9.57,5.83,980.21,26.95
61.2757,127.6,183.59,283.25,73.7,58.63,73.48,142.01,38.61,0.0,0.0,0.0,3.08,4.95,3.52,8.25,4.4,980.87,24.2
61.2857,124.19,180.07,275.99,76.56,61.6,74.8,145.2,41.36,0.0,0.0,0.0,3.08,3.3,3.52,8.25,5.83,979.77,23.98
61.2957,118.91,176.55,272.47,79.42,61.6,74.8,146.85,39.93,0.0,0.0,0.0,0.0,3.3,2.31,6.82,4.4,970.53,16.83
61.3057,111.87,173.03,263.56,79.42,61.6,74.8,145.2,39.93,0.0,0.0,0.0,0.0,0.0,3.52,4.07,2.86,949.41,10.45
61.3157,105.05,166.1,252.89,83.71,61.6,77.66,145.2,41.36,0.0,0.0,0.0,3.08,0.0,0.0,5.5,4.4,933.57,12.98
61.3257,96.36,159.39,236.83,85.14,60.17,77.66,145.2,41.36,0.0,0.0,0.0,0.0,0.0,0.0,4.07,4.4,902.11,8.47
61.3357,87.78,154.33,224.4,89.43,58.63,80.52,145.2,41.36,0.0,0.0,0.0,0.0,0.0,0.0,5.5,4.4,881.65,9.9
61.3457,77.44,145.97,206.14,93.72,60.17,83.38,143.55,41.36,0.0,0.0,0.0,0.0,0.0,2.31,4.07,2.86,851.73,9.24
61.3557,70.51,139.26,193.38,96.58,60.17,83.38,143.55,41.36,0.0,0.0,0.0,0.0,3.3,0.0,4.07,0.0,828.19,7.37
61.3657,63.69,132.55,180.51,99.44,60.17,84.7,145.2,41.36,0.0,0.0,0.0,0.0,0.0,0.0,5.5,2.86,807.62,8.36
61.3757,58.52,125.84,166.32,103.73,61.6,87.56,145.2,42.68,0.0,0.0,0.0,0.0,0.0,0.0,4.07,0.0,791.45,4.07
61.3857,55.11,119.13,158.07,106.59,63.03,88.99,146.85,42.68,0.0,0.0,0.0,0.0,0.0,0.0,0.0,4.4,780.45,4.4
61.3957,51.59,112.42,149.93,108.02,64.57,91.85,150.04,44.11,0.0,0.0,0.0,0.0,0.0,0.0,4.07,0.0,772.53,4.07
61.4057,49.94,105.82,141.68,113.96,66.0,94.6,153.23,45.54,0.0,0.0,0.0,0.0,0.0,0.0,2.75,2.86,770.77,5.61
61.4157,46.42,99.22,135.08,117.04,66.0,97.46,154.88,46.86,0.0,0.0,0.0,0.0,0.0,0.0,0.0,0.0,762.96,0.0
61.4257,44.77,94.38,128.59,121.66,68.97,98.89,162.91,51.04,0.0,0.0,0.0,0.0,0.0,0.0,2.75,0.0,771.21,2.75
61.4357,43.01,87.78,121.99,123.2,73.37,101.75,169.29,53.79,0.0,0.0,0.0,0.0,0.0,0.0,2.75,0.0,774.18,2.75
61.4457,41.25,82.94,118.69,127.82,74.8,103.07,174.24,56.54,0.0,0.0,0.0,0.0,0.0,0.0,0.0,2.86,779.35,2.86
61.4557,41.25,79.64,113.85,130.9,79.31,104.5,181.28,60.94,0.0,0.0,0.0,0.0,0.0,0.0,2.75,2.86,791.67,5.61
61.4657,39.6,74.69,110.66,134.09,82.17,107.36,190.08,63.91,0.0,0.0,0.0,0.0,0.0,0.0,0.0,2.86,802.56,2.86
61.4757,37.84,69.74,104.5,138.71,86.57,110.22,200.53,68.31,0.0,0.0,0.0,0.0,0.0,0.0,0.0,2.86,816.42,2.86
61.4857,36.08,63.25,101.31,141.79,89.54,113.08,209.33,72.82,0.0,0.0,0.0,0.0,0.0,0.0,0.0,0.0,827.2,0.0
61.4957,34.43,58.3,91.96,143.33,93.94,117.7,218.13,80.3,0.0,0.0,0.0,0.0,0.0,0.0,0.0,0.0,838.09,0.0
61.5057,32.67,50.16,85.8,146.41,95.48,120.78,226.71,84.7,0.0,0.0,0.0,0.0,0.0,0.0,0.0,2.86,842.71,2.86
61.5157,29.26,42.13,76.45,147.95,101.31,123.86,238.7,92.18,0.0,0.0,0.0,0.0,0.0,0.0,0.0,0.0,851.84,0.0
61.5257,27.5,35.64,65.56,149.49,104.28,123.86,248.93,98.12,0.0,0.0,0.0,0.0,0.0,0.0,0.0,4.4,853.38,4.4
61.5357,25.74,30.69,53.79,152.68,108.68,126.94,257.4,105.6,0.0,0.0,0.0,0.0,0.0,0.0,2.75,0.0,861.52,2.75
61.5457,24.09,24.31,41.36,152.68,113.63,132.99,271.04,116.27,0.0,0.0,0.0,0.0,0.0,0.0,0.0,0.0,876.37,0.0
61.5557,22.33,19.36,30.36,154.22,117.04,134.53,282.81,123.97,0.0,0.0,0.0,0.0,0.0,0.0,0.0,2.86,884.62,2.86
61.5657,20.57,14.52,20.68,154.22,120.45,136.07,296.12,133.21,0.0,0.0,0.0,0.0,0.0,0.0,0.0,0.0,895.84,0.0
61.5757,17.16,12.87,15.18,151.14,120.45,139.15,311.08,142.56,0.0,0.0,0.0,0.0,0.0,0.0,0.0,2.86,909.59,2.86
61.5857,11.99,11.33,11.0,143.33,123.86,140.69,326.04,153.34,0.0,0.0,0.0,0.0,0.0,0.0,0.0,0.0,921.58,0.0
61.5957,8.58,8.03,9.57,134.09,122.1,142.23,341.66,164.12,0.0,0.0,0.0,0.0,0.0,0.0,0.0,0.0,930.38,0.0
61.6057,3.41,6.38,8.25,120.12,120.45,142.23,359.81,173.8,0.0,0.0,0.0,0.0,0.0,0.0,0.0,2.86,934.45,2.86
61.6157,0.0,6.38,5.5,106.59,117.04,145.31,374.33,189.42,0.0,0.0,0.0,0.0,0.0,0.0,0.0,2.86,944.57,2.86
61.6257,0.0,4.84,5.5,89.43,113.63,145.31,390.61,201.52,2.42,0.0,0.0,0.0,0.0,0.0,0.0,0.0,950.84,2.42
61.6357,0.0,3.19,4.07,75.13,107.25,142.23,399.63,208.45,2.42,0.0,0.0,0.0,0.0,0.0,0.0,0.0,939.95,2.42
61.6457,0.0,4.84,5.5,62.26,98.34,143.77,408.76,218.79,3.63,0.0,0.0,0.0,0.0,0.0,0.0,0.0,942.26,3.63
61.6557,0.0,3.19,4.07,50.82,91.08,140.69,419.54,222.31,4.84,0.0,0.0,3.08,0.0,0.0,0.0,0.0,931.7,7.92
61.6657,0.0,0.0,5.5,38.94,79.31,136.07,425.04,227.48,8.58,0.0,0.0,0.0,0.0,2.31,0.0,0.0,912.34,10.89
61.6757,0.0,3.19,5.5,27.17,68.97,130.02,428.67,229.13,22.11,0.0,0.0,0.0,0.0,2.31,0.0,0.0,892.65,24.42
61.6857,0.0,3.19,2.75,17.71,54.34,123.86,430.43,227.48,41.91,3.3,2.86,0.0,4.95,3.52,0.0,2.86,859.76,59.4
61.6957,0.0,3.19,4.07,10.56,40.37,113.08,425.04,220.55,57.97,13.2,0.0,4.73,4.95,3.52,2.75,2.86,816.86,89.98
61.7057,0.0,3.19,4.07,8.25,30.58,96.03,410.52,213.62,77.99,123.31,21.45,6.27,6.6,4.73,2.75,0.0,766.26,243.1
61.7157,0.0,3.19,4.07,7.04,29.26,77.66,379.72,203.28,79.31,203.17,106.81,14.3,11.55,4.73,4.07,4.4,704.22,428.34
61.7257,0.0,4.84,5.5,5.83,27.83,55.11,316.03,194.59,74.03,241.01,166.65,72.16,18.15,10.67,9.57,10.23,609.73,602.47
61.7357,0.0,4.84,4.07,3.52,27.83,37.95,214.61,185.9,74.03,244.53,217.03,94.49,36.41,12.98,12.32,13.2,478.72,704.99
61.7457,0.0,4.84,2.75,2.31,23.65,24.86,113.08,180.73,79.31,244.53,245.08,100.43,54.56,14.19,15.18,17.6,352.22,770.88
61.7557,0.0,3.19,4.07,2.31,19.47,23.54,57.86,147.18,77.99,241.01,256.63,104.94,65.67,17.71,24.75,19.03,257.62,807.73
61.7657,0.0,3.19,2.75,2.31,15.29,20.9,43.45,96.69,77.99,242.77,258.28,107.91,67.21,22.44,37.18,24.86,184.58,838.64
61.7757,0.0,3.19,2.75,0.0,12.54,17.05,33.22,71.28,77.99,242.77,258.28,112.42,71.83,27.28,45.54,24.86,140.03,860.97
61.7857,0.0,3.19,0.0,0.0,9.68,10.45,23.1,46.86,77.99,249.81,258.28,118.69,73.37,29.59,49.61,23.43,93.28,880.77
61.7957,0.0,3.19,0.0,0.0,6.93,7.81,17.38,24.75,77.99,253.44,256.63,121.88,74.91,29.59,57.97,26.4,60.06,898.81
61.8057,0.0,3.19,2.75,0.0,2.75,6.49,11.55,9.57,79.31,258.72,251.68,123.42,76.45,33.22,62.37,26.4,36.3,911.57
61.8157,0.0,3.19,0.0,0.0,2.75,5.17,8.69,2.75,76.67,258.72,243.43,131.34,79.64,36.74,66.88,26.4,22.55,919.82
61.8257,0.0,0.0,0.0,0.0,2.75,3.85,8.69,2.75,74.03,260.48,238.48,136.07,81.18,40.26,74.36,27.83,18.04,932.69
61.8357,0.0,0.0,0.0,0.0,0.0,3.85,5.72,2.75,68.64,255.2,231.88,142.34,84.26,42.68,83.27,29.26,12.32,937.53
61.8457,0.0,0.0,2.75,0.0,0.0,3.85,7.15,2.75,64.57,249.81,223.63,142.34,85.8,46.2,92.29,33.66,16.5,938.3
61.8557,0.0,3.19,0.0,0.0,2.75,2.53,4.29,0.0,59.29,239.25,215.38,145.53,88.88,50.93,98.23,33.66,12.76,931.15
61.8657,0.0,3.19,2.75,0.0,0.0,3.85,4.29,2.75,55.44,232.21,212.19,147.07,90.42,54.56,102.74,33.66,16.83,928.29
61.8757,0.0,0.0,2.75,0.0,0.0,2.53,4.29,0.0,50.49,216.59,202.4,145.53,93.5,57.2,111.65,33.66,9.57,911.02
61.8857,0.0,3.19,2.75,0.0,0.0,0.0,4.29,0.0,45.54,206.47,195.8,147.07,98.23,60.28,117.81,32.23,10.23,903.43
61.8957,0.0,0.0,0.0,0.0,0.0,2.53,4.29,0.0,41.91,196.35,187.66,147.07,101.31,63.25,122.43,35.2,6.82,895.18
61.9057,0.0,0.0,0.0,0.0,0.0,0.0,2.86,0.0,38.17,182.93,174.68,150.26,102.85,66.22,127.05,36.63,2.86,878.79
61.9157,0.0,0.0,2.75,0.0,0.0,0.0,2.86,0.0,34.43,171.05,158.95,153.45,107.47,69.3,136.18,38.06,5.61,868.89
61.9257,0.0,0.0,2.75,0.0,0.0,0.0,2.86,0.0,32.01,162.8,143.66,154.99,109.01,70.84,139.26,38.06,5.61,850.63
61.9357,0.0,0.0,0.0,0.0,0.0,0.0,2.86,0.0,29.59,151.25,129.91,158.18,112.09,75.35,145.42,39.6,2.86,841.39
61.9457,0.0,0.0,2.75,0.0,0.0,0.0,0.0,0.0,28.27,141.35,116.05,158.18,112.09,76.78,151.47,39.6,2.75,823.79
61.9557,0.0,0.0,0.0,0.0,0.0,0.0,0.0,0.0,25.85,128.26,103.73,162.91,115.28,81.4,156.09,39.6,0.0,813.12
61.9657,0.0,0.0,2.75,0.0,0.0,0.0,0.0,0.0,23.43,116.71,89.76,166.1,118.47,84.37,165.33,42.46,2.75,806.63
61.9757,0.0,0.0,0.0,0.0,0.0,0.0,0.0,0.0,20.9,102.52,77.33,167.75,124.96,87.34,171.71,42.46,0.0,794.97
61.9857,0.0,0.0,0.0,0.0,0.0,0.0,0.0,0.0,20.9,91.74,64.9,169.51,128.15,88.88,179.85,44.0,0.0,787.93
61.9957,0.0,0.0,0.0,0.0,0.0,0.0,0.0,0.0,19.69,79.42,55.77,169.51,131.45,93.39,187.99,44.0,0.0,781.22
62.0057,0.0,0.0,0.0,0.0,0.0,0.0,0.0,0.0,17.16,68.64,47.19,171.27,133.1,96.47,196.02,42.46,0.0,772.31
62.0157,0.0,0.0,0.0,0.0,0.0,0.0,0.0,0.0,17.16,57.75,38.61,169.51,136.29,97.9,204.16,45.43,0.0,766.81
62.0257,0.0,0.0,0.0,0.0,0.0,0.0,0.0,0.0,15.95,49.5,31.46,169.51,137.94,100.98,213.95,48.4,0.0,767.69
62.0357,0.0,0.0,0.0,0.0,0.0,0.0,0.0,0.0,15.95,41.25,24.31,169.51,144.43,100.98,221.98,46.86,0.0,765.27
62.0457,0.0,0.0,2.75,0.0,0.0,0.0,0.0,0.0,15.95,34.65,17.16,166.1,145.97,103.95,231.99,48.4,2.75,764.17
62.0557,0.0,0.0,0.0,0.0,0.0,0.0,0.0,0.0,14.74,23.1,12.87,164.45,147.62,107.03,240.68,49.83,0.0,760.32
62.0657,0.0,0.0,2.75,0.0,0.0,0.0,0.0,0.0,13.53,18.15,10.01,159.72,147.62,107.03,254.43,51.26,2.75,761.75
62.0757,0.0,0.0,0.0,0.0,0.0,0.0,0.0,0.0,9.79,14.85,10.01,151.8,147.62,108.46,266.42,51.26,0.0,760.21
62.0857,0.0,0.0,0.0,0.0,0.0,0.0,0.0,0.0,7.37,13.2,8.58,147.07,150.92,107.03,275.0,55.77,0.0,764.94
62.0957,0.0,0.0,2.75,0.0,0.0,0.0,0.0,0.0,6.16,11.55,5.72,140.8,150.92,113.08,283.58,57.2,2.75,769.01
62.1057,0.0,0.0,2.75,0.0,0.0,0.0,0.0,0.0,4.84,9.9,5.72,134.42,152.46,113.08,298.87,61.82,2.75,781.11
62.1157,0.0,0.0,0.0,0.0,0.0,0.0,0.0,0.0,4.84,9.9,2.86,128.15,154.11,113.08,312.51,71.06,0.0,796.51
62.1257,0.0,0.0,2.75,0.0,0.0,0.0,0.0,0.0,3.63,6.6,4.29,120.23,155.76,118.25,322.74,78.65,2.75,810.15
62.1357,0.0,0.0,0.0,0.0,0.0,0.0,0.0,0.0,2.42,8.25,4.29,110.88,155.76,120.01,336.38,83.27,0.0,821.26
62.1456,0.0,0.0,0.0,0.0,0.0,0.0,0.0,0.0,2.42,6.6,4.29,103.4,154.11,120.01,356.84,90.97,0.0,838.64
62.1556,0.0,0.0,0.0,0.0,0.0,0.0,0.0,0.0,0.0,3.3,2.86,95.92,157.41,120.01,367.07,100.1,0.0,846.67
62.1656,0.0,0.0,0.0,0.0,0.0,0.0,0.0,0.0,0.0,3.3,2.86,85.58,157.41,121.77,380.71,103.18,0.0,854.81
62.1756,3.41,0.0,0.0,0.0,0.0,0.0,0.0,0.0,0.0,3.3,2.86,75.13,157.41,120.01,396.22,110.88,3.41,865.81
62.1856,8.58,0.0,0.0,0.0,0.0,0.0,0.0,0.0,0.0,4.95,2.86,63.14,154.11,116.49,414.15,115.61,8.58,871.31
62.1956,20.57,0.0,0.0,2.31,2.75,0.0,0.0,0.0,0.0,3.3,2.86,54.12,149.27,113.08,421.3,117.15,25.63,861.08
62.2056,41.25,0.0,0.0,3.52,0.0,0.0,0.0,0.0,0.0,3.3,2.86,43.01,144.43,111.54,432.08,120.34,44.77,857.56
62.2156,63.69,0.0,0.0,2.31,4.18,0.0,0.0,0.0,0.0,0.0,0.0,31.79,139.59,108.46,435.6,123.53,70.18,838.97
62.2256,86.02,0.0,0.0,3.52,5.5,0.0,0.0,0.0,0.0,3.3,0.0,23.87,129.8,102.52,435.6,121.99,95.04,817.08
62.2356,105.05,0.0,0.0,4.73,5.5,3.85,0.0,0.0,0.0,3.3,2.86,14.3,120.12,91.96,430.21,120.34,119.13,783.09
62.2456,127.6,42.13,74.91,4.73,5.5,3.85,0.0,0.0,0.0,0.0,0.0,12.65,107.47,84.37,417.78,115.61,258.72,737.88
62.2556,120.67,110.77,126.94,9.46,6.93,3.85,0.0,2.75,0.0,3.3,2.86,11.11,91.96,73.81,401.61,113.96,381.37,698.61
62.2656,110.22,145.97,166.32,46.09,6.93,6.49,4.29,5.5,0.0,3.3,0.0,11.11,74.91,60.28,377.3,104.72,491.81,631.62
62.2756,105.05,155.98,189.64,60.83,22.22,10.45,8.69,11.0,0.0,3.3,0.0,12.65,54.56,49.83,338.03,106.26,563.86,564.63
62.2856,103.29,154.33,206.14,67.98,32.01,24.86,21.67,16.5,0.0,0.0,0.0,12.65,49.61,41.47,257.84,107.8,626.78,469.37
62.2956,101.53,157.63,213.4,75.13,38.94,35.42,43.45,17.93,0.0,3.3,2.86,12.65,41.36,33.22,157.63,115.61,683.43,366.63
62.3056,101.53,162.69,224.4,77.99,43.12,44.55,63.8,22.0,0.0,0.0,2.86,11.11,34.76,24.86,86.24,110.88,740.08,270.71
62.3156,105.05,167.75,235.07,79.42,47.3,53.79,80.19,23.43,0.0,0.0,0.0,9.46,28.05,18.92,42.68,83.27,792.0,182.38
62.3256,108.46,173.03,243.98,80.85,50.16,59.29,93.61,23.43,0.0,3.3,0.0,6.27,23.1,16.61,28.93,54.23,832.81,132.44
62.3356,111.87,174.79,251.02,80.85,51.48,62.15,101.09,24.75,0.0,0.0,0.0,7.92,18.15,10.67,23.43,39.6,858.0,99.77
62.3456,118.91,180.07,254.65,80.85,54.34,63.58,105.6,27.5,0.0,0.0,0.0,4.73,13.2,8.25,17.93,32.23,885.5,76.34
62.3556,122.43,183.59,259.93,79.42,55.77,64.9,111.54,27.5,0.0,3.3,0.0,3.08,9.9,5.83,13.75,17.6,905.08,53.46
62.3656,125.84,183.59,261.69,80.85,57.2,66.33,116.27,27.5,0.0,0.0,0.0,0.0,8.25,4.73,11.0,7.26,919.27,31.24
62.3756,127.6,187.11,263.56,80.85,58.63,67.76,117.81,28.93,0.0,0.0,0.0,0.0,6.6,3.52,6.82,5.83,932.25,22.77
62.3856,125.84,187.11,263.56,80.85,60.17,67.76,119.46,28.93,0.0,0.0,0.0,4.73,4.95,4.73,6.82,4.4,933.68,25.63
62.3956,124.19,187.11,258.17,83.71,57.2,72.05,122.65,27.5,0.0,0.0,0.0,4.73,4.95,3.52,8.25,4.4,932.58,25.85
62.4056,122.43,185.35,254.65,83.71,60.17,72.05,122.65,30.36,0.0,0.0,0.0,3.08,3.3,2.31,8.25,4.4,931.37,21.34
62.4156,115.39,181.83,245.74,88.0,60.17,73.48,124.3,30.36,0.0,0.0,0.0,3.08,0.0,2.31,6.82,2.86,919.27,15.07
62.4256,110.22,176.55,236.83,90.86,60.17,76.23,124.3,30.36,0.0,0.0,0.0,3.08,3.3,2.31,5.5,4.4,905.52,18.59
62.4356,101.53,171.27,226.16,90.86,58.63,76.23,122.65,30.36,0.0,0.0,0.0,0.0,0.0,2.31,4.07,4.4,877.69,10.78
62.4456,92.95,166.1,215.27,95.15,60.17,77.66,124.3,30.36,0.0,0.0,0.0,3.08,0.0,2.31,5.5,0.0,861.96,10.89
62.4556,84.37,159.39,202.51,98.01,60.17,79.09,125.84,31.68,0.0,0.0,0.0,0.0,3.3,2.31,2.75,2.86,841.06,11.22
62.4656,77.44,152.68,189.64,102.3,58.63,80.52,127.49,31.68,0.0,0.0,0.0,0.0,3.3,0.0,5.5,2.86,820.38,11.66
62.4756,70.51,145.97,178.75,105.16,60.17,84.7,125.84,31.68,0.0,0.0,0.0,3.08,0.0,0.0,5.5,4.4,802.78,12.98
62.4856,63.69,137.5,167.97,108.02,61.6,84.7,129.14,34.43,0.0,0.0,0.0,0.0,0.0,2.31,2.75,0.0,787.05,5.06
62.4956,60.17,130.79,158.07,110.88,63.03,87.56,133.98,34.43,0.0,0.0,0.0,0.0,0.0,0.0,5.5,2.86,778.91,8.36
62.5056,56.76,122.43,151.47,112.42,64.57,90.42,137.17,35.86,0.0,0.0,0.0,0.0,0.0,2.31,2.75,0.0,771.1,5.06
62.5156,55.11,114.07,143.33,117.04,66.0,91.85,142.01,37.18,0.0,0.0,0.0,0.0,3.3,0.0,0.0,2.86,766.59,6.16
62.5256,51.59,109.12,140.03,118.58,68.97,96.03,146.85,38.61,0.0,0.0,0.0,0.0,0.0,0.0,4.07,2.86,769.78,6.93
62.5356,49.94,104.17,135.08,123.2,70.4,97.46,151.58,39.93,0.0,0.0,0.0,0.0,0.0,0.0,2.75,2.86,771.76,5.61
62.5456,48.18,99.22,131.89,124.74,71.94,100.32,156.42,42.68,0.0,0.0,0.0,0.0,0.0,0.0,2.75,0.0,775.39,2.75
62.5556,46.42,94.38,123.64,127.82,73.37,101.75,159.72,45.54,0.0,0.0,0.0,0.0,0.0,0.0,2.75,2.86,772.64,5.61
62.5656,44.77,91.08,118.69,132.55,77.77,105.93,169.29,45.54,0.0,0.0,0.0,0.0,0.0,0.0,0.0,2.86,785.62,2.86
62.5756,41.25,82.94,115.39,135.63,79.31,108.79,174.24,52.36,0.0,0.0,0.0,0.0,0.0,0.0,0.0,0.0,789.91,0.0
62.5856,41.25,79.64,110.66,138.71,85.14,110.22,183.04,55.11,0.0,0.0,0.0,0.0,0.0,0.0,2.75,2.86,803.77,5.61
62.5956,39.6,71.39,104.5,143.33,85.14,114.62,191.84,59.4,0.0,0.0,0.0,0.0,0.0,0.0,2.75,0.0,809.82,2.75
62.6056,36.08,66.55,96.69,144.87,91.08,117.7,200.53,65.34,0.0,0.0,0.0,0.0,0.0,0.0,2.75,0.0,818.84,2.75
62.6156,34.43,56.65,87.34,146.41,93.94,120.78,214.61,71.28,0.0,0.0,0.0,0.0,0.0,0.0,2.75,0.0,825.44,2.75
62.6256,32.67,50.16,81.07,149.49,98.34,122.32,226.71,78.76,0.0,0.0,0.0,0.0,0.0,0.0,0.0,0.0,839.52,0.0
62.6356,30.91,42.13,71.83,149.49,102.85,125.4,236.94,86.24,0.0,0.0,0.0,3.08,0.0,0.0,0.0,2.86,845.79,5.94
62.6456,29.26,35.64,59.4,149.49,108.68,126.94,248.93,92.18,0.0,0.0,0.0,0.0,0.0,0.0,2.75,2.86,850.52,5.61
62.6556,27.5,27.5,48.29,152.68,111.87,131.45,260.81,101.2,0.0,0.0,0.0,0.0,0.0,0.0,2.75,0.0,861.3,2.75
62.6656,24.09,21.01,40.04,152.68,117.04,132.99,276.1,108.57,0.0,0.0,0.0,0.0,0.0,0.0,0.0,0.0,872.52,0.0
62.6756,24.09,16.17,27.61,152.68,122.1,134.53,286.11,119.35,0.0,0.0,0.0,0.0,0.0,0.0,0.0,2.86,882.64,2.86
62.6856,22.33,12.87,20.68,147.95,125.51,136.07,304.37,131.67,0.0,0.0,0.0,0.0,0.0,0.0,0.0,2.86,901.45,2.86
62.6956,18.92,11.33,13.75,140.25,127.27,140.69,321.09,140.91,0.0,0.0,0.0,0.0,0.0,0.0,0.0,0.0,914.21,0.0
62.7056,13.75,9.68,12.43,132.55,128.92,139.15,332.64,151.8,0.0,0.0,0.0,0.0,0.0,0.0,0.0,0.0,920.92,0.0
62.7156,10.23,9.68,11.0,121.66,127.27,142.23,348.92,161.04,0.0,0.0,0.0,0.0,0.0,0.0,0.0,0.0,932.03,0.0
62.7256,3.41,6.38,8.25,110.88,128.92,143.77,363.44,172.04,0.0,0.0,0.0,0.0,0.0,0.0,0.0,0.0,937.09,0.0
62.7356,0.0,4.84,6.82,98.01,125.51,143.77,374.33,182.49,0.0,0.0,0.0,0.0,0.0,0.0,0.0,0.0,935.77,0.0
62.7456,0.0,4.84,5.5,86.57,120.45,143.77,388.74,192.83,2.42,0.0,0.0,0.0,0.0,0.0,0.0,0.0,942.7,2.42
62.7556,0.0,4.84,5.5,72.27,111.87,145.31,403.26,204.93,2.42,0.0,0.0,0.0,0.0,0.0,0.0,0.0,947.98,2.42
62.7656,0.0,4.84,5.5,56.76,107.25,143.77,417.78,213.62,3.63,0.0,0.0,0.0,0.0,0.0,0.0,0.0,949.52,3.63
62.7756,0.0,4.84,5.5,46.09,98.34,140.69,430.43,222.31,4.84,0.0,0.0,0.0,0.0,0.0,0.0,0.0,948.2,4.84
62.7856,0.0,4.84,4.07,34.21,88.11,134.53,443.19,227.48,13.53,0.0,0.0,0.0,0.0,0.0,0.0,0.0,936.43,13.53
62.7956,0.0,4.84,5.5,23.65,77.77,130.02,450.34,229.13,24.64,0.0,0.0,3.08,0.0,0.0,0.0,0.0,921.25,27.72
62.8056,0.0,3.19,5.5,14.19,64.57,120.78,453.97,225.72,40.7,3.3,0.0,3.08,3.3,0.0,0.0,0.0,887.92,50.38
62.8156,0.0,4.84,4.07,9.46,48.73,110.22,452.21,224.07,51.7,24.75,0.0,0.0,3.3,2.31,0.0,0.0,853.6,82.06
62.8256,0.0,3.19,4.07,7.04,34.76,94.6,443.19,215.38,59.29,128.26,40.04,7.92,8.25,2.31,2.75,2.86,802.23,251.68
62.8356,0.0,3.19,2.75,5.83,29.26,77.66,421.41,206.69,57.97,181.17,116.05,52.58,23.1,7.04,6.82,7.26,746.79,451.99
62.8456,0.0,4.84,2.75,4.73,29.26,56.43,374.33,194.59,61.93,204.82,173.03,85.58,39.71,10.67,12.32,11.66,666.93,599.72
62.8556,0.0,4.84,4.07,3.52,26.4,41.91,286.11,184.14,69.96,211.53,217.03,94.49,61.05,14.19,15.18,17.6,550.99,701.03
62.8656,0.0,4.84,4.07,3.52,25.08,28.82,167.75,177.21,75.35,209.88,241.78,95.92,70.29,17.71,26.18,17.6,411.29,754.71
62.8756,0.0,3.19,2.75,3.52,20.9,26.18,89.21,157.96,76.67,211.53,246.73,97.46,74.91,21.34,38.61,22.0,303.71,789.25
62.8856,0.0,3.19,2.75,2.31,18.04,23.54,49.17,114.73,77.99,214.94,248.38,101.97,76.45,26.07,46.86,23.43,213.73,816.09
62.8956,0.0,3.19,2.75,0.0,15.29,18.26,37.62,74.36,76.67,218.35,245.08,106.37,78.1,27.28,51.04,24.86,151.47,827.75
62.9056,0.0,3.19,2.75,0.0,11.11,14.41,27.5,51.04,75.35,221.65,238.48,109.34,78.1,29.59,55.11,26.4,110.0,834.02
62.9156,0.0,3.19,0.0,0.0,6.93,9.13,18.81,26.18,75.35,225.17,230.23,115.5,79.64,30.8,59.4,24.86,64.24,840.95
62.9256,0.0,3.19,0.0,0.0,4.18,5.17,14.41,13.75,72.6,235.73,223.63,121.88,78.1,34.32,60.94,24.86,40.7,852.06
62.9356,0.0,3.19,2.75,0.0,2.75,3.85,10.12,4.07,68.64,235.73,210.54,132.88,82.72,39.05,63.91,26.4,26.73,859.87
62.9456,0.0,0.0,0.0,0.0,2.75,3.85,8.69,2.75,63.25,237.49,200.75,140.8,82.72,40.26,71.39,29.26,18.04,865.92
62.9556,0.0,0.0,2.75,0.0,2.75,2.53,7.15,2.75,57.97,233.97,187.66,151.8,85.8,46.2,77.33,30.8,17.93,871.53
62.9656,0.0,3.19,0.0,0.0,2.75,3.85,7.15,2.75,53.02,230.45,179.52,158.18,88.88,49.83,83.27,30.8,19.69,873.95
62.9756,0.0,0.0,2.75,0.0,2.75,2.53,5.72,2.75,49.28,223.41,171.38,159.72,93.5,54.56,87.78,32.23,16.5,871.86
62.9856,0.0,3.19,0.0,0.0,0.0,3.85,5.72,0.0,45.54,216.59,169.73,161.26,96.69,55.77,95.26,33.66,12.76,874.5
62.9956,0.0,3.19,2.75,0.0,0.0,2.53,5.72,0.0,43.12,204.82,162.03,164.45,99.77,61.71,101.2,35.2,14.19,872.3
63.0056,0.0,3.19,0.0,0.0,0.0,2.53,2.86,0.0,40.7,199.76,158.95,167.75,101.31,63.25,107.14,35.2,8.58,874.06
63.0156,0.0,3.19,2.75,0.0,0.0,2.53,4.29,0.0,36.96,191.29,149.82,171.27,105.93,64.79,114.73,36.63,12.76,871.42
63.0256,0.0,0.0,0.0,0.0,0.0,2.53,4.29,0.0,34.43,179.52,137.5,176.44,107.47,69.3,117.81,36.63,6.82,859.1
63.0356,0.0,0.0,0.0,0.0,0.0,2.53,2.86,0.0,32.01,171.05,125.29,181.61,110.55,72.27,119.35,38.06,5.39,850.19
63.0456,0.0,3.19,2.75,0.0,0.0,0.0,2.86,0.0,29.59,157.85,111.43,183.37,113.63,76.78,123.97,36.63,8.8,833.25
63.0556,0.0,0.0,0.0,0.0,0.0,2.53,2.86,0.0,28.27,149.6,100.65,188.54,115.28,79.86,128.59,39.6,5.39,830.39
63.0656,0.0,3.19,0.0,0.0,0.0,2.53,2.86,0.0,25.85,136.51,88.22,191.95,118.47,81.4,133.1,39.6,8.58,815.1
63.0756,0.0,0.0,0.0,0.0,0.0,0.0,0.0,0.0,24.64,123.31,74.25,191.95,123.31,84.37,140.8,39.6,0.0,802.23
63.0856,0.0,0.0,2.75,0.0,0.0,0.0,0.0,0.0,22.11,113.41,66.44,195.47,126.61,85.91,146.96,41.03,2.75,797.94
63.0956,0.0,0.0,2.75,0.0,0.0,0.0,0.0,0.0,19.69,100.98,57.2,195.47,126.61,88.88,154.55,44.0,2.75,787.38
63.1056,0.0,0.0,2.75,0.0,0.0,0.0,0.0,0.0,19.69,91.74,48.62,200.64,129.8,91.96,160.71,42.46,2.75,785.62
63.1156,0.0,0.0,0.0,0.0,0.0,0.0,0.0,0.0,18.48,79.42,40.04,200.64,136.29,94.93,166.87,44.0,0.0,780.67
63.1256,0.0,3.19,0.0,0.0,0.0,0.0,0.0,0.0,17.16,68.64,34.32,202.29,136.29,97.9,176.66,45.43,3.19,778.69
63.1356,0.0,0.0,0.0,0.0,0.0,0.0,0.0,0.0,17.16,57.75,25.74,198.88,142.78,100.98,184.69,45.43,0.0,773.41
63.1456,0.0,0.0,2.75,0.0,0.0,0.0,0.0,0.0,15.95,46.2,20.02,197.12,144.43,102.52,192.83,45.43,2.75,764.5
63.1556,0.0,0.0,0.0,0.0,0.0,0.0,0.0,0.0,15.95,36.3,15.73,191.95,147.62,103.95,205.81,46.86,0.0,764.17
63.1656,0.0,0.0,2.75,0.0,0.0,0.0,0.0,0.0,14.74,26.4,11.44,183.37,149.27,107.03,218.79,48.4,2.75,759.44
63.1756,0.0,0.0,0.0,0.0,0.0,0.0,0.0,0.0,13.53,18.15,10.01,179.85,147.62,108.46,230.34,49.83,0.0,757.79
63.1856,0.0,0.0,0.0,0.0,0.0,0.0,0.0,0.0,9.79,16.5,8.58,171.27,150.92,111.54,244.09,49.83,0.0,762.52
63.1956,0.0,0.0,0.0,0.0,0.0,0.0,0.0,0.0,7.37,13.2,7.15,161.26,150.92,113.08,256.08,52.8,0.0,761.86
63.2056,0.0,0.0,0.0,0.0,0.0,0.0,0.0,0.0,6.16,11.55,7.15,148.72,150.92,114.73,269.83,57.2,0.0,766.26
63.2156,0.0,0.0,0.0,0.0,0.0,0.0,0.0,0.0,4.84,11.55,5.72,137.61,150.92,114.73,286.99,61.82,0.0,774.18
63.2256,0.0,0.0,2.75,0.0,0.0,0.0,0.0,0.0,3.63,8.25,4.29,123.42,155.76,116.49,302.28,67.98,2.75,782.1
63.2356,0.0,0.0,2.75,0.0,0.0,0.0,0.0,0.0,3.63,8.25,5.72,115.5,155.76,118.25,315.92,71.06,2.75,794.09
63.2456,0.0,0.0,2.75,0.0,0.0,0.0,0.0,0.0,2.42,4.95,4.29,106.37,158.95,120.01,327.8,77.11,2.75,801.9
63.2556,0.0,0.0,0.0,0.0,0.0,0.0,0.0,0.0,0.0,3.3,2.86,101.97,158.95,120.01,346.61,84.81,0.0,818.51
63.2656,0.0,0.0,0.0,0.0,0.0,0.0,0.0,0.0,0.0,3.3,2.86,91.52,162.25,120.01,363.66,93.94,0.0,837.54
63.2756,0.0,0.0,0.0,0.0,0.0,0.0,0.0,0.0,0.0,3.3,2.86,82.5,162.25,123.42,380.71,101.64,0.0,856.68
63.2856,0.0,0.0,0.0,0.0,0.0,0.0,0.0,0.0,0.0,3.3,2.86,72.16,165.44,123.42,392.7,106.26,0.0,866.14
63.2956,3.41,0.0,0.0,0.0,0.0,0.0,0.0,0.0,0.0,3.3,2.86,61.71,160.6,121.77,410.52,113.96,3.41,874.72
63.3056,5.06,0.0,0.0,0.0,0.0,0.0,0.0,0.0,0.0,0.0,0.0,54.12,162.25,118.25,423.06,120.34,5.06,878.02
63.3156,11.99,0.0,0.0,0.0,0.0,0.0,0.0,0.0,0.0,3.3,2.86,44.55,155.76,120.01,428.45,123.53,11.99,878.46
63.3256,27.5,0.0,0.0,3.52,2.75,2.53,0.0,0.0,0.0,0.0,0.0,36.63,150.92,114.73,435.6,126.72,36.3,864.6
63.3356,51.59,0.0,0.0,2.31,2.75,2.53,0.0,0.0,0.0,0.0,0.0,27.06,144.43,113.08,435.6,126.72,59.18,846.89
63.3456,74.03,0.0,0.0,4.73,4.18,2.53,0.0,0.0,0.0,3.3,0.0,19.03,134.64,105.49,439.23,128.37,85.47,830.06
63.3556,96.36,0.0,0.0,3.52,5.5,3.85,0.0,0.0,0.0,3.3,0.0,9.46,123.31,99.44,432.08,128.37,109.23,795.96
63.3656,118.91,43.67,65.56,7.04,4.18,5.17,0.0,2.75,0.0,0.0,2.86,11.11,113.63,85.91,417.78,121.99,247.28,753.28
63.3756,118.91,117.37,120.34,11.77,5.5,3.85,2.86,2.75,0.0,0.0,0.0,11.11,95.04,75.35,392.7,117.15,383.35,691.35
63.3856,113.63,150.92,164.67,46.09,8.36,7.81,2.86,4.07,0.0,0.0,0.0,12.65,70.29,61.71,365.31,115.61,498.41,625.57
63.3956,110.22,155.98,198.77,60.83,18.04,14.41,10.12,12.32,0.0,0.0,0.0,11.11,54.56,49.83,307.34,118.8,580.69,541.64
63.4056,111.87,155.98,222.64,65.12,26.4,28.82,30.36,17.93,0.0,0.0,0.0,12.65,47.96,36.74,200.97,125.18,659.12,423.5
63.4156,111.87,155.98,236.83,66.55,32.01,40.59,52.14,19.25,0.0,0.0,0.0,12.65,38.06,28.38,114.73,128.37,715.22,322.19
63.4256,115.39,159.39,249.26,67.98,38.94,49.83,71.28,22.0,0.0,0.0,0.0,9.46,33.11,23.65,52.36,97.02,774.07,215.6
63.4356,120.67,162.69,259.93,67.98,43.12,55.11,87.67,24.75,0.0,0.0,0.0,7.92,26.4,17.71,33.11,66.44,821.92,151.58
63.4456,124.19,166.1,267.08,65.12,45.98,59.29,99.55,24.75,0.0,0.0,0.0,7.92,21.45,11.77,27.5,49.83,852.06,118.47
63.4556,129.36,167.75,270.6,66.55,48.73,62.15,107.03,24.75,0.0,3.3,0.0,6.27,14.85,9.46,19.25,41.03,876.92,94.16
63.4656,131.12,171.27,272.47,65.12,50.16,63.58,113.08,27.5,0.0,0.0,0.0,4.73,11.55,7.04,15.18,24.86,894.3,63.36
63.4756,134.64,174.79,275.99,67.98,50.16,64.9,119.46,27.5,0.0,0.0,0.0,4.73,6.6,5.83,12.32,10.23,915.42,39.71
63.4856,136.4,176.55,277.75,67.98,51.48,64.9,122.65,26.18,0.0,0.0,0.0,0.0,4.95,3.52,11.0,5.83,923.89,25.3
63.4956,136.4,178.31,277.75,69.41,52.91,64.9,125.84,27.5,0.0,0.0,0.0,3.08,4.95,3.52,9.57,5.83,933.02,26.95
63.5056,134.64,178.31,270.6,72.27,51.48,69.19,127.49,27.5,0.0,0.0,0.0,3.08,3.3,3.52,8.25,5.83,931.48,23.98
63.5156,131.12,174.79,263.56,72.27,52.91,70.62,129.14,27.5,0.0,0.0,0.0,3.08,0.0,3.52,8.25,4.4,921.91,19.25
63.5256,124.19,173.03,256.41,73.7,52.91,72.05,129.14,28.93,0.0,0.0,0.0,3.08,3.3,3.52,4.07,2.86,910.36,16.83
63.5356,117.15,169.51,247.5,76.56,52.91,73.48,127.49,28.93,0.0,0.0,0.0,3.08,0.0,3.52,6.82,4.4,893.53,17.82
63.5456,110.22,162.69,235.07,79.42,52.91,73.48,125.84,27.5,0.0,0.0,0.0,3.08,0.0,2.31,4.07,2.86,867.13,12.32
63.5556,101.53,159.39,224.4,82.28,52.91,76.23,125.84,28.93,0.0,0.0,0.0,3.08,0.0,0.0,4.07,0.0,851.51,7.15
63.5656,92.95,154.33,211.64,82.28,52.91,76.23,127.49,28.93,0.0,0.0,0.0,3.08,0.0,2.31,2.75,0.0,826.76,8.14
63.5755,86.02,147.62,198.77,86.57,50.16,76.23,127.49,30.36,0.0,0.0,0.0,0.0,3.3,2.31,2.75,2.86,803.22,11.22
63.5855,79.2,142.56,186.01,88.0,52.91,80.52,127.49,30.36,0.0,0.0,0.0,3.08,0.0,0.0,2.75,0.0,787.05,5.83
63.5955,72.27,135.85,178.75,92.29,55.77,81.95,132.33,31.68,0.0,0.0,0.0,0.0,0.0,0.0,4.07,2.86,780.89,6.93
63.6055,67.1,127.49,171.38,95.15,55.77,83.38,135.52,31.68,0.0,0.0,0.0,0.0,0.0,2.31,2.75,2.86,767.47,7.92
63.6155,63.69,122.43,166.32,96.58,57.2,86.13,138.71,31.68,0.0,0.0,0.0,0.0,0.0,0.0,2.75,2.86,762.74,5.61
63.6255,61.93,117.37,161.37,98.01,60.17,88.99,146.85,33.11,0.0,0.0,0.0,0.0,0.0,2.31,0.0,0.0,767.8,2.31
63.6355,58.52,112.42,154.77,102.3,58.63,90.42,150.04,34.43,0.0,0.0,0.0,3.08,0.0,0.0,2.75,2.86,761.53,8.69
63.6455,55.11,107.47,148.28,105.16,61.6,91.85,158.07,35.86,0.0,0.0,0.0,0.0,0.0,0.0,0.0,2.86,763.4,2.86
63.6555,53.35,102.52,143.33,109.45,64.57,96.03,162.91,39.93,0.0,0.0,0.0,0.0,0.0,0.0,0.0,2.86,772.09,2.86
63.6655,51.59,96.03,138.38,110.88,67.54,100.32,170.94,42.68,0.0,0.0,0.0,0.0,0.0,0.0,4.07,2.86,778.36,6.93
63.6755,49.94,89.43,131.89,112.42,71.94,100.32,177.76,45.54,0.0,0.0,0.0,0.0,0.0,0.0,2.75,2.86,779.24,5.61
63.6855,46.42,82.94,126.94,113.96,73.37,104.5,191.84,51.04,0.0,0.0,0.0,0.0,0.0,0.0,2.75,0.0,791.01,2.75
63.6955,44.77,73.04,117.04,117.04,79.31,107.36,202.29,56.54,0.0,0.0,0.0,0.0,0.0,0.0,0.0,0.0,797.39,0.0
63.7055,41.25,69.74,112.2,118.58,82.17,111.65,212.85,60.94,0.0,0.0,0.0,0.0,0.0,0.0,0.0,2.86,809.38,2.86
63.7155,39.6,61.6,101.31,124.74,86.57,114.62,223.41,66.88,0.0,0.0,0.0,0.0,0.0,0.0,2.75,0.0,818.73,2.75
63.7255,37.84,53.46,93.61,126.28,91.08,117.7,233.53,72.82,0.0,0.0,0.0,0.0,0.0,0.0,0.0,2.86,826.32,2.86
63.7355,36.08,43.67,82.72,129.36,95.48,122.32,245.52,78.76,0.0,0.0,0.0,0.0,0.0,0.0,2.75,0.0,833.91,2.75
63.7455,32.67,37.18,70.18,130.9,99.88,125.4,255.64,84.7,0.0,0.0,0.0,0.0,0.0,0.0,2.75,2.86,836.55,5.61
63.7555,30.91,32.34,59.4,135.63,104.28,125.4,269.28,92.18,0.0,0.0,0.0,0.0,0.0,0.0,0.0,2.86,849.42,2.86
63.7655,29.26,22.66,48.29,135.63,108.68,128.48,281.16,98.12,0.0,0.0,0.0,0.0,0.0,0.0,0.0,2.86,852.28,2.86
63.7755,25.74,17.82,37.29,135.63,113.63,134.53,294.47,108.57,0.0,0.0,0.0,0.0,0.0,0.0,0.0,0.0,867.68,0.0
63.7855,24.09,14.52,26.18,134.09,117.04,134.53,309.43,119.35,0.0,0.0,0.0,0.0,0.0,0.0,0.0,0.0,879.23,0.0
63.7955,20.57,9.68,17.93,130.9,122.1,136.07,326.04,125.51,0.0,0.0,0.0,0.0,0.0,0.0,0.0,0.0,888.8,0.0
63.8055,20.57,9.68,13.75,123.2,123.86,139.15,338.03,137.83,2.42,0.0,0.0,0.0,0.0,0.0,0.0,0.0,906.07,2.42
63.8155,15.4,6.38,12.43,113.96,125.51,139.15,356.18,145.64,2.42,0.0,0.0,0.0,0.0,0.0,0.0,0.0,914.65,2.42
63.8255,11.99,8.03,11.0,100.87,123.86,139.15,374.33,154.88,2.42,0.0,0.0,0.0,0.0,0.0,0.0,0.0,924.11,2.42
63.8355,3.41,6.38,8.25,90.86,123.86,139.15,388.74,164.12,2.42,0.0,0.0,0.0,0.0,0.0,0.0,0.0,924.77,2.42
63.8455,0.0,4.84,6.82,76.56,117.04,139.15,403.26,175.56,3.63,0.0,0.0,0.0,0.0,0.0,0.0,2.86,923.23,6.49
63.8555,0.0,4.84,5.5,65.12,113.63,139.15,417.78,185.9,3.63,0.0,0.0,0.0,0.0,0.0,0.0,0.0,931.92,3.63
63.8655,0.0,4.84,5.5,52.03,107.25,136.07,432.3,196.35,4.84,0.0,0.0,0.0,0.0,0.0,0.0,0.0,934.34,4.84
63.8755,0.0,4.84,5.5,42.57,98.34,134.53,443.19,199.76,13.53,0.0,0.0,0.0,0.0,0.0,0.0,0.0,928.73,13.53
63.8855,0.0,4.84,5.5,31.9,89.54,131.45,452.21,206.69,25.85,0.0,0.0,0.0,0.0,0.0,0.0,0.0,922.13,25.85
63.8955,0.0,3.19,4.07,23.65,76.34,125.4,461.23,210.21,34.43,0.0,0.0,4.73,3.3,0.0,0.0,0.0,904.09,42.46
63.9055,0.0,4.84,4.07,14.19,64.57,117.7,464.75,210.21,49.28,0.0,0.0,3.08,3.3,0.0,0.0,0.0,880.33,55.66
63.9155,0.0,4.84,4.07,7.04,48.73,107.36,462.99,211.86,64.57,64.02,4.29,4.73,4.95,2.31,0.0,0.0,846.89,144.87
63.9255,0.0,4.84,4.07,8.25,36.19,94.6,457.6,206.69,67.32,151.25,67.98,11.11,9.9,4.73,2.75,2.86,812.24,317.9
63.9355,0.0,3.19,4.07,7.04,29.26,79.09,435.93,198.0,60.61,199.76,128.37,64.68,28.05,9.46,6.82,8.8,756.58,506.55
63.9455,0.0,4.84,5.5,4.73,29.26,62.15,397.87,184.14,64.57,216.59,174.68,87.01,43.01,12.98,12.32,13.2,688.49,624.36
63.9555,0.0,4.84,2.75,4.73,27.83,41.91,321.09,170.39,69.96,221.65,202.4,94.49,62.59,14.19,16.5,16.06,573.54,697.84
63.9655,0.0,4.84,4.07,3.52,26.4,30.14,207.57,164.12,69.96,220.0,212.19,99.0,65.67,16.61,24.75,17.6,440.66,725.78
63.9755,0.0,4.84,2.75,2.31,22.22,24.86,108.57,150.26,67.32,218.35,207.24,104.94,68.75,20.13,34.43,20.46,315.81,741.62
63.9855,0.0,3.19,2.75,2.31,18.04,20.9,56.43,116.27,66.0,226.93,205.59,106.37,71.83,23.65,38.61,20.46,219.89,759.44
63.9955,0.0,3.19,2.75,2.31,15.29,17.05,39.05,74.36,66.0,230.45,202.4,117.15,70.29,26.07,41.36,24.86,154.0,778.58
64.0055,0.0,3.19,2.75,0.0,12.54,13.09,28.93,51.04,66.0,239.25,199.1,121.88,73.37,29.59,44.11,23.43,111.54,796.73
64.0155,0.0,3.19,2.75,0.0,9.68,10.45,20.24,30.36,67.32,246.29,197.45,128.15,74.91,30.8,45.54,22.0,76.67,812.46
64.0255,0.0,3.19,0.0,0.0,6.93,7.81,14.41,12.32,68.64,256.96,192.61,132.88,74.91,30.8,49.61,26.4,44.66,832.81
64.0355,0.0,3.19,4.07,0.0,4.18,3.85,10.12,5.5,67.32,258.72,189.31,142.34,74.91,34.32,52.36,26.4,30.91,845.68
64.0455,0.0,0.0,0.0,0.0,4.18,3.85,8.69,2.75,64.57,260.48,181.17,148.72,78.1,36.74,53.79,26.4,19.47,849.97
64.0555,0.0,0.0,0.0,0.0,2.75,3.85,8.69,2.75,61.93,262.24,173.03,156.53,79.64,39.05,57.97,27.83,18.04,858.22
64.0655,0.0,0.0,2.75,0.0,2.75,2.53,7.15,0.0,56.65,260.48,168.19,164.45,82.72,42.68,63.91,29.26,15.18,868.34
64.0755,0.0,3.19,0.0,0.0,0.0,3.85,7.15,0.0,51.7,253.44,162.03,169.51,84.26,46.2,68.31,30.8,14.19,866.25
64.0855,0.0,3.19,0.0,0.0,2.75,2.53,5.72,0.0,48.07,248.05,155.87,176.44,87.34,48.62,74.36,30.8,14.19,869.55
64.0955,0.0,3.19,0.0,0.0,0.0,2.53,4.29,0.0,44.33,239.25,148.28,181.61,90.42,50.93,80.3,32.23,10.01,867.35
64.1055,0.0,3.19,2.75,0.0,0.0,2.53,4.29,0.0,39.38,226.93,139.04,190.19,93.5,54.56,84.81,33.66,12.76,862.07
64.1155,0.0,3.19,2.75,0.0,0.0,2.53,4.29,0.0,35.75,216.59,128.37,195.47,96.69,58.74,87.78,32.23,12.76,851.62
64.1255,0.0,3.19,2.75,0.0,0.0,2.53,4.29,0.0,33.22,206.47,119.13,200.64,99.77,58.74,93.72,35.2,12.76,846.89
64.1355,0.0,0.0,0.0,0.0,0.0,2.53,2.86,0.0,30.8,196.35,106.81,202.29,99.77,63.25,98.23,36.63,5.39,834.13
64.1455,0.0,3.19,0.0,0.0,0.0,2.53,0.0,0.0,28.27,182.93,95.92,210.98,101.31,66.22,99.66,36.63,5.72,821.92
64.1555,0.0,0.0,2.75,0.0,0.0,0.0,0.0,0.0,25.85,172.81,83.49,214.39,104.39,67.76,104.17,38.06,2.75,810.92
64.1655,0.0,0.0,2.75,0.0,0.0,2.53,2.86,0.0,23.43,159.5,72.71,217.91,107.47,72.27,110.22,38.06,8.14,801.57
64.1755,0.0,0.0,0.0,0.0,0.0,0.0,2.86,0.0,22.11,147.95,63.36,223.08,107.47,75.35,113.19,39.6,2.86,792.11
64.1855,0.0,3.19,0.0,0.0,0.0,0.0,2.86,0.0,20.9,136.51,54.34,230.01,112.09,76.78,116.27,38.06,6.05,784.96
64.1955,0.0,0.0,2.75,0.0,0.0,0.0,0.0,0.0,18.48,123.31,47.19,233.53,113.63,81.4,120.89,38.06,2.75,776.49
64.2055,0.0,3.19,0.0,0.0,0.0,0.0,0.0,0.0,17.16,110.22,40.04,237.05,113.63,84.37,127.05,38.06,3.19,767.58
64.2155,0.0,0.0,0.0,0.0,0.0,0.0,0.0,0.0,15.95,99.44,32.89,237.05,118.47,87.34,130.02,42.46,0.0,763.62
64.2255,0.0,0.0,0.0,0.0,0.0,0.0,0.0,0.0,15.95,90.2,27.17,242.33,121.66,88.88,137.72,42.46,0.0,766.37
64.2355,0.0,0.0,0.0,0.0,0.0,0.0,0.0,0.0,14.74,76.34,22.88,244.09,123.31,93.39,145.42,44.0,0.0,764.17
64.2455,0.0,3.19,0.0,0.0,0.0,0.0,0.0,0.0,14.74,67.1,18.59,244.09,128.15,94.93,153.01,44.0,3.19,764.61
64.2555,0.0,0.0,2.75,0.0,0.0,0.0,0.0,0.0,13.53,59.4,14.3,244.09,133.1,99.44,157.63,42.46,2.75,763.95
64.2655,0.0,0.0,0.0,0.0,0.0,0.0,0.0,0.0,13.53,51.15,14.3,244.09,133.1,100.98,166.87,45.43,0.0,769.45
64.2755,0.0,0.0,0.0,0.0,0.0,0.0,0.0,0.0,13.53,41.25,11.44,244.09,136.29,103.95,173.36,42.46,0.0,766.37
64.2855,0.0,0.0,2.75,0.0,0.0,0.0,0.0,0.0,12.32,33.0,10.01,238.81,137.94,105.49,179.85,46.86,2.75,764.28
64.2955,0.0,0.0,2.75,0.0,0.0,0.0,0.0,0.0,11.0,24.75,10.01,233.53,139.59,103.95,191.18,48.4,2.75,762.41
64.3055,0.0,0.0,0.0,0.0,0.0,0.0,0.0,0.0,9.79,18.15,8.58,226.49,139.59,110.0,199.32,46.86,0.0,758.78
64.3155,0.0,0.0,0.0,0.0,0.0,0.0,0.0,0.0,8.58,16.5,7.15,216.15,142.78,110.0,210.65,46.86,0.0,758.67
64.3255,0.0,0.0,0.0,0.0,0.0,0.0,0.0,0.0,7.37,14.85,2.86,207.46,139.59,116.49,221.98,49.83,0.0,760.43
64.3355,0.0,0.0,2.75,0.0,0.0,0.0,0.0,0.0,4.84,9.9,4.29,202.29,142.78,120.01,235.51,48.4,2.75,768.02
64.3455,0.0,0.0,2.75,0.0,0.0,0.0,0.0,0.0,4.84,11.55,4.29,195.47,145.97,120.01,252.67,54.23,2.75,789.03
64.3555,0.0,0.0,0.0,0.0,0.0,0.0,0.0,0.0,3.63,6.6,2.86,185.02,145.97,123.42,269.83,57.2,0.0,794.53
64.3655,0.0,0.0,0.0,0.0,0.0,0.0,0.0,0.0,3.63,8.25,4.29,172.92,149.27,125.18,281.82,64.9,0.0,810.26
64.3755,0.0,0.0,0.0,0.0,0.0,0.0,0.0,0.0,3.63,8.25,2.86,161.26,149.27,128.7,302.28,67.98,0.0,824.23
64.3855,0.0,0.0,0.0,0.0,0.0,0.0,0.0,0.0,0.0,4.95,2.86,147.07,154.11,130.46,315.92,77.11,0.0,832.48
64.3955,0.0,0.0,0.0,0.0,0.0,0.0,0.0,0.0,0.0,3.3,2.86,129.69,154.11,130.46,334.62,84.81,0.0,839.85
64.4055,3.41,0.0,0.0,0.0,0.0,0.0,0.0,0.0,0.0,3.3,0.0,112.42,155.76,128.7,351.67,92.51,3.41,844.36
64.4155,5.06,0.0,0.0,0.0,0.0,0.0,0.0,0.0,0.0,4.95,0.0,95.92,154.11,128.7,361.9,100.1,5.06,845.68
64.4255,13.75,0.0,0.0,2.31,0.0,0.0,0.0,0.0,0.0,3.3,0.0,81.07,150.92,126.94,375.54,103.18,16.06,840.95
64.4355,30.91,0.0,0.0,2.31,0.0,0.0,0.0,0.0,0.0,0.0,0.0,66.11,149.27,123.42,389.18,106.26,33.22,834.24
64.4455,55.11,0.0,0.0,3.52,4.18,2.53,0.0,0.0,0.0,4.95,0.0,52.58,142.78,120.01,398.09,112.42,65.34,830.83
64.4555,77.44,0.0,0.0,3.52,5.5,2.53,0.0,0.0,0.0,3.3,0.0,39.82,139.59,114.73,405.24,115.61,88.99,818.29
64.4655,99.88,0.0,0.0,3.52,5.5,3.85,0.0,0.0,0.0,3.3,0.0,27.06,131.45,105.49,405.24,115.61,112.75,788.15
64.4755,118.91,50.16,81.07,5.83,5.5,3.85,2.86,2.75,0.0,3.3,0.0,15.84,120.12,94.93,398.09,117.15,270.93,749.43
64.4855,115.39,112.42,138.38,22.44,6.93,5.17,2.86,4.07,0.0,3.3,0.0,12.65,105.93,82.83,385.77,115.61,407.66,706.09
64.4955,108.46,140.91,178.75,48.4,9.68,6.49,5.72,6.82,0.0,3.3,0.0,14.3,85.8,70.84,361.9,112.42,505.23,648.56
64.5055,106.7,142.56,206.14,54.34,27.83,20.9,20.24,13.75,0.0,3.3,0.0,12.65,61.05,55.77,324.39,113.96,592.46,571.12
64.5155,108.46,142.56,224.4,54.34,33.44,34.1,41.91,19.25,0.0,0.0,0.0,15.84,51.26,46.2,242.33,123.53,658.46,479.16
64.5255,110.22,145.97,235.07,56.76,40.37,44.55,63.8,20.68,0.0,3.3,2.86,14.3,41.36,35.53,142.34,134.75,717.42,374.44
64.5355,113.63,147.62,247.5,56.76,45.98,52.47,87.67,22.0,0.0,0.0,0.0,14.3,34.76,27.28,80.3,121.99,773.63,278.63
64.5455,117.15,152.68,258.17,55.55,47.3,56.43,99.55,23.43,0.0,3.3,0.0,9.46,29.81,21.34,38.61,90.97,810.26,193.49
64.5555,124.19,155.98,265.32,55.55,51.48,59.29,110.0,24.75,0.0,0.0,0.0,9.46,21.45,16.61,28.93,57.2,846.56,133.65
64.5655,129.36,157.63,270.6,55.55,51.48,62.15,114.62,24.75,0.0,0.0,0.0,9.46,16.5,11.77,23.43,48.4,866.14,109.56
64.5755,132.88,162.69,274.23,56.76,52.91,62.15,116.27,26.18,0.0,0.0,0.0,6.27,13.2,8.25,16.5,36.63,884.07,80.85
64.5855,136.4,167.75,277.75,57.97,52.91,63.58,117.81,26.18,0.0,0.0,0.0,6.27,9.9,7.04,13.75,23.43,900.35,60.39
64.5955,138.16,169.51,279.51,56.76,52.91,63.58,121.11,27.5,0.0,0.0,0.0,3.08,6.6,5.83,11.0,10.23,909.04,36.74
64.6055,139.92,173.03,277.75,59.4,54.34,64.9,125.84,27.5,0.0,0.0,0.0,4.73,4.95,3.52,8.25,2.86,922.68,24.31
64.6155,139.92,173.03,275.99,60.83,54.34,64.9,125.84,27.5,0.0,0.0,0.0,3.08,4.95,3.52,8.25,5.83,922.35,25.63
64.6255,138.16,173.03,272.47,59.4,54.34,67.76,125.84,27.5,0.0,0.0,0.0,4.73,3.3,3.52,5.5,5.83,918.5,22.88
64.6355,136.4,171.27,268.84,60.83,54.34,66.33,125.84,27.5,0.0,0.0,0.0,4.73,3.3,3.52,8.25,5.83,911.35,25.63
64.6455,132.88,169.51,263.56,59.4,55.77,64.9,124.3,28.93,0.0,0.0,0.0,3.08,0.0,2.31,6.82,4.4,899.25,16.61
64.6555,127.6,164.34,256.41,60.83,55.77,66.33,125.84,26.18,0.0,0.0,0.0,3.08,3.3,0.0,6.82,5.83,883.3,19.03
64.6655,122.43,161.04,247.5,62.26,54.34,69.19,127.49,27.5,0.0,0.0,0.0,3.08,3.3,3.52,2.75,0.0,871.75,12.65
64.6755,115.39,155.98,242.11,62.26,55.77,69.19,125.84,27.5,0.0,0.0,0.0,3.08,0.0,2.31,2.75,4.4,854.04,12.54
64.6855,110.22,152.68,231.44,63.69,57.2,69.19,129.14,27.5,0.0,0.0,0.0,3.08,3.3,3.52,2.75,4.4,841.06,17.05
64.6955,105.05,147.62,224.4,67.98,57.2,70.62,127.49,27.5,0.0,0.0,0.0,3.08,0.0,2.31,4.07,4.4,827.86,13.86
64.7055,98.12,144.21,217.14,67.98,57.2,72.05,130.68,28.93,0.0,0.0,0.0,3.08,0.0,2.31,2.75,4.4,816.31,12.54
64.7155,94.71,139.26,209.77,70.84,57.2,73.48,133.98,28.93,0.0,0.0,0.0,3.08,3.3,0.0,4.07,4.4,808.17,14.85
64.7255,89.54,134.2,204.27,70.84,58.63,76.23,133.98,30.36,0.0,0.0,0.0,3.08,0.0,0.0,2.75,2.86,798.05,8.69
64.7355,84.37,127.49,197.01,73.7,61.6,79.09,138.71,30.36,0.0,0.0,0.0,0.0,0.0,0.0,4.07,2.86,792.33,6.93
64.7455,79.2,122.43,191.51,77.99,61.6,80.52,145.2,30.36,0.0,0.0,0.0,0.0,0.0,0.0,4.07,2.86,788.81,6.93
64.7555,74.03,117.37,186.01,77.99,64.57,83.38,151.58,31.68,0.0,0.0,0.0,0.0,0.0,0.0,0.0,0.0,786.61,0.0
64.7655,70.51,110.77,180.51,82.28,66.0,86.13,156.42,34.43,0.0,0.0,0.0,0.0,0.0,2.31,0.0,2.86,787.05,5.17
64.7755,67.1,105.82,173.25,85.14,68.97,88.99,164.45,35.86,0.0,0.0,0.0,0.0,0.0,0.0,4.07,2.86,789.58,6.93
64.7855,61.93,99.22,164.67,86.57,73.37,93.17,176.0,39.93,0.0,0.0,0.0,3.08,0.0,0.0,0.0,2.86,794.86,5.94
64.7955,56.76,92.73,158.07,92.29,76.34,96.03,186.56,45.54,0.0,0.0,0.0,0.0,0.0,0.0,0.0,0.0,804.32,0.0
64.8055,53.35,84.48,144.98,95.15,83.71,101.75,200.53,51.04,0.0,0.0,0.0,0.0,0.0,0.0,2.75,2.86,814.99,5.61
64.8155,49.94,76.34,135.08,99.44,86.57,107.36,214.61,57.97,0.0,0.0,0.0,0.0,0.0,0.0,0.0,2.86,827.31,2.86
64.8255,46.42,68.2,121.99,100.87,92.51,110.22,228.47,65.34,0.0,0.0,0.0,0.0,0.0,0.0,2.75,2.86,834.02,5.61
64.8355,43.01,58.3,112.2,105.16,96.91,114.62,240.35,72.82,0.0,0.0,0.0,0.0,0.0,0.0,0.0,2.86,843.37,2.86
64.8455,39.6,48.62,99.77,109.45,104.28,119.24,255.64,80.3,0.0,0.0,0.0,0.0,0.0,0.0,0.0,0.0,856.9,0.0
64.8555,34.43,38.83,82.72,113.96,110.22,122.32,271.04,90.75,0.0,0.0,0.0,0.0,0.0,0.0,0.0,0.0,864.27,0.0
64.8655,32.67,30.69,65.56,113.96,115.28,128.48,287.76,96.69,0.0,0.0,0.0,0.0,0.0,0.0,0.0,0.0,871.09,0.0
64.8755,29.26,22.66,48.29,117.04,120.45,132.99,299.42,108.57,0.0,0.0,0.0,0.0,0.0,0.0,0.0,2.86,878.68,2.86
64.8855,25.74,16.17,33.11,113.96,125.51,134.53,319.33,119.35,0.0,0.0,0.0,0.0,0.0,0.0,2.75,2.86,887.7,5.61
64.8955,24.09,12.87,22.0,109.45,130.68,134.53,332.64,127.05,0.0,0.0,0.0,0.0,0.0,0.0,0.0,0.0,893.31,0.0
64.9055,18.92,11.33,13.75,102.3,134.09,137.61,356.18,137.83,0.0,0.0,0.0,0.0,0.0,0.0,0.0,0.0,912.01,0.0
64.9155,15.4,9.68,13.75,93.72,135.74,137.61,376.09,150.26,0.0,0.0,0.0,0.0,0.0,0.0,0.0,0.0,932.25,0.0
64.9255,10.23,8.03,9.57,80.85,135.74,139.15,396.0,161.04,2.42,0.0,0.0,0.0,0.0,0.0,0.0,0.0,940.61,2.42
64.9355,3.41,4.84,8.25,67.98,132.33,139.15,412.39,172.04,2.42,0.0,0.0,0.0,0.0,0.0,0.0,0.0,940.39,2.42
64.9455,0.0,4.84,6.82,55.55,127.27,139.15,425.04,184.14,2.42,0.0,0.0,0.0,0.0,0.0,0.0,0.0,942.81,2.42
64.9555,0.0,4.84,5.5,44.88,122.1,137.61,443.19,192.83,3.63,0.0,0.0,0.0,0.0,0.0,0.0,0.0,950.95,3.63
64.9655,0.0,4.84,5.5,36.63,110.22,136.07,457.6,203.28,4.84,0.0,0.0,0.0,0.0,0.0,0.0,0.0,954.14,4.84
64.9755,0.0,4.84,5.5,27.17,101.31,132.99,470.25,211.86,8.58,0.0,0.0,0.0,0.0,0.0,0.0,0.0,953.92,8.58
64.9855,0.0,4.84,4.07,18.92,89.54,126.94,479.27,218.79,13.53,0.0,0.0,0.0,0.0,0.0,0.0,0.0,942.37,13.53
64.9955,0.0,4.84,5.5,11.77,79.31,120.78,490.05,224.07,22.11,0.0,0.0,3.08,0.0,0.0,0.0,0.0,936.32,25.19
65.0054,0.0,3.19,6.82,7.04,64.57,110.22,495.55,225.72,33.22,0.0,0.0,3.08,0.0,0.0,0.0,0.0,913.11,36.3
65.0154,0.0,3.19,4.07,7.04,45.98,98.89,495.55,225.72,41.91,0.0,0.0,4.73,3.3,2.31,0.0,0.0,880.44,52.25
65.0254,0.0,3.19,4.07,5.83,34.76,84.7,490.05,218.79,53.02,93.28,12.87,7.92,8.25,2.31,2.75,0.0,841.39,180.4
65.0354,0.0,4.84,5.5,4.73,30.58,69.19,468.38,211.86,57.97,161.15,85.03,43.01,33.11,8.25,8.25,7.26,795.08,404.03
65.0454,0.0,4.84,5.5,3.52,30.58,52.47,425.04,198.0,60.61,191.29,143.66,72.16,43.01,11.77,11.0,13.2,719.95,546.7
65.0554,0.0,4.84,4.07,2.31,29.26,39.27,338.03,189.42,68.64,216.59,182.82,91.52,57.97,14.19,15.18,16.06,607.2,662.97
65.0654,0.0,3.19,5.5,3.52,27.83,26.18,212.85,177.21,76.67,218.35,208.89,92.95,64.13,16.61,26.18,20.46,456.28,724.24
65.0754,0.0,3.19,4.07,0.0,25.08,24.86,110.0,161.04,76.67,221.65,212.19,95.92,70.29,22.44,33.11,20.46,328.24,752.73
65.0854,0.0,4.84,4.07,0.0,19.47,23.54,57.86,120.89,76.67,225.17,213.73,103.4,71.83,26.07,45.54,23.43,230.67,785.84
65.0954,0.0,4.84,4.07,0.0,16.72,18.26,40.48,78.76,72.6,226.93,212.19,110.88,74.91,30.8,53.79,24.86,163.13,806.96
65.1054,0.0,4.84,0.0,0.0,11.11,14.41,30.36,51.04,71.28,233.97,208.89,117.15,76.45,34.32,59.4,26.4,111.76,827.86
65.1154,0.0,3.19,0.0,0.0,6.93,10.45,21.67,24.75,71.28,239.25,205.59,124.96,78.1,40.26,65.34,27.83,66.99,852.61
65.1254,0.0,3.19,2.75,0.0,5.5,6.49,12.98,12.32,71.28,246.29,202.4,134.42,78.1,42.68,71.39,26.4,43.23,872.96
65.1354,0.0,3.19,2.75,0.0,4.18,2.53,10.12,4.07,71.28,251.68,199.1,139.15,78.1,46.2,75.79,29.26,26.84,890.56
65.1454,0.0,3.19,0.0,0.0,4.18,3.85,10.12,2.75,68.64,251.68,194.26,145.53,82.72,49.83,77.33,29.26,24.09,899.25
65.1554,0.0,0.0,0.0,0.0,2.75,2.53,8.69,0.0,66.0,249.81,190.96,147.07,85.8,52.14,87.78,32.23,13.97,911.79
65.1654,0.0,0.0,0.0,0.0,2.75,2.53,7.15,2.75,63.25,244.53,187.66,151.8,90.42,54.56,93.72,33.66,15.18,919.6
65.1754,0.0,0.0,2.75,0.0,0.0,3.85,5.72,2.75,59.29,237.49,182.82,151.8,91.96,57.2,101.2,33.66,15.07,915.42
65.1854,0.0,3.19,2.75,0.0,2.75,2.53,5.72,0.0,55.44,225.17,179.52,150.26,95.04,61.71,108.68,35.2,16.94,911.02
65.1954,0.0,0.0,2.75,0.0,0.0,2.53,4.29,0.0,50.49,213.29,174.68,148.72,98.23,64.79,117.81,36.63,9.57,904.64
65.2054,0.0,0.0,2.75,0.0,0.0,0.0,4.29,0.0,46.86,199.76,168.19,145.53,98.23,69.3,125.51,38.06,7.04,891.44
65.2154,0.0,3.19,0.0,0.0,0.0,2.53,4.29,0.0,41.91,182.93,157.41,142.34,104.39,69.3,131.56,39.6,10.01,869.44
65.2254,0.0,0.0,0.0,0.0,0.0,2.53,4.29,0.0,38.17,171.05,149.82,134.42,105.93,75.35,142.34,39.6,6.82,856.68
65.2354,0.0,3.19,0.0,0.0,0.0,2.53,2.86,0.0,35.75,156.2,142.12,134.42,107.47,76.78,153.01,41.03,8.58,846.78
65.2454,0.0,0.0,2.75,0.0,0.0,0.0,2.86,0.0,33.22,143.0,132.88,129.69,110.55,79.86,162.25,42.46,5.61,833.91
65.2554,0.0,3.19,0.0,0.0,0.0,2.53,2.86,0.0,32.01,133.21,125.29,126.61,116.82,81.4,170.17,42.46,8.58,827.97
65.2654,0.0,0.0,2.75,0.0,0.0,0.0,0.0,0.0,30.8,121.66,119.13,124.96,118.47,82.83,179.85,45.43,2.75,823.13
65.2754,0.0,0.0,0.0,0.0,0.0,0.0,2.86,0.0,28.27,113.41,109.89,124.96,124.96,85.91,189.64,46.86,2.86,823.9
65.2854,0.0,0.0,0.0,0.0,0.0,0.0,2.86,0.0,27.06,104.06,103.73,121.88,129.8,90.42,200.97,46.86,2.86,824.78
65.2954,0.0,0.0,0.0,0.0,0.0,0.0,0.0,0.0,25.85,94.82,92.84,124.96,133.1,93.39,210.65,52.8,0.0,828.41
65.3054,0.0,3.19,0.0,0.0,0.0,0.0,0.0,0.0,23.43,84.04,83.49,124.96,139.59,96.47,215.49,49.83,3.19,817.3
65.3154,0.0,3.19,2.75,0.0,0.0,0.0,0.0,0.0,22.11,74.8,72.71,124.96,144.43,96.47,228.58,57.2,5.94,821.26
65.3254,0.0,0.0,0.0,0.0,0.0,0.0,0.0,0.0,20.9,67.1,61.82,128.15,149.27,99.44,237.16,57.2,0.0,821.04
65.3354,0.0,0.0,0.0,0.0,0.0,0.0,0.0,0.0,19.69,56.1,51.48,126.61,152.46,102.52,244.09,60.28,0.0,813.23
65.3454,0.0,0.0,0.0,0.0,0.0,0.0,0.0,0.0,19.69,49.5,41.47,126.61,157.41,103.95,254.43,60.28,0.0,813.34
65.3554,0.0,0.0,0.0,0.0,0.0,0.0,0.0,0.0,18.48,37.95,32.89,126.61,158.95,105.49,264.66,60.28,0.0,805.31
65.3654,0.0,0.0,2.75,0.0,0.0,0.0,0.0,0.0,17.16,29.7,24.31,126.61,162.25,107.03,273.35,63.36,2.75,803.77
65.3754,0.0,0.0,0.0,0.0,0.0,0.0,0.0,0.0,17.16,23.1,15.73,120.23,167.09,108.46,280.17,64.9,0.0,796.84
65.3854,0.0,0.0,2.75,0.0,0.0,0.0,0.0,0.0,13.53,14.85,10.01,117.15,168.74,108.46,293.81,71.06,2.75,797.61
65.3954,0.0,0.0,0.0,0.0,0.0,0.0,0.0,0.0,8.58,14.85,10.01,110.88,170.39,110.0,302.28,74.14,0.0,801.13
65.4054,0.0,0.0,0.0,0.0,0.0,0.0,0.0,0.0,7.37,11.55,7.15,107.91,173.91,111.54,317.57,80.19,0.0,817.19
65.4154,0.0,0.0,0.0,0.0,0.0,0.0,0.0,0.0,4.84,8.25,5.72,100.43,175.78,111.54,331.21,84.81,0.0,822.58
65.4254,0.0,3.19,2.75,0.0,0.0,0.0,0.0,0.0,3.63,9.9,5.72,91.52,175.78,113.08,344.85,89.43,5.94,833.91
65.4354,0.0,0.0,2.75,0.0,0.0,0.0,0.0,0.0,2.42,6.6,5.72,82.5,175.78,113.08,358.49,97.02,2.75,841.61
65.4454,0.0,0.0,0.0,0.0,0.0,0.0,0.0,0.0,0.0,4.95,4.29,73.59,175.78,111.54,373.89,103.18,0.0,847.22
65.4554,0.0,0.0,0.0,0.0,0.0,0.0,0.0,0.0,2.42,4.95,2.86,63.14,177.54,110.0,392.7,113.96,0.0,867.57
65.4654,0.0,0.0,0.0,0.0,0.0,0.0,0.0,0.0,0.0,4.95,2.86,52.58,175.78,110.0,405.24,120.34,0.0,871.75
65.4754,0.0,0.0,0.0,0.0,0.0,0.0,0.0,0.0,0.0,3.3,2.86,44.55,172.15,107.03,421.3,125.18,0.0,876.37
65.4854,3.41,0.0,0.0,0.0,0.0,0.0,0.0,0.0,0.0,4.95,2.86,34.98,168.74,103.95,433.84,131.56,3.41,880.88
65.4954,3.41,0.0,0.0,0.0,0.0,0.0,0.0,0.0,0.0,3.3,2.86,27.06,162.25,100.98,442.75,136.29,3.41,875.49
65.5054,8.58,0.0,0.0,0.0,0.0,0.0,0.0,0.0,0.0,0.0,4.29,19.03,160.6,97.9,451.88,137.94,8.58,871.64
65.5154,17.16,0.0,0.0,0.0,0.0,0.0,0.0,0.0,0.0,0.0,2.86,11.11,152.46,90.42,464.53,142.78,17.16,864.16
65.5254,37.84,0.0,0.0,2.31,2.75,2.53,0.0,0.0,0.0,0.0,2.86,9.46,142.78,84.37,471.79,142.78,45.43,854.04
65.5354,63.69,0.0,0.0,2.31,4.18,2.53,0.0,0.0,0.0,3.3,2.86,7.92,136.29,76.78,470.03,142.78,72.71,839.96
65.5454,87.78,0.0,0.0,3.52,4.18,3.85,0.0,0.0,0.0,0.0,0.0,9.46,121.66,64.79,468.16,139.48,99.33,803.55
65.5554,115.39,0.0,5.5,4.73,4.18,2.53,0.0,0.0,0.0,0.0,2.86,7.92,105.93,55.77,448.25,133.1,132.33,753.83
65.5654,139.92,55.11,96.69,4.73,5.5,3.85,2.86,2.75,0.0,0.0,2.86,9.46,87.34,47.41,430.21,129.91,311.41,707.19
65.5754,132.88,127.49,159.72,9.46,6.93,3.85,0.0,4.07,0.0,0.0,2.86,12.65,68.75,41.47,398.09,118.8,444.4,642.62
65.5854,124.19,162.69,211.64,48.4,12.54,6.49,7.15,6.82,0.0,3.3,0.0,14.3,54.56,35.53,341.44,118.8,579.92,567.93
65.5954,124.19,169.51,245.74,59.4,26.4,23.54,24.53,15.18,0.0,0.0,2.86,12.65,51.26,29.59,240.68,118.8,688.49,455.84
65.6054,125.84,171.27,261.69,63.69,33.44,36.74,47.74,20.68,0.0,0.0,2.86,14.3,41.36,28.38,139.26,112.42,761.09,338.58
65.6154,127.6,171.27,272.47,65.12,34.76,44.55,69.74,23.43,0.0,0.0,2.86,12.65,34.76,24.86,78.76,95.48,808.94,249.37
65.6254,129.36,174.79,281.38,66.55,40.37,53.79,89.21,24.75,0.0,3.3,0.0,9.46,28.05,20.13,42.68,69.52,860.2,173.14
65.6354,132.88,178.31,286.99,69.41,44.55,57.86,101.09,24.75,0.0,0.0,0.0,9.46,21.45,16.61,30.36,49.83,895.84,127.71
65.6454,136.4,183.59,292.6,67.98,45.98,62.15,110.0,27.5,0.0,0.0,2.86,6.27,18.15,11.77,24.75,39.6,926.2,103.4
65.6554,139.92,187.11,294.47,69.41,45.98,62.15,116.27,27.5,0.0,0.0,0.0,4.73,11.55,8.25,16.5,22.0,942.81,63.03
65.6654,143.33,190.63,296.34,69.41,47.3,64.9,117.81,27.5,0.0,0.0,0.0,3.08,6.6,7.04,15.18,14.63,957.22,46.53
65.6754,145.09,192.39,296.34,70.84,47.3,64.9,119.46,28.93,0.0,0.0,0.0,4.73,4.95,4.73,8.25,7.26,965.25,29.92
65.6854,145.09,192.39,290.73,72.27,48.73,63.58,119.46,28.93,0.0,0.0,0.0,3.08,4.95,5.83,8.25,5.83,961.18,27.94
65.6954,143.33,192.39,288.86,72.27,48.73,64.9,119.46,28.93,0.0,0.0,0.0,3.08,4.95,3.52,9.57,4.4,958.87,25.52
65.7054,139.92,190.63,281.38,73.7,47.3,63.58,117.81,28.93,0.0,0.0,0.0,3.08,3.3,3.52,8.25,4.4,943.25,22.55
65.7154,136.4,187.11,274.23,75.13,45.98,63.58,114.62,27.5,0.0,0.0,0.0,3.08,4.95,2.31,8.25,5.83,924.55,24.42
65.7254,131.12,185.35,265.32,75.13,47.3,64.9,111.54,26.18,0.0,0.0,0.0,3.08,0.0,2.31,6.82,4.4,906.84,16.61
65.7354,122.43,181.83,252.89,77.99,45.98,66.33,108.57,27.5,0.0,0.0,0.0,0.0,0.0,3.52,6.82,4.4,883.52,14.74
65.7454,113.63,178.31,238.59,80.85,44.55,66.33,107.03,26.18,0.0,0.0,0.0,3.08,0.0,3.52,4.07,4.4,855.47,15.07
65.7554,103.29,171.27,229.68,82.28,45.98,67.76,105.6,27.5,0.0,0.0,0.0,3.08,3.3,2.31,5.5,4.4,833.36,18.59
65.7654,94.71,166.1,215.27,85.14,44.55,69.19,105.6,27.5,0.0,0.0,0.0,3.08,0.0,2.31,6.82,4.4,808.06,16.61
65.7754,86.02,159.39,202.51,89.43,44.55,69.19,108.57,26.18,0.0,0.0,0.0,3.08,0.0,2.31,5.5,2.86,785.84,13.75
65.7854,80.85,154.33,191.51,92.29,47.3,72.05,108.57,26.18,0.0,0.0,0.0,0.0,3.3,0.0,5.5,2.86,773.08,11.66
65.7954,75.68,149.27,182.38,95.15,45.98,74.8,110.0,27.5,0.0,0.0,0.0,0.0,0.0,0.0,2.75,2.86,760.76,5.61
65.8054,70.51,144.21,175.01,99.44,48.73,76.23,114.62,28.93,0.0,0.0,0.0,0.0,3.3,0.0,2.75,2.86,757.68,8.91
65.8154,65.34,137.5,169.62,102.3,48.73,76.23,119.46,30.36,0.0,0.0,0.0,0.0,3.3,0.0,4.07,2.86,749.54,10.23
65.8254,63.69,132.55,164.67,106.59,51.48,81.95,127.49,31.68,0.0,0.0,0.0,0.0,0.0,0.0,2.75,2.86,760.1,5.61
65.8354,60.17,125.84,163.02,108.02,54.34,86.13,133.98,30.36,0.0,0.0,0.0,0.0,0.0,2.31,2.75,2.86,761.86,7.92
65.8454,56.76,120.78,156.42,110.88,57.2,87.56,138.71,34.43,0.0,0.0,0.0,0.0,0.0,0.0,0.0,2.86,762.74,2.86
65.8554,55.11,114.07,154.77,115.5,60.17,93.17,146.85,35.86,0.0,0.0,0.0,0.0,0.0,0.0,4.07,2.86,775.5,6.93
65.8654,55.11,107.47,151.47,117.04,63.03,96.03,154.88,38.61,0.0,0.0,0.0,0.0,0.0,0.0,2.75,2.86,783.64,5.61
65.8754,51.59,104.17,146.63,123.2,66.0,97.46,166.1,42.68,0.0,0.0,0.0,0.0,0.0,0.0,0.0,2.86,797.83,2.86
65.8854,49.94,97.68,138.38,127.82,70.4,101.75,174.24,45.54,0.0,0.0,0.0,0.0,0.0,0.0,2.75,2.86,805.75,5.61
65.8954,46.42,91.08,131.89,130.9,73.37,104.5,184.8,51.04,0.0,0.0,0.0,0.0,0.0,0.0,2.75,2.86,814.0,5.61
65.9054,43.01,82.94,121.99,132.55,77.77,110.22,198.77,56.54,0.0,0.0,0.0,0.0,0.0,0.0,0.0,0.0,823.79,0.0
65.9154,39.6,73.04,110.66,138.71,82.17,114.62,209.33,63.91,0.0,0.0,0.0,0.0,0.0,0.0,2.75,2.86,832.04,5.61
65.9254,36.08,63.25,99.77,141.79,86.57,119.24,223.41,71.28,0.0,0.0,0.0,0.0,0.0,0.0,0.0,2.86,841.39,2.86
65.9354,34.43,53.46,87.34,143.33,89.54,120.78,236.94,77.33,0.0,0.0,0.0,0.0,0.0,0.0,0.0,0.0,843.15,0.0
65.9454,30.91,43.67,73.37,147.95,96.91,123.86,247.17,84.7,0.0,0.0,0.0,0.0,0.0,0.0,0.0,2.86,848.54,2.86
65.9554,29.26,35.64,59.4,151.14,99.88,130.02,262.46,96.69,0.0,0.0,0.0,0.0,0.0,0.0,2.75,2.86,864.49,5.61
65.9654,27.5,29.15,46.86,151.14,104.28,131.45,274.45,102.63,0.0,0.0,0.0,0.0,0.0,0.0,0.0,0.0,867.46,0.0
65.9754,24.09,21.01,33.11,149.49,105.71,132.99,289.41,111.65,0.0,0.0,0.0,0.0,0.0,0.0,0.0,2.86,867.46,2.86
65.9854,22.33,16.17,19.25,146.41,108.68,136.07,301.07,120.89,0.0,0.0,0.0,0.0,0.0,0.0,0.0,2.86,870.87,2.86
65.9954,18.92,12.87,15.18,141.79,111.87,137.61,314.38,130.13,0.0,0.0,0.0,0.0,0.0,0.0,0.0,2.86,882.75,2.86
66.0054,13.75,11.33,12.43,134.09,113.63,139.15,327.69,137.83,2.42,0.0,0.0,0.0,0.0,0.0,0.0,0.0,889.9,2.42
66.0154,10.23,9.68,9.57,127.82,113.63,139.15,343.42,148.72,0.0,0.0,0.0,0.0,0.0,0.0,0.0,0.0,902.22,0.0
66.0254,5.06,8.03,11.0,118.58,111.87,142.23,356.18,159.5,0.0,0.0,0.0,0.0,0.0,0.0,0.0,0.0,912.45,0.0
66.0354,0.0,6.38,6.82,108.02,110.22,143.77,365.2,167.2,0.0,0.0,0.0,0.0,0.0,0.0,0.0,0.0,907.61,0.0
66.0454,0.0,3.19,6.82,95.15,107.25,145.31,381.59,178.97,2.42,0.0,0.0,0.0,0.0,0.0,0.0,2.86,918.28,5.28
66.0554,0.0,3.19,5.5,82.28,101.31,145.31,392.37,189.42,2.42,0.0,0.0,0.0,0.0,0.0,0.0,0.0,919.38,2.42
66.0654,0.0,4.84,5.5,67.98,96.91,142.23,401.5,192.83,3.63,0.0,0.0,0.0,0.0,0.0,0.0,0.0,911.79,3.63
66.0754,0.0,3.19,5.5,56.76,88.11,143.77,412.39,201.52,4.84,0.0,0.0,0.0,0.0,0.0,0.0,0.0,911.24,4.84
66.0854,0.0,4.84,4.07,47.3,79.31,140.69,419.54,206.69,9.79,0.0,0.0,0.0,0.0,0.0,0.0,0.0,902.44,9.79
66.0954,0.0,3.19,5.5,36.63,71.94,139.15,425.04,210.21,20.9,0.0,0.0,0.0,0.0,0.0,0.0,0.0,891.66,20.9
66.1054,0.0,3.19,5.5,25.96,61.6,132.99,434.06,213.62,32.01,0.0,0.0,0.0,3.3,2.31,0.0,0.0,876.92,37.62
66.1154,0.0,3.19,5.5,15.29,48.73,123.86,439.56,215.38,45.54,0.0,0.0,0.0,4.95,3.52,0.0,2.86,851.51,56.87
66.1254,0.0,3.19,5.5,9.46,38.94,113.08,435.93,215.38,59.29,51.15,2.86,3.08,6.6,0.0,0.0,0.0,821.48,122.98
66.1354,0.0,4.84,4.07,8.25,29.26,97.46,428.67,208.45,68.64,149.6,69.52,9.46,11.55,4.73,2.75,2.86,781.0,319.11
66.1454,0.0,3.19,2.75,5.83,30.58,77.66,399.63,201.52,64.57,196.35,131.45,64.68,33.11,10.67,9.57,10.23,721.16,520.63
66.1554,0.0,4.84,4.07,4.73,29.26,56.43,336.16,191.07,67.32,211.53,184.47,91.52,47.96,12.98,12.32,14.63,626.56,642.73
66.1654,0.0,4.84,5.5,4.73,27.83,39.27,231.88,185.9,76.67,221.65,213.73,95.92,65.67,15.4,16.5,17.6,499.95,723.14
66.1754,0.0,4.84,2.75,3.52,22.22,27.5,124.3,180.73,77.99,220.0,226.93,99.0,70.29,18.92,27.5,20.46,365.86,761.09
66.1854,0.0,4.84,2.75,2.31,19.47,26.18,63.8,153.34,76.67,221.65,225.28,103.4,73.37,22.44,37.18,20.46,272.69,780.45
66.1954,0.0,4.84,2.75,0.0,16.72,22.22,43.45,101.2,76.67,225.17,223.63,107.91,74.91,26.07,44.11,23.43,191.18,801.9
66.2054,0.0,4.84,4.07,0.0,12.54,17.05,31.79,74.36,75.35,232.21,218.68,112.42,76.45,29.59,48.29,24.86,144.65,817.85
66.2154,0.0,3.19,4.07,0.0,9.68,13.09,24.53,49.61,74.03,233.97,212.19,118.69,78.1,32.01,52.36,24.86,104.17,826.21
66.2254,0.0,3.19,2.75,0.0,6.93,9.13,17.38,24.75,74.03,239.25,210.54,124.96,78.1,34.32,56.54,23.43,64.13,841.17
66.2354,0.0,3.19,2.75,0.0,4.18,5.17,12.98,12.32,72.6,244.53,207.24,131.34,79.64,36.74,60.94,26.4,40.59,859.43
66.2454,0.0,3.19,0.0,0.0,2.75,5.17,8.69,2.75,71.28,244.53,200.75,136.07,84.26,41.47,71.39,29.26,22.55,879.01
66.2554,0.0,0.0,0.0,0.0,2.75,3.85,7.15,2.75,68.64,244.53,200.75,137.61,85.8,46.2,77.33,27.83,16.5,888.69
66.2654,0.0,0.0,2.75,0.0,0.0,5.17,5.72,2.75,66.0,237.49,197.45,139.15,90.42,49.83,89.21,29.26,16.39,898.81
66.2754,0.0,3.19,4.07,0.0,2.75,3.85,7.15,0.0,64.57,233.97,197.45,136.07,93.5,53.35,98.23,32.23,21.01,909.37
66.2854,0.0,0.0,2.75,0.0,0.0,2.53,5.72,0.0,60.61,221.65,199.1,136.07,95.04,55.77,104.17,30.8,11.0,903.21
66.2954,0.0,3.19,0.0,0.0,0.0,2.53,5.72,0.0,57.97,213.29,197.45,129.69,98.23,60.28,113.19,32.23,11.44,902.33
66.3054,0.0,3.19,0.0,0.0,0.0,2.53,5.72,0.0,54.23,199.76,194.26,128.15,99.77,63.25,123.97,32.23,11.44,895.62
66.3154,0.0,0.0,2.75,0.0,0.0,2.53,4.29,0.0,50.49,191.29,189.31,123.42,99.77,64.79,134.64,36.63,9.57,890.34
66.3254,0.0,0.0,2.75,0.0,0.0,0.0,4.29,0.0,46.86,177.87,182.82,120.23,105.93,66.22,143.88,38.06,7.04,881.87
66.3354,0.0,3.19,2.75,0.0,0.0,0.0,4.29,0.0,41.91,162.8,174.68,113.96,105.93,69.3,153.01,38.06,10.23,859.65
66.3454,0.0,3.19,0.0,0.0,0.0,2.53,2.86,0.0,39.38,151.25,163.57,115.5,110.55,72.27,159.17,39.6,8.58,851.29
66.3554,0.0,0.0,0.0,0.0,0.0,2.53,0.0,0.0,35.75,141.35,154.33,112.42,112.09,73.81,168.52,41.03,2.53,839.3
66.3654,0.0,0.0,2.75,0.0,0.0,0.0,2.86,0.0,33.22,131.56,142.12,113.96,115.28,79.86,181.5,42.46,5.61,839.96
66.3754,0.0,3.19,2.75,0.0,0.0,0.0,0.0,0.0,30.8,120.01,128.37,112.42,123.31,81.4,189.64,42.46,5.94,828.41
66.3854,0.0,0.0,0.0,0.0,0.0,0.0,0.0,0.0,28.27,108.68,114.51,112.42,126.61,84.37,197.67,45.43,0.0,817.96
66.3954,0.0,0.0,0.0,0.0,0.0,0.0,0.0,0.0,27.06,97.9,103.73,113.96,129.8,88.88,210.65,46.86,0.0,818.84
66.4054,0.0,0.0,0.0,0.0,0.0,0.0,0.0,0.0,24.64,88.66,91.3,112.42,136.29,91.96,220.44,49.83,0.0,815.54
66.4154,0.0,3.19,0.0,0.0,0.0,0.0,0.0,0.0,23.43,77.88,78.87,113.96,141.13,94.93,225.28,49.83,3.19,805.31
66.4254,0.0,0.0,0.0,0.0,0.0,0.0,0.0,0.0,20.9,67.1,69.52,113.96,142.78,96.47,240.68,54.23,0.0,805.64
66.4353,0.0,0.0,0.0,0.0,0.0,0.0,0.0,0.0,19.69,56.1,57.2,110.88,150.92,97.9,250.91,55.77,0.0,799.37
66.4453,0.0,0.0,0.0,0.0,0.0,0.0,0.0,0.0,19.69,44.55,45.76,112.42,154.11,100.98,259.6,58.74,0.0,795.85
66.4553,0.0,0.0,2.75,0.0,0.0,0.0,0.0,0.0,18.48,37.95,38.61,112.42,157.41,102.52,269.83,61.82,2.75,799.04
66.4653,0.0,0.0,0.0,0.0,0.0,0.0,0.0,0.0,17.16,29.7,28.6,109.34,162.25,102.52,281.82,64.9,0.0,796.29
66.4753,0.0,0.0,2.75,0.0,0.0,0.0,0.0,0.0,15.95,21.45,22.88,107.91,167.09,103.95,288.64,67.98,2.75,795.85
66.4853,0.0,0.0,2.75,0.0,0.0,0.0,0.0,0.0,14.74,18.15,14.3,104.94,168.74,105.49,300.63,71.06,2.75,798.05
66.4953,0.0,0.0,0.0,0.0,0.0,0.0,0.0,0.0,12.32,11.55,10.01,103.4,172.15,107.03,310.75,75.57,0.0,802.78
66.5053,0.0,0.0,2.75,0.0,0.0,0.0,0.0,0.0,9.79,13.2,8.58,97.46,172.15,108.46,314.16,77.11,2.75,800.91
66.5153,0.0,0.0,0.0,0.0,0.0,0.0,0.0,0.0,7.37,11.55,8.58,94.49,170.39,108.46,327.8,81.73,0.0,810.37
66.5253,0.0,0.0,2.75,0.0,0.0,0.0,0.0,0.0,6.16,11.55,7.15,88.55,170.39,108.46,338.03,84.81,2.75,815.1
66.5353,0.0,0.0,0.0,0.0,0.0,0.0,0.0,0.0,4.84,6.6,4.29,82.5,173.91,111.54,346.61,89.43,0.0,819.72
66.5453,0.0,0.0,0.0,0.0,0.0,0.0,0.0,0.0,3.63,6.6,5.72,75.13,172.15,110.0,356.84,95.48,0.0,825.55
66.5553,0.0,0.0,0.0,0.0,0.0,0.0,0.0,0.0,2.42,4.95,5.72,67.65,170.39,107.03,370.48,100.1,0.0,828.74
66.5653,0.0,0.0,0.0,0.0,0.0,0.0,0.0,0.0,0.0,4.95,4.29,60.17,170.39,108.46,382.36,106.26,0.0,836.88
66.5753,0.0,0.0,0.0,0.0,0.0,0.0,0.0,0.0,2.42,4.95,2.86,52.58,170.39,108.46,392.7,106.26,0.0,840.62
66.5853,0.0,0.0,0.0,0.0,0.0,0.0,0.0,0.0,0.0,3.3,2.86,44.55,168.74,105.49,403.37,115.61,0.0,843.92
66.5953,3.41,0.0,0.0,0.0,0.0,0.0,0.0,0.0,0.0,0.0,4.29,39.82,165.44,103.95,414.15,115.61,3.41,843.26
66.6053,6.82,0.0,0.0,0.0,0.0,0.0,0.0,0.0,0.0,3.3,2.86,33.44,160.6,100.98,421.3,120.34,6.82,842.82
66.6153,15.4,0.0,0.0,2.31,0.0,0.0,0.0,0.0,0.0,3.3,2.86,22.22,158.95,97.9,437.36,128.37,17.71,850.96
66.6253,30.91,0.0,0.0,2.31,2.75,0.0,0.0,0.0,0.0,0.0,4.29,19.03,154.11,94.93,444.62,133.1,35.97,850.08
66.6353,51.59,0.0,0.0,2.31,0.0,0.0,0.0,0.0,0.0,0.0,2.86,9.46,147.62,93.39,451.88,137.94,53.9,843.15
66.6453,72.27,0.0,0.0,2.31,2.75,2.53,0.0,0.0,0.0,3.3,0.0,7.92,137.94,84.37,459.14,141.13,79.86,833.8
66.6553,89.54,0.0,0.0,4.73,2.75,2.53,0.0,0.0,0.0,0.0,2.86,6.27,129.8,78.32,460.9,137.94,99.55,816.09
66.6653,110.22,24.31,49.72,4.73,5.5,3.85,0.0,0.0,0.0,0.0,0.0,7.92,113.63,67.76,457.27,139.48,198.33,786.06
66.6753,111.87,89.43,106.04,7.04,4.18,3.85,2.86,2.75,0.0,0.0,0.0,7.92,102.85,57.2,446.38,134.75,328.02,749.1
66.6853,103.29,129.14,143.33,29.48,6.93,5.17,4.29,4.07,0.0,0.0,2.86,6.27,85.8,48.62,423.06,128.37,425.7,694.98
66.6953,98.12,147.62,178.75,47.3,18.04,9.13,7.15,6.82,0.0,0.0,0.0,11.11,64.13,41.47,392.7,121.99,512.93,631.4
66.7053,96.36,152.68,198.77,55.55,32.01,19.58,24.53,16.5,0.0,0.0,0.0,9.46,52.91,34.32,338.03,117.15,595.98,551.87
66.7153,96.36,154.33,218.9,60.83,33.44,34.1,47.74,19.25,0.0,0.0,2.86,11.11,47.96,28.38,233.75,115.61,664.95,439.67
66.7253,101.53,161.04,227.92,63.69,38.94,41.91,66.77,20.68,0.0,0.0,0.0,9.46,38.06,26.07,128.59,109.34,722.48,311.52
66.7353,105.05,167.75,240.35,63.69,41.8,51.15,81.73,23.43,0.0,0.0,0.0,9.46,31.46,23.65,68.31,89.43,774.95,222.31
66.7453,108.46,173.03,245.74,67.98,44.55,55.11,93.61,24.75,0.0,0.0,0.0,7.92,26.4,17.71,37.18,61.82,813.23,151.03
66.7553,113.63,178.31,249.26,70.84,45.98,56.43,99.55,24.75,0.0,0.0,0.0,6.27,18.15,12.98,27.5,38.06,838.75,102.96
66.7653,115.39,183.59,251.02,73.7,45.98,60.72,102.63,26.18,0.0,0.0,0.0,4.73,13.2,9.46,20.68,29.26,859.21,77.33
66.7753,118.91,188.87,252.89,75.13,47.3,60.72,105.6,26.18,0.0,0.0,0.0,4.73,11.55,8.25,15.18,14.63,875.6,54.34
66.7853,120.67,192.39,251.02,77.99,47.3,63.58,108.57,26.18,0.0,0.0,0.0,4.73,8.25,5.83,11.0,8.8,887.7,38.61
66.7953,120.67,195.91,251.02,79.42,48.73,64.9,111.54,27.5,0.0,0.0,0.0,0.0,4.95,4.73,9.57,2.86,899.69,22.11
66.8053,118.91,194.15,251.02,79.42,50.16,67.76,114.62,27.5,0.0,0.0,0.0,3.08,3.3,3.52,11.0,4.4,903.54,25.3
66.8153,117.15,194.15,247.5,83.71,50.16,67.76,117.81,27.5,0.0,0.0,0.0,4.73,3.3,4.73,9.57,5.83,905.74,28.16
66.8253,113.63,192.39,240.35,83.71,52.91,70.62,119.46,28.93,0.0,0.0,0.0,3.08,4.95,3.52,9.57,5.83,902.0,26.95
66.8353,108.46,188.87,235.07,85.14,52.91,72.05,122.65,28.93,0.0,0.0,0.0,0.0,3.3,3.52,6.82,5.83,894.08,19.47
66.8453,103.29,181.83,229.68,88.0,54.34,73.48,124.3,27.5,0.0,0.0,0.0,0.0,4.95,3.52,6.82,4.4,882.42,19.69
66.8553,94.71,178.31,217.14,90.86,54.34,76.23,124.3,30.36,0.0,0.0,0.0,0.0,0.0,2.31,5.5,4.4,866.25,12.21
66.8653,86.02,171.27,208.01,95.15,52.91,79.09,127.49,30.36,0.0,0.0,0.0,3.08,3.3,2.31,6.82,4.4,850.3,19.91
66.8753,77.44,164.34,193.38,100.87,54.34,81.95,127.49,30.36,0.0,0.0,0.0,0.0,3.3,2.31,4.07,2.86,830.17,12.54
66.8853,68.86,157.63,178.75,106.59,54.34,84.7,129.14,30.36,0.0,0.0,0.0,3.08,0.0,2.31,5.5,4.4,810.37,15.29
66.8953,61.93,150.92,167.97,110.88,55.77,87.56,130.68,31.68,0.0,0.0,0.0,0.0,3.3,2.31,2.75,0.0,797.39,8.36
66.9053,58.52,142.56,156.42,117.04,57.2,90.42,132.33,30.36,0.0,0.0,0.0,3.08,3.3,2.31,2.75,0.0,784.85,11.44
66.9153,55.11,137.5,144.98,123.2,57.2,91.85,132.33,31.68,0.0,0.0,0.0,0.0,3.3,2.31,2.75,2.86,773.85,11.22
66.9253,51.59,132.55,136.73,127.82,58.63,93.17,137.17,33.11,0.0,0.0,0.0,0.0,0.0,0.0,4.07,0.0,770.77,4.07
66.9353,48.18,124.08,128.59,134.09,60.17,97.46,138.71,33.11,0.0,0.0,0.0,0.0,0.0,2.31,2.75,2.86,764.39,7.92
66.9453,46.42,119.13,123.64,138.71,60.17,100.32,143.55,35.86,0.0,0.0,0.0,0.0,0.0,0.0,2.75,4.4,767.8,7.15
66.9553,44.77,112.42,117.04,140.25,64.57,101.75,148.39,37.18,0.0,0.0,0.0,0.0,0.0,0.0,4.07,2.86,766.37,6.93
66.9653,43.01,105.82,112.2,141.79,67.54,104.5,154.88,38.61,0.0,0.0,0.0,0.0,0.0,0.0,4.07,2.86,768.35,6.93
66.9753,41.25,99.22,107.58,146.41,67.54,105.93,161.26,41.36,0.0,0.0,0.0,0.0,0.0,0.0,2.75,2.86,770.55,5.61
66.9853,39.6,94.38,101.31,149.49,71.94,108.79,169.29,42.68,0.0,0.0,0.0,0.0,0.0,0.0,2.75,2.86,777.48,5.61
66.9953,37.84,87.78,96.69,151.14,73.37,113.08,176.0,46.86,0.0,0.0,0.0,0.0,0.0,0.0,4.07,2.86,782.76,6.93
67.0053,36.08,81.29,90.42,155.76,76.34,114.62,184.8,49.61,0.0,0.0,0.0,0.0,0.0,0.0,2.75,2.86,788.92,5.61
67.0153,34.43,74.69,87.34,158.84,80.74,119.24,191.84,53.79,0.0,0.0,0.0,0.0,0.0,0.0,2.75,2.86,800.91,5.61
67.0253,32.67,69.74,79.53,163.46,82.17,122.32,200.53,59.4,0.0,0.0,0.0,0.0,0.0,0.0,4.07,0.0,809.82,4.07
67.0353,30.91,61.6,73.37,166.54,86.57,123.86,207.57,62.37,0.0,0.0,0.0,0.0,0.0,0.0,0.0,2.86,812.79,2.86
67.0453,29.26,56.65,64.02,169.73,91.08,126.94,216.37,69.85,0.0,0.0,0.0,0.0,0.0,0.0,2.75,0.0,823.9,2.75
67.0553,27.5,48.62,57.97,173.03,93.94,131.45,225.06,75.79,0.0,0.0,0.0,0.0,0.0,0.0,2.75,4.4,833.36,7.15
67.0653,25.74,43.67,48.29,174.57,96.91,134.53,236.94,83.27,0.0,0.0,0.0,0.0,0.0,0.0,2.75,2.86,843.92,5.61
67.0753,24.09,37.18,41.36,177.87,99.88,136.07,245.52,87.78,0.0,0.0,0.0,0.0,0.0,0.0,2.75,2.86,849.75,5.61
67.0853,24.09,29.15,33.11,177.87,99.88,139.15,257.4,98.12,0.0,0.0,0.0,0.0,0.0,0.0,2.75,0.0,858.77,2.75
67.0953,22.33,24.31,24.86,174.57,102.85,139.15,265.87,104.17,0.0,0.0,0.0,0.0,0.0,0.0,2.75,2.86,858.11,5.61
67.1053,20.57,17.82,17.93,174.57,104.28,142.23,276.1,113.19,0.0,0.0,0.0,0.0,0.0,0.0,0.0,0.0,866.69,0.0
67.1153,17.16,14.52,13.75,171.38,105.71,142.23,284.46,119.35,2.42,3.3,0.0,0.0,0.0,0.0,0.0,2.86,868.56,8.58
67.1253,13.75,12.87,9.57,166.54,107.25,143.77,296.12,127.05,6.16,0.0,2.86,0.0,0.0,0.0,0.0,2.86,876.92,11.88
67.1353,10.23,11.33,8.25,161.92,104.28,146.85,304.37,136.29,2.42,0.0,0.0,0.0,0.0,0.0,0.0,0.0,883.52,2.42
67.1453,6.82,9.68,9.57,152.68,102.85,148.39,316.03,142.56,2.42,0.0,0.0,0.0,0.0,0.0,0.0,0.0,888.58,2.42
67.1553,0.0,6.38,6.82,143.33,104.28,146.85,326.04,153.34,2.42,0.0,0.0,0.0,0.0,0.0,0.0,0.0,887.04,2.42
67.1653,0.0,4.84,6.82,135.63,99.88,149.82,332.64,159.5,3.63,0.0,0.0,0.0,0.0,0.0,0.0,2.86,889.13,6.49
67.1753,0.0,6.38,4.07,121.66,96.91,148.39,343.42,167.2,2.42,0.0,0.0,0.0,0.0,0.0,0.0,0.0,888.03,2.42
67.1853,0.0,4.84,5.5,108.02,93.94,151.36,350.68,175.56,4.84,0.0,0.0,0.0,0.0,0.0,0.0,2.86,889.9,7.7
67.1953,0.0,3.19,5.5,93.72,88.11,149.82,361.57,182.49,8.58,0.0,0.0,0.0,0.0,0.0,0.0,0.0,884.4,8.58
67.2053,0.0,4.84,4.07,79.42,82.17,146.85,367.07,187.66,14.74,3.3,0.0,0.0,0.0,0.0,0.0,0.0,872.08,18.04
67.2153,0.0,4.84,2.75,63.69,77.77,145.31,376.09,194.59,28.27,3.3,0.0,0.0,3.3,2.31,0.0,0.0,865.04,37.18
67.2253,0.0,4.84,4.07,52.03,67.54,143.77,383.35,194.59,39.38,4.95,0.0,3.08,3.3,2.31,2.75,0.0,850.19,55.77
67.2353,0.0,3.19,4.07,38.94,60.17,137.61,386.98,194.59,45.54,56.1,2.86,4.73,8.25,2.31,0.0,0.0,825.55,119.79
67.2453,0.0,4.84,5.5,24.75,51.48,131.45,390.61,192.83,54.23,143.0,52.91,12.65,13.2,3.52,4.07,2.86,801.46,286.44
67.2553,0.0,4.84,4.07,15.29,40.37,119.24,385.22,189.42,50.49,177.87,120.67,58.74,31.46,8.25,9.57,10.23,758.45,467.28
67.2653,0.0,3.19,4.07,9.46,30.58,103.07,368.83,180.73,51.7,196.35,168.19,87.01,46.31,11.77,12.32,13.2,699.93,586.85
67.2753,0.0,3.19,4.07,7.04,27.83,77.66,334.4,175.56,57.97,199.76,202.4,94.49,65.67,14.19,19.25,19.03,629.75,672.76
67.2853,0.0,3.19,2.75,7.04,25.08,51.15,267.63,167.2,60.61,199.76,217.03,92.95,70.29,17.71,27.5,22.0,524.04,707.85
67.2953,0.0,4.84,4.07,4.73,23.65,35.42,162.91,162.58,59.29,198.11,213.73,99.0,74.91,22.44,38.61,22.0,398.2,728.09
67.3053,0.0,4.84,4.07,4.73,18.04,24.86,86.13,150.26,55.44,196.35,210.54,103.4,78.1,28.38,49.61,23.43,292.93,745.25
67.3153,0.0,4.84,0.0,2.31,16.72,20.9,46.31,114.73,53.02,198.11,203.94,109.34,81.18,34.32,57.97,26.4,205.81,764.28
67.3253,0.0,3.19,0.0,0.0,13.86,18.26,34.76,72.82,51.7,204.82,200.75,117.15,82.72,35.53,68.31,27.83,142.89,788.81
67.3353,0.0,3.19,2.75,0.0,11.11,14.41,24.53,55.11,50.49,213.29,194.26,124.96,85.8,41.47,71.39,26.4,111.1,808.06
67.3453,0.0,3.19,2.75,0.0,6.93,9.13,18.81,37.18,46.86,211.53,187.66,131.34,87.34,47.41,78.76,27.83,77.99,818.73
67.3553,0.0,3.19,0.0,0.0,5.5,9.13,12.98,16.5,44.33,211.53,182.82,140.8,88.88,49.83,90.75,32.23,47.3,841.17
67.3653,0.0,3.19,0.0,0.0,4.18,6.49,10.12,5.5,44.33,213.29,179.52,143.99,91.96,54.56,95.26,33.66,29.48,856.57
67.3753,0.0,3.19,0.0,0.0,0.0,5.17,8.69,2.75,41.91,211.53,179.52,150.26,96.69,55.77,105.71,33.66,19.8,875.05
67.3853,0.0,3.19,2.75,0.0,0.0,2.53,7.15,0.0,41.91,209.88,174.68,151.8,101.31,63.25,111.65,35.2,15.62,889.68
67.3953,0.0,3.19,0.0,0.0,2.75,2.53,5.72,2.75,40.7,209.88,176.33,154.99,102.85,66.22,117.81,35.2,16.94,903.98
67.4053,0.0,0.0,0.0,0.0,0.0,2.53,5.72,0.0,38.17,203.17,174.68,154.99,105.93,66.22,128.59,36.63,8.25,908.38
67.4153,0.0,0.0,0.0,0.0,0.0,3.85,4.29,0.0,35.75,198.11,169.73,153.45,110.55,69.3,134.64,38.06,8.14,909.59
67.4253,0.0,0.0,0.0,0.0,0.0,0.0,2.86,0.0,33.22,189.64,165.11,153.45,113.63,73.81,142.34,39.6,2.86,910.8
67.4353,0.0,0.0,0.0,0.0,0.0,2.53,2.86,0.0,29.59,181.17,154.33,158.18,116.82,76.78,148.39,39.6,5.39,904.86
67.4453,0.0,0.0,0.0,0.0,0.0,2.53,2.86,0.0,25.85,171.05,142.12,159.72,121.66,78.32,156.09,39.6,5.39,894.41
67.4553,0.0,3.19,0.0,0.0,0.0,2.53,4.29,0.0,23.43,161.15,132.88,159.72,123.31,82.83,159.17,41.03,10.01,883.52
67.4653,0.0,3.19,2.75,0.0,0.0,0.0,2.86,0.0,22.11,151.25,117.59,161.26,124.96,84.37,163.79,39.6,8.8,864.93
67.4753,0.0,3.19,0.0,0.0,0.0,0.0,0.0,0.0,20.9,141.35,105.27,162.91,126.61,87.34,171.71,44.0,3.19,860.09
67.4853,0.0,0.0,2.75,0.0,0.0,0.0,2.86,0.0,18.48,129.91,91.3,167.75,128.15,90.42,175.01,44.0,5.61,845.02
67.4953,0.0,0.0,0.0,0.0,0.0,2.53,0.0,0.0,18.48,120.01,75.79,171.27,133.1,93.39,179.85,41.03,2.53,832.92
67.5053,0.0,3.19,0.0,0.0,0.0,2.53,0.0,0.0,15.95,108.68,64.9,171.27,136.29,96.47,184.69,45.43,5.72,823.68
67.5153,0.0,0.0,0.0,0.0,0.0,0.0,0.0,0.0,14.74,96.36,54.34,174.68,137.94,99.44,189.64,45.43,0.0,812.57
67.5253,0.0,3.19,2.75,0.0,0.0,0.0,0.0,0.0,13.53,84.04,44.33,174.68,137.94,100.98,197.67,48.4,5.94,801.57
67.5353,0.0,0.0,0.0,0.0,0.0,2.53,0.0,0.0,13.53,73.26,34.32,176.44,142.78,100.98,204.16,48.4,2.53,793.87
67.5453,0.0,0.0,0.0,0.0,0.0,0.0,0.0,0.0,12.32,62.48,25.74,176.44,144.43,107.03,209.0,48.4,0.0,785.84
67.5553,0.0,0.0,0.0,0.0,0.0,0.0,0.0,0.0,12.32,54.45,21.45,171.27,147.62,108.46,215.49,51.26,0.0,782.32
67.5653,0.0,0.0,0.0,0.0,0.0,0.0,0.0,0.0,12.32,46.2,15.73,172.92,147.62,105.49,221.98,49.83,0.0,772.09
67.5753,0.0,0.0,0.0,0.0,0.0,0.0,0.0,0.0,12.32,36.3,14.3,166.1,149.27,110.0,233.75,52.8,0.0,774.84
67.5853,0.0,0.0,0.0,0.0,0.0,0.0,0.0,0.0,11.0,26.4,11.44,166.1,147.62,110.0,242.33,54.23,0.0,769.12
67.5953,0.0,0.0,0.0,0.0,0.0,0.0,0.0,0.0,11.0,21.45,10.01,161.26,150.92,108.46,252.67,57.2,0.0,772.97
67.6053,0.0,0.0,0.0,0.0,0.0,0.0,0.0,0.0,9.79,14.85,8.58,154.99,154.11,111.54,263.01,60.28,0.0,777.15
67.6153,0.0,0.0,0.0,0.0,0.0,0.0,0.0,0.0,8.58,13.2,7.15,148.72,154.11,111.54,273.35,64.9,0.0,781.55
67.6253,0.0,0.0,0.0,0.0,0.0,0.0,0.0,0.0,7.37,14.85,7.15,140.8,155.76,114.73,280.17,67.98,0.0,788.81
67.6353,0.0,0.0,2.75,0.0,0.0,0.0,0.0,0.0,4.84,9.9,5.72,136.07,157.41,113.08,290.4,67.98,2.75,785.4
67.6453,0.0,0.0,0.0,0.0,0.0,0.0,0.0,0.0,4.84,9.9,5.72,128.15,157.41,111.54,302.28,75.57,0.0,795.41
67.6553,0.0,0.0,0.0,0.0,0.0,0.0,0.0,0.0,3.63,8.25,5.72,123.42,158.95,113.08,309.1,78.65,0.0,800.8
67.6653,0.0,0.0,0.0,0.0,0.0,0.0,0.0,0.0,3.63,8.25,5.72,117.15,157.41,113.08,319.33,81.73,0.0,806.3
67.6753,0.0,3.19,0.0,0.0,0.0,0.0,0.0,0.0,3.63,8.25,4.29,110.88,158.95,113.08,331.21,86.35,3.19,816.64
67.6853,5.06,0.0,0.0,0.0,0.0,0.0,0.0,0.0,3.63,8.25,4.29,104.94,160.6,113.08,339.79,89.43,5.06,824.01
67.6953,5.06,0.0,0.0,0.0,0.0,0.0,0.0,0.0,2.42,4.95,4.29,99.0,160.6,116.49,348.26,93.94,5.06,829.95
67.7053,8.58,0.0,0.0,0.0,0.0,0.0,0.0,0.0,0.0,3.3,0.0,91.52,163.9,116.49,358.49,95.48,8.58,829.18
67.7153,15.4,0.0,0.0,0.0,0.0,0.0,0.0,0.0,0.0,4.95,2.86,82.5,163.9,116.49,368.72,103.18,15.4,842.6
67.7253,22.33,0.0,0.0,0.0,0.0,0.0,0.0,0.0,0.0,0.0,2.86,78.1,163.9,114.73,375.54,106.26,22.33,841.39
67.7353,32.67,0.0,0.0,0.0,2.75,0.0,0.0,0.0,0.0,4.95,0.0,69.08,162.25,110.0,384.12,109.34,35.42,839.74
67.7453,46.42,0.0,0.0,2.31,2.75,0.0,0.0,0.0,0.0,4.95,0.0,60.17,157.41,111.54,392.7,113.96,51.48,840.73
67.7553,53.35,0.0,0.0,3.52,2.75,2.53,0.0,0.0,0.0,3.3,2.86,50.93,155.76,110.0,398.09,115.61,62.15,836.55
67.7653,63.69,0.0,0.0,3.52,2.75,0.0,0.0,0.0,0.0,0.0,0.0,43.01,150.92,105.49,403.37,117.15,69.96,819.94
67.7753,79.2,4.84,15.18,4.73,4.18,2.53,0.0,0.0,0.0,0.0,2.86,31.79,145.97,99.44,408.76,117.15,110.66,805.97
67.7853,82.61,30.69,74.91,7.04,5.5,2.53,0.0,2.75,0.0,3.3,0.0,23.87,139.59,93.39,407.0,115.61,206.03,782.76
67.7953,79.2,69.74,118.69,38.94,19.47,7.81,5.72,5.5,0.0,3.3,0.0,14.3,128.15,84.37,403.37,113.96,345.07,747.45
67.8053,82.61,97.68,149.93,55.55,30.58,11.77,12.98,9.57,0.0,0.0,0.0,9.46,118.47,73.81,398.09,112.42,450.67,712.25
67.8153,86.02,110.77,164.67,62.26,38.94,26.18,37.62,17.93,0.0,0.0,0.0,9.46,101.31,61.71,378.95,107.8,544.39,659.23
67.8253,87.78,112.42,180.51,63.69,43.12,37.95,53.57,17.93,0.0,0.0,0.0,11.11,79.64,47.41,356.84,103.18,596.97,598.18
67.8353,87.78,114.07,189.64,69.41,44.55,44.55,71.28,20.68,0.0,0.0,0.0,9.46,52.91,37.95,312.51,98.56,641.96,511.39
67.8453,91.19,124.08,197.01,72.27,47.3,51.15,83.16,23.43,0.0,0.0,0.0,12.65,46.31,28.38,223.63,100.1,689.59,411.07
67.8553,96.36,130.79,204.27,77.99,48.73,57.86,90.64,23.43,0.0,0.0,0.0,12.65,34.76,23.65,120.89,98.56,730.07,290.51
67.8652,98.12,140.91,208.01,82.28,50.16,62.15,96.58,24.75,0.0,0.0,0.0,9.46,29.81,21.34,65.34,84.81,762.96,210.76
67.8752,101.53,147.62,211.64,88.0,50.16,66.33,99.55,26.18,0.0,0.0,0.0,9.46,23.1,16.61,31.68,58.74,791.01,139.59
67.8852,103.29,154.33,213.4,92.29,50.16,69.19,102.63,27.5,0.0,0.0,0.0,7.92,18.15,12.98,22.0,39.6,812.79,100.65
67.8952,103.29,155.98,213.4,99.44,51.48,72.05,105.6,28.93,0.0,0.0,0.0,6.27,14.85,8.25,19.25,29.26,830.17,77.88
67.9052,101.53,161.04,211.64,103.73,54.34,77.66,110.0,28.93,0.0,0.0,0.0,4.73,9.9,7.04,12.32,14.63,848.87,48.62
67.9152,98.12,161.04,209.77,108.02,54.34,83.38,113.08,28.93,0.0,0.0,0.0,4.73,4.95,5.83,11.0,7.26,856.68,33.77
67.9252,96.36,161.04,206.14,117.04,55.77,87.56,117.81,30.36,0.0,0.0,0.0,0.0,6.6,5.83,9.57,5.83,872.08,27.83
67.9352,91.19,159.39,202.51,123.2,57.2,90.42,122.65,33.11,0.0,0.0,0.0,3.08,4.95,3.52,8.25,5.83,879.67,25.63
67.9452,86.02,155.98,197.01,129.36,57.2,96.03,125.84,34.43,0.0,0.0,0.0,3.08,4.95,4.73,6.82,5.83,881.87,25.41
67.9552,79.2,150.92,187.88,134.09,58.63,97.46,130.68,34.43,0.0,0.0,0.0,3.08,4.95,2.31,5.5,4.4,873.29,20.24
67.9652,72.27,144.21,176.88,140.25,60.17,103.07,132.33,37.18,0.0,0.0,0.0,3.08,4.95,4.73,5.5,2.86,866.36,21.12
67.9752,65.34,135.85,166.32,144.87,63.03,104.5,135.52,39.93,0.0,0.0,0.0,3.08,0.0,3.52,4.07,2.86,855.36,13.53
67.9852,60.17,129.14,156.42,149.49,63.03,107.36,138.71,39.93,0.0,0.0,0.0,3.08,3.3,0.0,6.82,4.4,844.25,17.6
67.9952,55.11,120.78,149.93,154.22,63.03,111.65,140.36,44.11,0.0,0.0,0.0,3.08,0.0,2.31,5.5,4.4,839.19,15.29
68.0052,51.59,114.07,140.03,157.3,63.03,113.08,140.36,44.11,0.0,0.0,0.0,0.0,3.3,0.0,5.5,2.86,823.57,11.66
68.0152,48.18,107.47,130.24,161.92,64.57,116.16,143.55,44.11,0.0,0.0,0.0,3.08,0.0,2.31,5.5,0.0,816.2,10.89
68.0252,46.42,100.87,120.34,166.54,64.57,119.24,143.55,46.86,0.0,0.0,0.0,3.08,0.0,2.31,4.07,2.86,808.39,12.32
68.0352,43.01,92.73,112.2,169.73,67.54,120.78,145.2,49.61,0.0,0.0,0.0,0.0,0.0,2.31,5.5,2.86,800.8,10.67
68.0452,39.6,84.48,101.31,171.38,67.54,123.86,150.04,52.36,0.0,0.0,0.0,3.08,0.0,0.0,2.75,2.86,790.57,8.69
68.0552,37.84,76.34,96.69,176.22,67.54,125.4,153.23,55.11,0.0,0.0,0.0,0.0,0.0,2.31,0.0,2.86,788.37,5.17
68.0652,36.08,69.74,90.42,176.22,71.94,126.94,154.88,56.54,0.0,0.0,0.0,0.0,0.0,0.0,0.0,0.0,782.76,0.0
68.0752,34.43,64.9,84.26,181.06,73.37,130.02,159.72,59.4,0.0,0.0,0.0,0.0,0.0,0.0,4.07,2.86,787.16,6.93
68.0852,32.67,59.95,77.99,184.36,74.8,130.02,162.91,63.91,0.0,0.0,0.0,0.0,0.0,0.0,2.75,2.86,786.61,5.61
68.0952,30.91,55.11,73.37,185.9,76.34,132.99,169.29,65.34,0.0,0.0,0.0,0.0,0.0,0.0,4.07,2.86,789.25,6.93
68.1052,30.91,48.62,68.64,187.55,79.31,136.07,174.24,71.28,0.0,0.0,0.0,0.0,0.0,0.0,2.75,0.0,796.62,2.75
68.1152,29.26,43.67,62.48,189.2,83.71,137.61,183.04,74.36,0.0,0.0,0.0,0.0,0.0,0.0,0.0,2.86,803.33,2.86
68.1252,27.5,38.83,57.97,190.85,83.71,137.61,188.32,80.3,0.0,0.0,0.0,3.08,0.0,2.31,0.0,2.86,805.09,8.25
68.1352,27.5,33.99,52.47,192.39,88.11,142.23,198.77,87.78,0.0,0.0,0.0,0.0,0.0,0.0,2.75,2.86,823.24,5.61
68.1452,27.5,29.15,46.86,192.39,92.51,142.23,209.33,93.72,0.0,0.0,0.0,0.0,0.0,0.0,2.75,2.86,833.69,5.61
68.1552,25.74,25.85,41.36,192.39,95.48,146.85,218.13,101.2,0.0,0.0,0.0,0.0,0.0,0.0,0.0,0.0,847.0,0.0
68.1652,24.09,22.66,33.11,190.85,98.34,148.39,226.71,110.11,0.0,0.0,0.0,0.0,0.0,0.0,0.0,2.86,854.26,2.86
68.1752,24.09,17.82,27.61,189.2,98.34,149.82,236.94,117.81,0.0,0.0,0.0,0.0,0.0,0.0,0.0,0.0,861.63,0.0
68.1852,22.33,14.52,22.0,189.2,102.85,151.36,243.76,127.05,0.0,0.0,0.0,0.0,0.0,0.0,2.75,2.86,873.07,5.61
68.1952,20.57,12.87,16.5,185.9,102.85,151.36,255.64,133.21,2.42,3.3,2.86,0.0,0.0,0.0,2.75,0.0,878.9,11.33
68.2052,17.16,11.33,13.75,181.06,105.71,154.44,264.22,142.56,6.16,9.9,2.86,0.0,0.0,0.0,0.0,2.86,890.23,21.78
68.2152,13.75,9.68,9.57,176.22,104.28,154.44,274.45,150.26,6.16,8.25,2.86,0.0,0.0,0.0,2.75,0.0,892.65,20.02
68.2252,10.23,8.03,8.25,169.73,101.31,154.44,284.46,159.5,7.37,11.55,4.29,0.0,6.6,2.31,0.0,0.0,895.95,32.12
68.2352,5.06,8.03,6.82,157.3,101.31,155.98,292.82,165.66,7.37,11.55,4.29,3.08,4.95,0.0,2.75,0.0,892.98,33.99
68.2452,0.0,4.84,6.82,144.87,93.94,155.98,301.07,175.56,8.58,16.5,4.29,3.08,8.25,0.0,0.0,0.0,883.08,40.7
68.2552,0.0,4.84,5.5,130.9,91.08,155.98,306.02,180.73,9.79,19.8,0.0,7.92,11.55,3.52,4.07,0.0,875.05,56.65
68.2652,0.0,4.84,2.75,117.04,88.11,154.44,312.73,185.9,11.0,29.7,4.29,22.22,11.55,4.73,5.5,2.86,865.81,91.85
68.2752,0.0,3.19,4.07,98.01,80.74,155.98,316.03,189.42,15.95,36.3,4.29,54.12,13.2,7.04,8.25,4.4,847.44,143.55
68.2852,0.0,3.19,4.07,80.85,74.8,154.44,319.33,189.42,22.11,47.85,7.15,70.62,39.71,10.67,11.0,11.66,826.1,220.77
68.2952,0.0,3.19,2.75,66.55,66.0,151.36,321.09,189.42,24.64,70.18,31.46,82.5,57.97,12.98,13.75,13.2,800.36,306.68
68.3052,0.0,3.19,4.07,53.13,54.34,146.85,317.68,184.14,27.06,84.04,67.98,97.46,71.83,16.61,26.18,19.03,763.4,410.19
68.3152,0.0,3.19,4.07,38.94,43.12,142.23,306.02,180.73,30.8,105.6,97.46,103.4,78.1,21.34,37.18,22.0,718.3,495.88
68.3252,0.0,3.19,2.75,25.96,30.58,130.02,284.46,168.74,35.75,128.26,113.08,107.91,84.26,27.28,48.29,24.86,645.7,569.69
68.3352,0.0,3.19,2.75,14.19,22.22,114.62,248.93,157.96,35.75,136.51,119.13,113.96,87.34,32.01,63.91,26.4,563.86,615.01
68.3452,0.0,3.19,2.75,10.56,18.04,86.13,179.52,151.8,36.96,146.3,120.67,118.69,93.5,35.53,75.79,27.83,451.99,655.27
68.3552,0.0,0.0,4.07,8.25,15.29,51.15,98.12,150.26,38.17,156.2,122.21,124.96,96.69,41.47,86.24,29.26,327.14,695.2
68.3652,0.0,3.19,4.07,7.04,13.86,22.22,44.88,136.29,39.38,166.1,125.29,134.42,99.77,47.41,95.26,32.23,231.55,739.86
68.3752,0.0,3.19,2.75,7.04,9.68,17.05,27.5,86.24,41.91,179.52,129.91,139.15,102.85,52.14,104.17,30.8,153.45,780.45
68.3852,0.0,0.0,2.75,4.73,9.68,13.09,18.81,48.29,41.91,186.23,137.5,148.72,104.39,58.74,114.73,35.2,97.35,827.42
68.3952,0.0,0.0,0.0,4.73,5.5,10.45,12.98,31.68,43.12,189.64,140.58,150.26,110.55,61.71,122.43,35.2,65.34,853.49
68.4052,0.0,3.19,2.75,3.52,5.5,7.81,11.55,12.32,44.33,193.05,146.74,156.53,112.09,67.76,127.05,36.63,46.64,884.18
68.4152,0.0,0.0,2.75,4.73,4.18,7.81,7.15,5.5,45.54,194.7,154.33,159.72,116.82,69.3,136.18,36.63,32.12,913.22
68.4252,0.0,0.0,2.75,2.31,0.0,6.49,7.15,5.5,46.86,199.76,158.95,159.72,115.28,72.27,142.34,38.06,24.2,933.24
68.4352,0.0,3.19,0.0,3.52,2.75,6.49,4.29,2.75,48.07,199.76,163.57,161.26,118.47,73.81,145.42,38.06,22.99,948.42
68.4452,0.0,0.0,0.0,3.52,0.0,5.17,5.72,2.75,46.86,199.76,162.03,162.91,120.12,76.78,146.96,36.63,17.16,952.05
68.4552,0.0,3.19,0.0,2.31,2.75,2.53,4.29,4.07,45.54,198.11,158.95,164.45,121.66,76.78,151.47,39.6,19.14,956.56
68.4652,0.0,3.19,0.0,2.31,0.0,5.17,5.72,4.07,44.33,191.29,152.79,166.1,121.66,75.35,153.01,38.06,20.46,942.59
68.4752,0.0,0.0,0.0,2.31,0.0,3.85,4.29,0.0,41.91,187.99,148.28,167.75,120.12,78.32,151.47,39.6,10.45,935.44
68.4852,0.0,3.19,0.0,0.0,0.0,3.85,2.86,2.75,40.7,184.58,140.58,169.51,121.66,78.32,148.39,38.06,12.65,921.8
68.4952,0.0,3.19,2.75,0.0,0.0,3.85,2.86,0.0,38.17,181.17,131.45,169.51,120.12,79.86,148.39,41.03,12.65,909.7
68.5052,0.0,0.0,0.0,2.31,0.0,3.85,0.0,0.0,38.17,181.17,126.83,172.92,118.47,78.32,142.34,38.06,6.16,896.28
68.5152,0.0,0.0,0.0,2.31,0.0,2.53,2.86,0.0,36.96,176.11,122.21,176.44,115.28,78.32,140.8,39.6,7.7,885.72
68.5252,0.0,0.0,2.75,0.0,0.0,2.53,0.0,0.0,35.75,172.81,114.51,178.09,115.28,76.78,137.72,38.06,5.28,869.0
68.5352,0.0,0.0,0.0,2.31,0.0,2.53,0.0,0.0,34.43,169.4,109.89,178.09,116.82,75.35,136.18,39.6,4.84,859.76
68.5452,0.0,0.0,0.0,0.0,0.0,2.53,0.0,0.0,34.43,167.75,106.81,176.44,118.47,76.78,137.72,38.06,2.53,856.46
68.5552,0.0,0.0,0.0,2.31,0.0,2.53,0.0,0.0,34.43,166.1,105.27,176.44,115.28,76.78,134.64,39.6,4.84,848.54
68.5652,0.0,0.0,2.75,0.0,0.0,2.53,0.0,0.0,33.22,161.15,102.19,179.85,116.82,75.35,137.72,38.06,5.28,844.36
68.5752,0.0,0.0,0.0,0.0,0.0,2.53,0.0,0.0,32.01,156.2,102.19,178.09,116.82,76.78,139.26,39.6,2.53,840.95
68.5852,0.0,0.0,0.0,0.0,0.0,2.53,0.0,0.0,32.01,156.2,100.65,179.85,115.28,76.78,139.26,39.6,2.53,839.63
68.5952,0.0,0.0,0.0,0.0,0.0,2.53,0.0,0.0,30.8,152.9,103.73,179.85,118.47,76.78,142.34,39.6,2.53,844.47
68.6052,0.0,0.0,0.0,2.31,0.0,0.0,0.0,0.0,30.8,149.6,103.73,181.61,120.12,76.78,143.88,41.03,2.31,847.55
68.6152,0.0,0.0,0.0,0.0,0.0,2.53,0.0,0.0,30.8,146.3,103.73,181.61,121.66,79.86,146.96,39.6,2.53,850.52
68.6252,0.0,0.0,0.0,0.0,0.0,0.0,0.0,0.0,29.59,144.65,105.27,186.78,118.47,82.83,151.47,41.03,0.0,860.09
68.6352,0.0,0.0,0.0,0.0,0.0,2.53,0.0,0.0,29.59,143.0,106.81,186.78,123.31,84.37,151.47,41.03,2.53,866.36
68.6452,0.0,0.0,0.0,2.31,0.0,2.53,0.0,0.0,28.27,138.16,108.35,190.19,121.66,85.91,157.63,41.03,4.84,871.2
68.6552,0.0,0.0,2.75,0.0,0.0,0.0,0.0,0.0,28.27,136.51,108.35,193.71,124.96,87.34,163.79,44.0,2.75,886.93
68.6652,0.0,0.0,2.75,0.0,0.0,2.53,0.0,0.0,28.27,134.86,108.35,193.71,126.61,88.88,166.87,42.46,5.28,890.01
68.6752,0.0,3.19,2.75,0.0,5.5,2.53,0.0,0.0,27.06,131.56,108.35,198.88,126.61,91.96,170.17,44.0,13.97,898.59
68.6852,0.0,0.0,4.07,0.0,8.36,3.85,0.0,2.75,28.27,131.56,108.35,197.12,129.8,91.96,175.01,45.43,19.03,907.5
68.6952,3.41,0.0,5.5,2.31,12.54,3.85,4.29,2.75,27.06,126.61,108.35,198.88,131.45,94.93,176.66,45.43,34.65,909.37
68.7052,6.82,0.0,5.5,2.31,22.22,3.85,5.72,2.75,25.85,120.01,103.73,202.29,133.1,96.47,178.2,45.43,49.17,905.08
68.7152,8.58,0.0,6.82,7.04,33.44,3.85,17.38,4.07,25.85,116.71,102.19,202.29,131.45,96.47,183.15,45.43,81.18,903.54
68.7252,11.99,0.0,5.5,16.5,37.62,9.13,40.48,6.82,25.85,113.41,99.0,200.64,129.8,94.93,181.5,45.43,128.04,890.56
68.7352,15.4,3.19,6.82,28.38,38.94,17.05,53.57,11.0,23.43,107.14,94.38,198.88,131.45,96.47,179.85,45.43,174.35,877.03
68.7452,17.16,4.84,8.25,43.67,37.62,27.5,63.8,16.5,23.43,100.98,89.76,198.88,126.61,94.93,176.66,42.46,219.34,853.71
68.7552,18.92,6.38,5.5,56.76,40.37,34.1,65.34,17.93,22.11,96.36,83.49,197.12,124.96,93.39,175.01,44.0,245.3,836.44
68.7652,29.26,8.03,12.43,69.41,47.3,36.74,71.28,20.68,20.9,88.66,77.33,197.12,126.61,90.42,171.71,45.43,295.13,818.18
68.7752,32.67,9.68,17.93,80.85,48.73,44.55,81.73,22.0,20.9,82.5,69.52,195.47,123.31,90.42,166.87,45.43,338.14,794.42
68.7852,36.08,12.87,26.18,88.0,51.48,51.15,90.64,22.0,18.48,71.72,58.74,195.47,123.31,88.88,165.33,41.03,378.4,762.96
68.7952,37.84,14.52,33.11,92.29,51.48,57.86,99.55,24.75,17.16,64.02,50.05,195.47,121.66,85.91,159.17,44.0,411.4,737.44
68.8052,39.6,14.52,37.29,92.29,52.91,62.15,110.0,26.18,17.16,57.75,42.9,191.95,118.47,82.83,159.17,44.0,434.94,714.23
68.8152,37.84,16.17,38.61,95.15,54.34,67.76,117.81,27.5,15.95,49.5,32.89,185.02,116.82,82.83,153.01,41.03,455.18,677.05
68.8252,37.84,14.52,41.36,96.58,55.77,72.05,127.49,30.36,14.74,41.25,24.31,185.02,116.82,78.32,151.47,42.46,475.97,654.39
68.8352,37.84,14.52,42.79,96.58,55.77,77.66,137.17,33.11,14.74,34.65,18.59,179.85,112.09,75.35,146.96,41.03,495.44,623.26
68.8452,37.84,16.17,44.11,98.01,57.2,80.52,143.55,37.18,13.53,28.05,14.3,174.68,109.01,72.27,142.34,41.03,514.58,595.21
68.8552,39.6,16.17,44.11,98.01,58.63,84.7,148.39,38.61,13.53,19.8,10.01,167.75,105.93,69.3,137.72,38.06,528.22,562.1
68.8652,39.6,14.52,42.79,99.44,58.63,86.13,153.23,42.68,9.79,18.15,10.01,162.91,98.23,64.79,128.59,38.06,537.02,530.53
68.8752,39.6,17.82,41.36,100.87,61.6,88.99,156.42,46.86,8.58,16.5,8.58,154.99,95.04,60.28,123.97,33.66,553.52,501.6
68.8852,39.6,17.82,42.79,102.3,63.03,88.99,159.72,49.61,7.37,14.85,7.15,148.72,88.88,57.2,117.81,35.2,563.86,477.18
68.8952,39.6,19.36,44.11,103.73,64.57,91.85,161.26,51.04,4.84,11.55,7.15,142.34,85.8,54.56,113.19,33.66,575.52,453.09
68.9052,39.6,19.36,46.86,102.3,66.0,91.85,166.1,55.11,4.84,11.55,7.15,132.88,79.64,53.35,107.14,30.8,587.18,427.35
68.9152,41.25,19.36,48.29,100.87,66.0,93.17,169.29,57.97,4.84,9.9,2.86,124.96,74.91,49.83,104.17,30.8,596.2,402.27
68.9252,43.01,21.01,49.72,103.73,68.97,94.6,174.24,59.4,3.63,9.9,4.29,118.69,70.29,47.41,99.66,29.26,614.68,383.13
68.9352,43.01,22.66,53.79,103.73,70.4,93.17,179.52,62.37,3.63,9.9,4.29,107.91,68.75,44.99,95.26,27.83,628.65,362.56
68.9452,44.77,24.31,56.54,105.16,71.94,96.03,183.04,66.88,3.63,6.6,2.86,101.97,64.13,43.89,92.29,29.26,648.67,344.63
68.9552,44.77,24.31,59.4,105.16,73.37,98.89,190.08,68.31,2.42,6.6,0.0,94.49,61.05,42.68,86.24,24.86,664.29,318.34
68.9652,44.77,27.5,62.48,105.16,76.34,98.89,195.36,74.36,3.63,8.25,4.29,89.98,54.56,40.26,81.84,26.4,684.86,309.21
68.9752,46.42,27.5,67.1,106.59,76.34,100.32,202.29,78.76,2.42,6.6,0.0,82.5,52.91,39.05,78.76,26.4,705.32,288.64
68.9852,48.18,30.69,70.18,106.59,80.74,103.07,205.81,80.3,2.42,8.25,4.29,76.56,47.96,36.74,75.79,22.0,725.56,274.01
68.9952,48.18,32.34,71.83,109.45,83.71,104.5,211.09,84.7,2.42,4.95,4.29,72.16,46.31,35.53,74.36,24.86,745.8,264.88
69.0052,48.18,37.18,74.91,112.42,83.71,105.93,216.37,86.24,2.42,4.95,2.86,66.11,44.66,33.22,69.85,23.43,764.94,247.5
69.0152,48.18,40.48,74.91,115.5,86.57,105.93,218.13,87.78,2.42,6.6,2.86,58.74,41.36,32.01,65.34,19.03,777.48,228.36
69.0252,48.18,40.48,74.91,118.58,88.11,110.22,223.41,92.18,2.42,4.95,2.86,54.12,38.06,30.8,57.97,20.46,796.07,211.64
69.0352,48.18,43.67,76.45,120.12,91.08,111.65,228.47,93.72,0.0,3.3,0.0,50.93,36.41,28.38,55.11,20.46,813.34,194.59
69.0452,48.18,45.32,76.45,123.2,92.51,113.08,231.88,93.72,2.42,4.95,2.86,46.2,31.46,28.38,48.29,20.46,824.34,185.02
69.0552,48.18,46.97,76.45,124.74,93.94,116.16,233.53,96.69,2.42,6.6,2.86,38.17,28.05,26.07,45.54,20.46,836.66,170.17
69.0652,48.18,46.97,74.91,127.82,93.94,117.7,238.7,98.12,0.0,3.3,0.0,36.63,28.05,21.34,41.36,19.03,846.34,149.71
69.0752,46.42,48.62,76.45,132.55,98.34,119.24,240.35,98.12,0.0,3.3,2.86,34.98,21.45,21.34,37.18,17.6,860.09,138.71
69.0852,46.42,48.62,71.83,132.55,98.34,122.32,243.76,99.66,0.0,0.0,0.0,30.25,21.45,20.13,30.36,14.63,863.5,116.82
69.0952,46.42,46.97,73.37,135.63,98.34,119.24,245.52,101.2,2.42,4.95,2.86,25.41,21.45,17.71,28.93,16.06,866.69,119.79
69.1052,44.77,48.62,71.83,135.63,101.31,122.32,250.58,102.63,2.42,4.95,2.86,25.41,18.15,15.4,23.43,14.63,877.69,107.25
69.1152,43.01,46.97,70.18,135.63,102.85,125.4,253.99,104.17,2.42,4.95,0.0,23.87,16.5,14.19,20.68,14.63,882.2,97.24
69.1252,43.01,46.97,67.1,138.71,105.71,123.86,255.64,105.6,2.42,4.95,2.86,22.22,14.85,11.77,16.5,10.23,886.6,85.8
69.1352,41.25,45.32,65.56,138.71,104.28,126.94,260.81,107.14,0.0,0.0,0.0,22.22,13.2,10.67,15.18,8.8,890.01,70.07
69.1452,41.25,45.32,62.48,137.17,107.25,126.94,264.22,107.14,0.0,3.3,2.86,20.68,9.9,9.46,11.0,8.8,891.77,66.0
69.1552,39.6,45.32,64.02,138.71,105.71,126.94,264.22,107.14,2.42,4.95,2.86,17.49,8.25,8.25,11.0,7.26,891.66,62.48
69.1652,39.6,43.67,59.4,140.25,107.25,126.94,265.87,108.57,2.42,4.95,0.0,12.65,8.25,7.04,8.25,5.83,891.55,49.39
69.1752,37.84,42.13,57.97,140.25,108.68,130.02,267.63,108.57,2.42,4.95,0.0,12.65,6.6,7.04,8.25,4.4,893.09,46.31
69.1852,36.08,42.13,55.22,143.33,110.22,131.45,271.04,107.14,2.42,4.95,0.0,12.65,8.25,5.83,5.5,2.86,896.61,42.46
69.1952,36.08,40.48,53.79,143.33,108.68,131.45,271.04,108.57,0.0,0.0,0.0,9.46,6.6,4.73,6.82,4.4,893.42,32.01
69.2052,36.08,40.48,52.47,144.87,110.22,131.45,274.45,110.11,2.42,4.95,0.0,6.27,6.6,5.83,6.82,4.4,900.13,37.29
69.2152,34.43,40.48,52.47,147.95,111.87,132.99,276.1,110.11,2.42,0.0,0.0,7.92,8.25,4.73,6.82,2.86,906.4,33.0
69.2252,32.67,37.18,49.72,149.49,111.87,132.99,276.1,110.11,0.0,4.95,2.86,6.27,6.6,4.73,6.82,0.0,900.13,32.23
69.2352,32.67,35.64,48.29,147.95,111.87,134.53,279.51,111.65,2.42,4.95,0.0,6.27,6.6,3.52,5.5,2.86,902.11,32.12
69.2452,30.91,35.64,44.11,149.49,115.28,134.53,279.51,111.65,2.42,3.3,0.0,6.27,4.95,4.73,4.07,2.86,901.12,28.6
69.2552,30.91,33.99,41.36,151.14,111.87,136.07,282.81,113.19,2.42,3.3,0.0,3.08,6.6,4.73,4.07,0.0,901.34,24.2
69.2652,29.26,32.34,37.29,149.49,115.28,137.61,286.11,114.73,0.0,4.95,0.0,6.27,6.6,3.52,4.07,0.0,902.11,25.41
69.2752,27.5,29.15,37.29,152.68,115.28,139.15,284.46,114.73,0.0,3.3,0.0,4.73,3.3,4.73,2.75,0.0,900.24,18.81
69.2852,27.5,29.15,33.11,152.68,117.04,140.69,289.41,114.73,0.0,3.3,0.0,6.27,4.95,3.52,2.75,2.86,904.31,23.65
69.2951,27.5,27.5,28.93,152.68,118.69,140.69,291.06,117.81,0.0,0.0,0.0,3.08,4.95,3.52,2.75,0.0,904.86,14.3
69.3051,24.09,24.31,26.18,152.68,117.04,140.69,292.82,119.35,0.0,0.0,0.0,3.08,4.95,3.52,4.07,0.0,897.16,15.62
69.3151,24.09,22.66,23.43,151.14,117.04,140.69,292.82,120.89,0.0,0.0,0.0,4.73,4.95,2.31,4.07,0.0,892.76,16.06
69.3251,22.33,19.36,19.25,154.22,117.04,140.69,294.47,122.43,0.0,0.0,0.0,4.73,4.95,2.31,4.07,0.0,889.79,16.06
69.3351,20.57,16.17,16.5,154.22,115.28,142.23,294.47,123.97,0.0,0.0,0.0,4.73,3.3,3.52,2.75,0.0,883.41,14.3
69.3451,20.57,14.52,13.75,151.14,115.28,142.23,296.12,122.43,0.0,0.0,0.0,3.08,3.3,0.0,0.0,0.0,876.04,6.38
69.3551,17.16,12.87,12.43,152.68,115.28,145.31,297.77,125.51,0.0,0.0,0.0,3.08,3.3,3.52,4.07,0.0,879.01,13.97
69.3651,17.16,11.33,9.57,151.14,113.63,143.77,299.42,127.05,0.0,0.0,0.0,3.08,4.95,3.52,0.0,0.0,873.07,11.55
69.3751,15.4,11.33,8.25,147.95,113.63,143.77,297.77,125.51,0.0,0.0,0.0,3.08,3.3,2.31,4.07,0.0,863.61,12.76
69.3851,13.75,11.33,6.82,147.95,110.22,146.85,297.77,127.05,0.0,0.0,0.0,4.73,0.0,3.52,4.07,0.0,861.74,12.32
69.3951,11.99,9.68,6.82,147.95,108.68,146.85,301.07,128.59,0.0,0.0,0.0,3.08,3.3,2.31,2.75,0.0,861.63,11.44
69.4051,11.99,9.68,6.82,149.49,107.25,145.31,301.07,128.59,0.0,0.0,0.0,3.08,3.3,3.52,0.0,0.0,860.2,9.9
69.4151,8.58,9.68,5.5,147.95,107.25,149.82,302.72,131.67,0.0,0.0,0.0,3.08,3.3,2.31,0.0,0.0,863.17,8.69
69.4251,8.58,8.03,6.82,147.95,107.25,149.82,302.72,131.67,0.0,0.0,0.0,0.0,3.3,3.52,0.0,0.0,862.84,6.82
69.4351,6.82,8.03,5.5,146.41,105.71,151.36,304.37,133.21,0.0,0.0,0.0,3.08,3.3,0.0,2.75,0.0,861.41,9.13
69.4451,6.82,8.03,5.5,146.41,104.28,152.9,306.02,134.75,0.0,0.0,2.86,0.0,3.3,2.31,2.75,0.0,864.71,11.22
69.4551,6.82,8.03,4.07,144.87,102.85,152.9,307.78,134.75,0.0,3.3,2.86,0.0,3.3,3.52,4.07,0.0,862.07,17.05
69.4651,5.06,6.38,4.07,144.87,102.85,151.36,307.78,137.83,2.42,0.0,0.0,0.0,3.3,2.31,0.0,0.0,860.2,8.03
69.4751,6.82,6.38,4.07,141.79,102.85,152.9,307.78,139.37,4.84,0.0,2.86,3.08,3.3,3.52,2.75,0.0,861.96,20.35
69.4851,5.06,6.38,4.07,140.25,102.85,151.36,307.78,140.91,4.84,0.0,0.0,0.0,3.3,2.31,4.07,0.0,858.66,14.52
69.4951,5.06,4.84,5.5,138.71,101.31,152.9,307.78,139.37,6.16,0.0,0.0,3.08,4.95,0.0,2.75,0.0,855.47,16.94
69.5051,5.06,6.38,5.5,137.17,101.31,152.9,307.78,142.56,8.58,0.0,0.0,3.08,4.95,2.31,2.75,0.0,858.66,21.67
69.5151,5.06,6.38,4.07,137.17,101.31,152.9,306.02,140.91,9.79,0.0,0.0,3.08,4.95,2.31,2.75,0.0,853.82,22.88
69.5251,5.06,6.38,5.5,135.63,98.34,152.9,304.37,142.56,12.32,0.0,0.0,3.08,4.95,3.52,0.0,0.0,850.74,23.87
69.5351,5.06,4.84,5.5,134.09,96.91,152.9,304.37,144.1,13.53,0.0,0.0,3.08,6.6,3.52,2.75,0.0,847.77,29.48
69.5451,3.41,6.38,4.07,134.09,96.91,152.9,304.37,144.1,15.95,3.3,0.0,7.92,9.9,3.52,5.5,0.0,846.23,46.09
69.5551,3.41,6.38,5.5,132.55,93.94,152.9,304.37,145.64,19.69,11.55,2.86,19.03,16.5,4.73,4.07,0.0,844.69,78.43
69.5651,3.41,6.38,5.5,129.36,93.94,152.9,301.07,142.56,22.11,9.9,2.86,27.06,18.15,4.73,5.5,4.4,835.12,94.71
69.5751,3.41,4.84,5.5,126.28,91.08,152.9,299.42,145.64,25.85,31.35,5.72,34.98,21.45,4.73,6.82,4.4,829.07,135.3
69.5851,0.0,3.19,4.07,123.2,89.54,152.9,296.12,145.64,28.27,56.1,8.58,41.36,28.05,5.83,6.82,5.83,814.66,180.84
69.5951,0.0,3.19,2.75,117.04,86.57,151.36,292.82,145.64,30.8,68.64,15.73,43.01,34.76,7.04,8.25,4.4,799.37,212.63
69.6051,0.0,3.19,0.0,109.45,82.17,148.39,291.06,144.1,32.01,79.42,25.74,49.39,36.41,7.04,9.57,8.8,778.36,248.38
69.6151,0.0,0.0,2.75,100.87,77.77,148.39,284.46,144.1,33.22,82.5,34.32,50.93,46.31,8.25,9.57,8.8,758.34,273.9
69.6251,0.0,0.0,2.75,88.0,74.8,142.23,284.46,139.37,33.22,90.2,40.04,57.2,51.26,8.25,12.32,7.26,731.61,299.75
69.6351,0.0,0.0,0.0,77.99,67.54,140.69,277.86,140.91,32.01,93.28,44.33,66.11,56.21,8.25,16.5,13.2,704.99,329.89
69.6451,0.0,3.19,0.0,66.55,63.03,136.07,274.45,136.29,32.01,99.44,48.62,72.16,59.51,11.77,24.75,14.63,679.58,362.89
69.6551,0.0,0.0,0.0,54.34,57.2,131.45,267.63,136.29,32.01,105.6,50.05,78.1,61.05,15.4,28.93,17.6,646.91,388.74
69.6651,0.0,0.0,0.0,44.88,51.48,122.32,264.22,134.75,30.8,113.41,52.91,88.55,64.13,18.92,35.86,19.03,617.65,423.61
69.6751,0.0,0.0,0.0,34.21,44.55,114.62,257.4,133.21,32.01,123.31,54.34,95.92,67.21,24.86,42.68,20.46,583.99,460.79
69.6851,0.0,3.19,0.0,22.44,40.37,103.07,255.64,130.13,32.01,129.91,55.77,107.91,70.29,29.59,46.86,20.46,554.84,492.8
69.6951,0.0,0.0,0.0,11.77,33.44,87.56,252.23,128.59,32.01,136.51,58.74,117.15,74.91,33.22,55.11,24.86,513.59,532.51
69.7051,0.0,0.0,0.0,8.25,26.4,67.76,245.52,123.97,32.01,144.65,60.28,128.15,76.45,36.74,57.97,24.86,471.9,561.11
69.7151,0.0,0.0,0.0,7.04,18.04,47.19,233.53,116.27,32.01,151.25,64.9,137.61,78.1,41.47,66.88,26.4,422.07,598.62
69.7251,0.0,0.0,0.0,5.83,12.54,27.5,211.09,104.17,33.22,159.5,66.44,147.07,84.26,44.99,69.85,26.4,361.13,631.73
69.7351,0.0,0.0,0.0,7.04,12.54,18.26,170.94,84.7,33.22,166.1,69.52,156.53,87.34,48.62,78.76,29.26,293.48,669.35
69.7451,0.0,0.0,0.0,5.83,11.11,14.41,132.33,63.91,34.43,176.11,75.79,164.45,91.96,52.14,81.84,32.23,227.59,708.95
69.7551,0.0,0.0,0.0,5.83,8.36,13.09,98.12,51.04,34.43,179.52,78.87,176.44,95.04,57.2,86.24,33.66,176.44,741.4
69.7651,0.0,0.0,0.0,7.04,8.36,11.77,72.71,35.86,36.96,186.23,80.41,185.02,98.23,58.74,93.72,35.2,135.74,774.51
69.7751,0.0,0.0,0.0,4.73,8.36,9.13,50.6,17.93,35.75,189.64,85.03,193.71,102.85,64.79,96.69,35.2,90.75,803.66
69.7851,0.0,0.0,0.0,3.52,5.5,7.81,33.22,13.75,36.96,196.35,89.76,200.64,105.93,67.76,102.74,33.66,63.8,833.8
69.7951,0.0,0.0,0.0,5.83,5.5,6.49,24.53,9.57,36.96,198.11,91.3,207.46,107.47,72.27,105.71,38.06,51.92,857.34
69.8051,0.0,0.0,0.0,4.73,5.5,5.17,20.24,8.25,36.96,201.41,91.3,212.74,109.01,75.35,111.65,39.6,43.89,878.02
69.8151,0.0,0.0,0.0,4.73,2.75,6.49,14.41,8.25,36.96,198.11,89.76,219.56,112.09,78.32,114.73,39.6,36.63,889.13
69.8251,0.0,0.0,0.0,3.52,4.18,6.49,11.55,4.07,36.96,199.76,89.76,223.08,115.28,81.4,119.35,36.63,29.81,902.22
69.8351,0.0,0.0,0.0,3.52,2.75,5.17,11.55,4.07,35.75,194.7,88.22,230.01,118.47,81.4,120.89,41.03,27.06,910.47
69.8451,0.0,0.0,0.0,4.73,0.0,3.85,10.12,5.5,34.43,194.7,85.03,233.53,121.66,82.83,123.97,41.03,24.2,917.18
69.8551,0.0,0.0,0.0,3.52,4.18,3.85,8.69,5.5,33.22,191.29,83.49,235.29,121.66,87.34,123.97,42.46,25.74,918.72
69.8651,0.0,0.0,0.0,2.31,2.75,3.85,8.69,5.5,33.22,187.99,78.87,238.81,121.66,87.34,127.05,42.46,23.1,917.4
69.8751,0.0,0.0,0.0,2.31,2.75,3.85,8.69,4.07,30.8,181.17,72.71,245.85,123.31,88.88,128.59,42.46,21.67,913.77
69.8851,0.0,0.0,0.0,2.31,2.75,3.85,7.15,2.75,29.59,177.87,67.98,249.37,124.96,87.34,128.59,44.0,18.81,909.7
69.8951,0.0,0.0,0.0,3.52,2.75,3.85,5.72,2.75,28.27,172.81,60.28,252.78,124.96,88.88,127.05,42.46,18.59,897.49
69.9051,0.0,0.0,0.0,2.31,2.75,5.17,7.15,2.75,27.06,164.45,55.77,256.3,124.96,91.96,125.51,44.0,20.13,890.01
69.9151,0.0,0.0,0.0,2.31,2.75,2.53,7.15,4.07,25.85,157.85,47.19,259.82,124.96,91.96,125.51,44.0,18.81,877.14
69.9251,0.0,0.0,0.0,2.31,2.75,3.85,7.15,2.75,24.64,151.25,42.9,265.1,124.96,90.42,125.51,42.46,18.81,867.24
69.9351,0.0,0.0,0.0,0.0,2.75,3.85,5.72,2.75,23.43,143.0,35.75,268.62,124.96,91.96,127.05,44.0,15.07,858.77
69.9451,0.0,0.0,0.0,3.52,2.75,3.85,4.29,2.75,20.9,138.16,34.32,273.9,124.96,91.96,125.51,44.0,17.16,853.71
69.9551,0.0,0.0,0.0,2.31,2.75,2.53,4.29,2.75,20.9,133.21,31.46,275.66,124.96,91.96,125.51,41.03,14.63,844.69
69.9651,0.0,0.0,0.0,3.52,2.75,3.85,4.29,0.0,20.9,126.61,27.17,279.07,124.96,91.96,122.43,42.46,14.41,835.56
69.9751,0.0,0.0,0.0,2.31,0.0,2.53,5.72,2.75,19.69,118.36,25.74,285.89,126.61,90.42,125.51,44.0,13.31,836.22
69.9851,0.0,0.0,0.0,3.52,0.0,3.85,4.29,0.0,19.69,113.41,21.45,287.54,126.61,88.88,123.97,44.0,11.66,825.55
69.9951,0.0,0.0,0.0,2.31,2.75,2.53,2.86,0.0,18.48,107.14,21.45,287.54,124.96,91.96,127.05,41.03,10.45,819.61
70.0051,0.0,0.0,0.0,2.31,2.75,3.85,4.29,2.75,17.16,100.98,18.59,294.36,128.15,90.42,128.59,45.43,15.95,823.68
70.0151,0.0,0.0,0.0,2.31,0.0,2.53,4.29,2.75,15.95,93.28,15.73,297.77,129.8,93.39,127.05,44.0,11.88,816.97
70.0251,0.0,0.0,0.0,0.0,2.75,2.53,4.29,0.0,17.16,90.2,17.16,297.77,131.45,91.96,133.1,44.0,9.57,822.8
70.0351,0.0,0.0,0.0,2.31,2.75,2.53,4.29,2.75,15.95,82.5,14.3,299.53,134.64,96.47,133.1,44.0,14.63,820.49
70.0451,0.0,0.0,0.0,2.31,0.0,2.53,0.0,2.75,14.74,74.8,14.3,304.59,136.29,96.47,139.26,42.46,7.59,822.91
70.0551,0.0,0.0,0.0,2.31,2.75,3.85,2.86,0.0,14.74,70.18,12.87,302.94,137.94,96.47,139.26,44.0,11.77,818.4
70.0651,0.0,0.0,0.0,2.31,0.0,0.0,0.0,2.75,14.74,67.1,10.01,304.59,139.59,96.47,143.88,45.43,5.06,821.81
70.0751,0.0,0.0,0.0,2.31,0.0,2.53,2.86,2.75,13.53,59.4,11.44,306.35,139.59,97.9,148.39,46.86,10.45,823.46
70.0851,0.0,0.0,0.0,0.0,0.0,3.85,2.86,2.75,13.53,54.45,10.01,308.0,144.43,96.47,151.47,46.86,9.46,825.22
70.0951,0.0,0.0,0.0,2.31,2.75,0.0,0.0,2.75,13.53,47.85,8.58,308.0,145.97,99.44,153.01,45.43,7.81,821.81
70.1051,0.0,0.0,0.0,0.0,0.0,2.53,2.86,2.75,12.32,42.9,8.58,308.0,145.97,99.44,159.17,45.43,8.14,821.81
70.1151,0.0,0.0,0.0,2.31,2.75,0.0,2.86,2.75,11.0,34.65,8.58,309.76,147.62,100.98,166.87,46.86,10.67,826.32
70.1251,0.0,0.0,0.0,2.31,0.0,3.85,2.86,2.75,9.79,29.7,8.58,306.35,152.46,99.44,173.36,49.83,11.77,829.51
70.1351,0.0,0.0,0.0,2.31,2.75,3.85,0.0,2.75,9.79,24.75,7.15,304.59,154.11,103.95,176.66,46.86,11.66,827.86
70.1451,0.0,0.0,0.0,2.31,2.75,2.53,0.0,2.75,9.79,19.8,5.72,308.0,152.46,103.95,184.69,49.83,10.34,834.24
70.1551,0.0,0.0,0.0,2.31,0.0,2.53,2.86,2.75,7.37,14.85,5.72,306.35,154.11,103.95,191.18,48.4,10.45,831.93
70.1651,0.0,0.0,0.0,2.31,0.0,2.53,0.0,0.0,6.16,13.2,4.29,304.59,155.76,107.03,197.67,46.86,4.84,835.56
70.1751,0.0,0.0,0.0,2.31,2.75,2.53,0.0,0.0,4.84,11.55,4.29,301.18,154.11,108.46,205.81,49.83,7.59,840.07
70.1851,0.0,0.0,0.0,3.52,0.0,2.53,0.0,0.0,3.63,11.55,2.86,297.77,154.11,110.0,209.0,48.4,6.05,837.32
70.1951,0.0,0.0,0.0,2.31,0.0,3.85,0.0,2.75,3.63,8.25,2.86,289.3,150.92,111.54,218.79,48.4,8.91,833.69
70.2051,0.0,0.0,0.0,2.31,0.0,2.53,0.0,0.0,2.42,8.25,2.86,289.3,149.27,113.08,225.28,51.26,4.84,841.72
70.2151,3.41,0.0,0.0,3.52,0.0,2.53,0.0,2.75,2.42,8.25,0.0,282.48,150.92,111.54,230.34,49.83,12.21,835.78
70.2251,6.82,0.0,0.0,2.31,2.75,2.53,0.0,0.0,0.0,8.25,0.0,273.9,145.97,114.73,237.16,49.83,14.41,829.84
70.2351,6.82,0.0,0.0,2.31,2.75,2.53,0.0,0.0,0.0,6.6,0.0,266.86,144.43,114.73,242.33,52.8,14.41,827.75
70.2451,11.99,0.0,0.0,2.31,4.18,3.85,2.86,0.0,0.0,4.95,0.0,256.3,142.78,114.73,247.5,54.23,25.19,820.49
70.2551,22.33,0.0,0.0,2.31,4.18,3.85,0.0,0.0,0.0,4.95,0.0,244.09,139.59,116.49,250.91,55.77,32.67,811.8
70.2651,34.43,0.0,0.0,3.52,2.75,3.85,0.0,0.0,0.0,3.3,0.0,231.77,137.94,113.08,252.67,54.23,44.55,792.99
70.2751,48.18,0.0,0.0,4.73,5.5,3.85,2.86,0.0,0.0,4.95,0.0,214.39,133.1,110.0,256.08,54.23,65.12,772.75
70.2851,58.52,0.0,0.0,5.83,5.5,3.85,2.86,0.0,0.0,3.3,0.0,197.12,129.8,111.54,254.43,55.77,76.56,751.96
70.2951,75.68,8.03,13.75,5.83,6.93,5.17,4.29,2.75,0.0,3.3,0.0,179.85,123.31,108.46,252.67,52.8,122.43,720.39
70.3051,82.61,53.46,67.1,20.02,8.36,7.81,5.72,5.5,0.0,0.0,0.0,162.91,121.66,108.46,245.74,55.77,250.58,694.54
70.3151,84.37,82.94,102.85,44.88,11.11,7.81,4.29,6.82,0.0,3.3,0.0,147.07,113.63,105.49,240.68,54.23,345.07,664.4
70.3251,86.02,99.22,125.29,54.34,18.04,7.81,5.72,8.25,0.0,0.0,0.0,129.69,109.01,100.98,235.51,55.77,404.69,630.96
70.3351,89.54,109.12,144.98,60.83,29.26,19.58,27.5,15.18,0.0,3.3,0.0,107.91,99.77,102.52,226.93,55.77,495.99,596.2
70.3451,92.95,114.07,166.32,60.83,34.76,32.78,49.17,20.68,0.0,0.0,0.0,87.01,87.34,100.98,213.95,58.74,571.56,548.02
70.3551,98.12,122.43,176.88,63.69,38.94,41.91,69.74,22.0,0.0,0.0,0.0,64.68,70.29,102.52,199.32,61.82,633.71,498.63
70.3651,103.29,129.14,189.64,65.12,41.8,47.19,83.16,24.75,0.0,3.3,0.0,36.63,51.26,105.49,173.36,72.6,684.09,442.64
70.3751,108.46,134.2,200.64,65.12,43.12,51.15,93.61,26.18,0.0,0.0,0.0,27.06,43.01,90.42,134.64,87.89,722.48,383.02
70.3851,113.63,140.91,209.77,65.12,45.98,52.47,101.09,26.18,0.0,3.3,0.0,25.41,36.41,57.2,93.72,104.72,755.15,320.76
70.3951,117.15,145.97,211.64,63.69,45.98,55.11,105.6,27.5,0.0,0.0,0.0,22.22,29.81,40.26,51.04,109.34,772.64,252.67
70.4051,120.67,150.92,217.14,65.12,45.98,56.43,108.57,27.5,0.0,0.0,0.0,20.68,23.1,20.13,35.86,89.43,792.33,189.2
70.4151,124.19,154.33,218.9,66.55,47.3,57.86,111.54,28.93,0.0,0.0,0.0,17.49,21.45,14.19,26.18,57.2,809.6,136.51
70.4251,127.6,157.63,220.77,66.55,47.3,57.86,113.08,28.93,0.0,0.0,0.0,15.84,13.2,11.77,23.43,41.03,819.72,105.27
70.4351,129.36,161.04,220.77,66.55,48.73,59.29,116.27,28.93,0.0,0.0,0.0,12.65,11.55,8.25,17.93,29.26,830.94,79.64
70.4451,131.12,164.34,224.4,67.98,48.73,62.15,117.81,30.36,0.0,0.0,0.0,11.11,9.9,8.25,13.75,17.6,846.89,60.61
70.4551,132.88,167.75,224.4,67.98,50.16,62.15,121.11,30.36,0.0,0.0,0.0,9.46,4.95,5.83,9.57,8.8,856.79,38.61
70.4651,134.64,167.75,227.92,69.41,51.48,62.15,122.65,30.36,0.0,0.0,0.0,7.92,4.95,4.73,5.5,0.0,866.36,23.1
70.4751,132.88,167.75,227.92,69.41,50.16,64.9,125.84,31.68,0.0,0.0,0.0,7.92,6.6,3.52,5.5,2.86,870.54,26.4
70.4851,132.88,167.75,224.4,69.41,51.48,63.58,127.49,31.68,0.0,0.0,0.0,7.92,3.3,2.31,5.5,2.86,868.67,21.89
70.4951,131.12,166.1,224.4,67.98,52.91,66.33,132.33,30.36,0.0,0.0,0.0,7.92,3.3,3.52,4.07,2.86,871.53,21.67
70.5051,129.36,162.69,224.4,69.41,54.34,67.76,133.98,33.11,0.0,0.0,0.0,7.92,3.3,2.31,4.07,0.0,875.05,17.6
70.5151,127.6,161.04,220.77,69.41,54.34,69.19,137.17,34.43,0.0,0.0,0.0,7.92,0.0,2.31,2.75,2.86,873.95,15.84
70.5251,124.19,157.63,215.27,72.27,55.77,69.19,137.17,34.43,0.0,0.0,0.0,4.73,0.0,2.31,2.75,0.0,865.92,9.79
70.5351,118.91,152.68,208.01,72.27,55.77,69.19,137.17,34.43,0.0,0.0,0.0,6.27,0.0,2.31,4.07,2.86,848.43,15.51
70.5451,111.87,150.92,200.64,75.13,55.77,72.05,142.01,38.61,0.0,0.0,0.0,6.27,0.0,2.31,4.07,0.0,847.0,12.65
70.5551,106.7,145.97,191.51,76.56,57.2,73.48,143.55,39.93,0.0,0.0,0.0,4.73,0.0,0.0,2.75,0.0,834.9,7.48
70.5651,99.88,139.26,184.14,79.42,57.2,74.8,146.85,41.36,0.0,0.0,0.0,3.08,0.0,2.31,2.75,0.0,822.91,8.14
70.5751,94.71,134.2,176.88,80.85,60.17,79.09,151.58,42.68,0.0,0.0,0.0,4.73,0.0,0.0,2.75,0.0,820.16,7.48
70.5851,89.54,129.14,167.97,83.71,63.03,80.52,158.07,46.86,0.0,0.0,0.0,3.08,0.0,0.0,2.75,0.0,818.84,5.83
70.5951,82.61,122.43,163.02,86.57,64.57,83.38,166.1,49.61,0.0,0.0,0.0,4.73,0.0,0.0,2.75,0.0,818.29,7.48
70.6051,75.68,114.07,153.12,89.43,68.97,87.56,174.24,53.79,0.0,0.0,0.0,4.73,0.0,0.0,2.75,0.0,816.86,7.48
70.6151,68.86,107.47,143.33,93.72,73.37,91.85,184.8,59.4,0.0,0.0,0.0,3.08,0.0,0.0,2.75,0.0,822.8,5.83
70.6251,63.69,99.22,131.89,98.01,77.77,96.03,193.6,65.34,0.0,0.0,0.0,4.73,0.0,2.31,0.0,0.0,825.55,7.04
70.6351,58.52,89.43,118.69,102.3,80.74,98.89,204.05,69.85,0.0,0.0,0.0,4.73,0.0,0.0,0.0,0.0,822.47,4.73
70.6451,53.35,81.29,109.12,105.16,85.14,103.07,216.37,74.36,0.0,0.0,0.0,0.0,0.0,0.0,2.75,0.0,827.86,2.75
70.6551,49.94,71.39,98.23,109.45,91.08,107.36,228.47,83.27,0.0,0.0,0.0,4.73,0.0,0.0,2.75,0.0,839.19,7.48
70.6651,44.77,63.25,82.72,113.96,98.34,113.08,243.76,89.21,0.0,0.0,0.0,4.73,0.0,0.0,0.0,0.0,849.09,4.73
70.6751,39.6,50.16,70.18,120.12,102.85,117.7,255.64,96.69,0.0,0.0,0.0,0.0,0.0,0.0,0.0,0.0,852.94,0.0
70.6851,34.43,40.48,53.79,123.2,105.71,123.86,269.28,104.17,0.0,0.0,0.0,4.73,0.0,0.0,0.0,2.86,854.92,7.59
70.6951,30.91,30.69,40.04,127.82,108.68,126.94,277.86,110.11,0.0,0.0,0.0,0.0,0.0,0.0,2.75,0.0,853.05,2.75
70.7051,29.26,22.66,28.93,129.36,115.28,128.48,291.06,119.35,0.0,0.0,0.0,4.73,0.0,0.0,2.75,0.0,864.38,7.48
70.715,25.74,16.17,19.25,127.82,117.04,132.99,302.72,125.51,0.0,0.0,0.0,4.73,0.0,0.0,0.0,0.0,867.24,4.73
70.725,22.33,14.52,15.18,126.28,120.45,134.53,312.73,133.21,0.0,0.0,0.0,3.08,0.0,2.31,0.0,0.0,879.23,5.39
70.735,15.4,11.33,9.57,120.12,120.45,137.61,324.39,137.83,0.0,0.0,0.0,0.0,0.0,0.0,0.0,0.0,876.7,0.0
70.745,11.99,9.68,8.25,118.58,118.69,139.15,334.4,145.64,0.0,0.0,0.0,6.27,0.0,0.0,0.0,0.0,886.38,6.27
70.755,8.58,8.03,9.57,110.88,118.69,142.23,347.05,154.88,2.42,4.95,0.0,0.0,3.3,0.0,0.0,0.0,899.91,10.67
70.765,3.41,6.38,6.82,103.73,117.04,142.23,357.94,161.04,4.84,6.6,0.0,3.08,0.0,0.0,0.0,0.0,898.59,14.52
70.775,0.0,4.84,6.82,89.43,115.28,143.77,370.7,170.39,11.0,4.95,0.0,3.08,0.0,0.0,0.0,0.0,901.23,19.03
70.785,0.0,4.84,5.5,76.56,110.22,142.23,381.59,182.49,11.0,0.0,0.0,4.73,0.0,0.0,0.0,0.0,903.43,15.73
70.795,0.0,4.84,5.5,63.69,105.71,140.69,394.24,191.07,11.0,0.0,0.0,4.73,0.0,0.0,0.0,0.0,905.74,15.73
70.805,0.0,4.84,4.07,53.13,99.88,140.69,401.5,198.0,13.53,0.0,0.0,3.08,0.0,0.0,0.0,0.0,902.11,16.61
70.815,0.0,4.84,2.75,44.88,92.51,139.15,412.39,204.93,13.53,0.0,0.0,3.08,0.0,0.0,0.0,0.0,901.45,16.61
70.825,0.0,3.19,2.75,35.42,85.14,136.07,421.41,211.86,14.74,0.0,0.0,3.08,0.0,0.0,0.0,0.0,895.84,17.82
70.835,0.0,4.84,4.07,24.75,76.34,132.99,426.8,217.14,18.48,0.0,0.0,3.08,0.0,0.0,0.0,0.0,886.93,21.56
70.845,0.0,0.0,4.07,17.71,68.97,126.94,437.69,220.55,20.9,0.0,0.0,3.08,0.0,0.0,0.0,0.0,875.93,23.98
70.855,0.0,3.19,4.07,10.56,57.2,117.7,443.19,225.72,29.59,3.3,0.0,3.08,0.0,0.0,0.0,0.0,861.63,35.97
70.865,0.0,3.19,4.07,5.83,45.98,105.93,446.71,224.07,34.43,4.95,0.0,4.73,4.95,0.0,0.0,0.0,835.78,49.06
70.875,0.0,3.19,4.07,4.73,36.19,91.85,443.19,220.55,36.96,76.34,8.58,14.3,8.25,3.52,4.07,2.86,803.77,154.88
70.885,0.0,3.19,4.07,4.73,29.26,77.66,432.3,215.38,36.96,136.51,63.36,60.17,43.01,9.46,6.82,8.8,766.59,365.09
70.895,0.0,3.19,2.75,3.52,30.58,59.29,405.13,206.69,45.54,171.05,125.29,81.07,54.56,12.98,9.57,11.66,711.15,511.72
70.905,0.0,3.19,4.07,3.52,30.58,43.23,352.55,194.59,51.7,179.52,163.57,89.98,71.83,15.4,24.75,14.63,631.73,611.38
70.915,0.0,3.19,4.07,3.52,30.58,32.78,267.63,187.66,57.97,182.93,190.96,91.52,78.1,17.71,39.93,17.6,529.43,676.72
70.925,0.0,3.19,0.0,3.52,27.83,26.18,161.26,173.8,60.61,191.29,197.45,97.46,78.1,22.44,51.04,19.03,395.78,717.42
70.935,0.0,3.19,2.75,3.52,22.22,24.86,90.64,153.34,60.61,194.7,200.75,99.0,81.18,26.07,65.34,22.0,300.52,749.65
70.945,0.0,3.19,2.75,0.0,19.47,22.22,53.57,108.57,61.93,199.76,207.24,106.37,85.8,29.59,71.39,24.86,209.77,786.94
70.955,0.0,3.19,2.75,0.0,16.72,18.26,37.62,72.82,63.25,208.23,208.89,110.88,87.34,34.32,77.33,24.86,151.36,815.1
70.965,0.0,3.19,0.0,0.0,12.54,14.41,27.5,46.86,64.57,214.94,208.89,118.69,87.34,36.74,81.84,24.86,104.5,837.87
70.975,0.0,0.0,2.75,0.0,9.68,9.13,21.67,23.43,64.57,218.35,207.24,124.96,88.88,40.26,90.75,29.26,66.66,864.27
70.985,0.0,0.0,0.0,0.0,4.18,7.81,14.41,13.75,63.25,220.0,205.59,131.34,93.5,43.89,96.69,26.4,40.15,880.66
70.995,0.0,0.0,2.75,0.0,4.18,5.17,11.55,6.82,61.93,220.0,202.4,137.61,96.69,47.41,99.66,30.8,30.47,896.5
71.005,0.0,0.0,0.0,0.0,4.18,2.53,10.12,5.5,59.29,218.35,197.45,142.34,101.31,50.93,107.14,32.23,22.33,909.04
71.015,0.0,0.0,0.0,0.0,2.75,2.53,8.69,2.75,57.97,218.35,195.8,147.07,104.39,50.93,113.19,33.66,16.72,921.36
71.025,0.0,0.0,0.0,0.0,0.0,3.85,8.69,2.75,54.23,211.53,190.96,151.8,105.93,55.77,120.89,35.2,15.29,926.31
71.035,0.0,0.0,0.0,0.0,2.75,2.53,7.15,2.75,51.7,204.82,186.01,151.8,110.55,60.28,123.97,32.23,15.18,921.36
71.045,0.0,0.0,0.0,0.0,0.0,3.85,5.72,2.75,48.07,199.76,181.17,151.8,110.55,60.28,131.56,35.2,12.32,918.39
71.055,0.0,0.0,0.0,0.0,0.0,0.0,4.29,2.75,45.54,193.05,176.33,147.07,115.28,61.71,136.18,35.2,7.04,910.36
71.065,0.0,3.19,0.0,0.0,0.0,3.85,2.86,0.0,41.91,181.17,168.19,147.07,116.82,64.79,137.72,35.2,9.9,892.87
71.075,0.0,0.0,0.0,0.0,0.0,2.53,4.29,0.0,39.38,174.46,158.95,143.99,118.47,64.79,143.88,38.06,6.82,881.98
71.085,0.0,0.0,0.0,0.0,0.0,2.53,4.29,0.0,35.75,164.45,148.28,143.99,118.47,64.79,148.39,36.63,6.82,860.75
71.095,0.0,0.0,0.0,0.0,0.0,2.53,4.29,0.0,33.22,151.25,139.04,142.34,120.12,67.76,157.63,38.06,6.82,849.42
71.105,0.0,0.0,0.0,0.0,0.0,2.53,4.29,0.0,32.01,143.0,129.91,139.15,121.66,69.3,163.79,36.63,6.82,835.45
71.115,0.0,0.0,0.0,0.0,0.0,0.0,2.86,0.0,29.59,131.56,122.21,136.07,123.31,69.3,171.71,41.03,2.86,824.78
71.125,0.0,0.0,0.0,0.0,0.0,0.0,2.86,0.0,28.27,124.96,114.51,137.61,129.8,73.81,181.5,41.03,2.86,831.49
71.135,0.0,0.0,0.0,0.0,0.0,2.53,2.86,0.0,25.85,115.06,106.81,136.07,134.64,73.81,186.34,41.03,5.39,819.61
71.145,0.0,0.0,0.0,0.0,0.0,0.0,0.0,0.0,24.64,107.14,97.46,139.15,137.94,76.78,197.67,44.0,0.0,824.78
71.155,0.0,0.0,0.0,0.0,0.0,0.0,0.0,0.0,23.43,99.44,86.68,137.61,142.78,79.86,205.81,42.46,0.0,818.07
71.165,0.0,0.0,0.0,0.0,0.0,0.0,0.0,0.0,20.9,88.66,78.87,140.8,144.43,81.4,215.49,44.0,0.0,814.55
71.175,0.0,0.0,0.0,0.0,0.0,0.0,0.0,0.0,20.9,82.5,69.52,140.8,150.92,84.37,220.44,44.0,0.0,813.45
71.185,0.0,0.0,0.0,0.0,0.0,0.0,0.0,0.0,19.69,71.72,58.74,142.34,155.76,87.34,233.75,45.43,0.0,814.77
71.195,0.0,0.0,0.0,0.0,0.0,0.0,0.0,0.0,18.48,64.02,51.48,143.99,158.95,90.42,242.33,46.86,0.0,816.53
71.205,0.0,0.0,0.0,0.0,0.0,0.0,0.0,0.0,17.16,52.8,41.47,142.34,163.9,93.39,250.91,46.86,0.0,808.83
71.215,0.0,0.0,0.0,0.0,0.0,0.0,0.0,0.0,15.95,46.2,37.18,143.99,163.9,93.39,259.6,49.83,0.0,810.04
71.225,0.0,0.0,0.0,0.0,0.0,0.0,0.0,0.0,15.95,37.95,28.6,142.34,170.39,96.47,269.83,48.4,0.0,809.93
71.235,0.0,0.0,0.0,0.0,0.0,0.0,0.0,0.0,15.95,31.35,21.45,139.15,173.91,96.47,278.52,52.8,0.0,809.6
71.245,0.0,0.0,0.0,0.0,0.0,0.0,0.0,0.0,14.74,21.45,15.73,140.8,175.78,99.44,286.99,52.8,0.0,807.73
71.255,0.0,0.0,0.0,0.0,0.0,0.0,0.0,0.0,13.53,14.85,11.44,137.61,179.3,99.44,295.46,57.2,0.0,808.83
71.265,0.0,0.0,0.0,0.0,0.0,0.0,0.0,0.0,9.79,14.85,7.15,129.69,175.78,100.98,302.28,58.74,0.0,799.26
71.275,0.0,0.0,0.0,0.0,0.0,0.0,0.0,0.0,7.37,9.9,7.15,128.15,177.54,103.95,307.34,61.82,0.0,803.22
71.285,0.0,0.0,0.0,0.0,0.0,0.0,0.0,0.0,4.84,9.9,7.15,121.88,173.91,102.52,317.57,61.82,0.0,799.59
71.295,0.0,0.0,0.0,0.0,0.0,0.0,0.0,0.0,3.63,8.25,4.29,117.15,175.78,103.95,324.39,64.9,0.0,802.34
71.305,0.0,0.0,0.0,0.0,0.0,0.0,0.0,0.0,3.63,8.25,4.29,112.42,173.91,105.49,332.97,69.52,0.0,810.48
71.315,0.0,0.0,0.0,0.0,0.0,0.0,0.0,0.0,2.42,9.9,4.29,104.94,172.15,105.49,343.2,71.06,0.0,813.45
71.325,0.0,0.0,0.0,0.0,0.0,0.0,0.0,0.0,0.0,6.6,4.29,97.46,175.78,108.46,350.02,80.19,0.0,822.8
71.335,0.0,0.0,0.0,0.0,0.0,0.0,0.0,0.0,0.0,4.95,4.29,92.95,173.91,108.46,363.66,86.35,0.0,834.57
71.345,0.0,0.0,0.0,0.0,0.0,0.0,0.0,0.0,0.0,0.0,0.0,85.58,173.91,110.0,377.3,90.97,0.0,837.76
71.355,0.0,0.0,0.0,0.0,0.0,0.0,0.0,0.0,0.0,4.95,2.86,76.56,170.39,110.0,387.53,97.02,0.0,849.31
71.365,3.41,0.0,0.0,0.0,0.0,0.0,0.0,0.0,0.0,0.0,0.0,69.08,172.15,110.0,401.61,101.64,3.41,854.48
71.375,6.82,0.0,0.0,0.0,0.0,0.0,0.0,0.0,0.0,4.95,2.86,60.17,167.09,108.46,412.39,104.72,6.82,860.64
71.385,15.4,0.0,0.0,2.31,0.0,0.0,0.0,0.0,0.0,3.3,2.86,49.39,165.44,108.46,419.54,110.88,17.71,859.87
71.395,30.91,0.0,0.0,2.31,2.75,0.0,0.0,0.0,0.0,0.0,2.86,38.17,163.9,105.49,430.21,113.96,35.97,854.59
71.405,51.59,0.0,0.0,0.0,4.18,2.53,0.0,0.0,0.0,0.0,2.86,33.44,157.41,102.52,433.84,113.96,58.3,844.03
71.415,68.86,0.0,0.0,3.52,4.18,0.0,0.0,0.0,0.0,3.3,2.86,22.22,150.92,97.9,432.08,115.61,76.56,824.89
71.425,86.02,0.0,0.0,3.52,5.5,2.53,0.0,0.0,0.0,0.0,0.0,15.84,144.43,91.96,432.08,113.96,97.57,798.27
71.435,103.29,12.87,44.11,5.83,4.18,3.85,0.0,2.75,0.0,0.0,0.0,12.65,134.64,82.83,424.93,110.88,176.88,765.93
71.445,105.05,76.34,101.31,7.04,5.5,5.17,2.86,2.75,0.0,3.3,0.0,12.65,120.12,73.81,408.76,113.96,306.02,732.6
71.455,98.12,114.07,143.33,37.84,8.36,6.49,4.29,4.07,0.0,0.0,2.86,12.65,104.39,60.28,389.18,110.88,416.57,680.24
71.465,96.36,132.55,173.25,54.34,20.9,7.81,7.15,8.25,0.0,0.0,0.0,14.3,79.64,49.83,358.49,106.26,500.61,608.52
71.475,96.36,137.5,197.01,57.97,30.58,24.86,39.05,17.93,0.0,0.0,0.0,15.84,57.97,43.89,304.04,109.34,601.26,531.08
71.485,99.88,142.56,215.27,63.69,36.19,37.95,65.34,22.0,0.0,0.0,0.0,14.3,49.61,34.32,202.51,113.96,682.88,414.7
71.495,105.05,145.97,229.68,65.12,40.37,47.19,89.21,23.43,0.0,0.0,0.0,14.3,39.71,27.28,116.27,118.8,746.02,316.36
71.505,110.22,152.68,240.35,65.12,44.55,52.47,105.6,26.18,0.0,0.0,0.0,12.65,33.11,22.44,60.94,95.48,797.17,224.62
71.515,117.15,161.04,252.89,66.55,44.55,57.86,116.27,27.5,0.0,3.3,0.0,7.92,26.4,17.71,34.43,67.98,843.81,157.74
71.525,124.19,162.69,258.17,65.12,48.73,59.29,124.3,30.36,0.0,3.3,0.0,6.27,21.45,12.98,26.18,49.83,872.85,120.01
71.535,127.6,169.51,261.69,66.55,47.3,59.29,127.49,31.68,0.0,0.0,0.0,6.27,18.15,8.25,22.0,41.03,891.11,95.7
71.545,131.12,174.79,267.08,67.98,48.73,62.15,132.33,31.68,0.0,0.0,0.0,6.27,11.55,8.25,13.75,23.43,915.86,63.25
71.555,134.64,176.55,265.32,67.98,50.16,64.9,133.98,31.68,0.0,0.0,0.0,6.27,6.6,5.83,13.75,13.2,925.21,45.65
71.565,134.64,180.07,265.32,70.84,51.48,64.9,137.17,33.11,0.0,0.0,0.0,6.27,6.6,4.73,9.57,2.86,937.53,30.03
71.575,134.64,180.07,267.08,72.27,50.16,67.76,140.36,33.11,0.0,0.0,0.0,4.73,6.6,4.73,9.57,5.83,945.45,31.46
71.585,132.88,178.31,261.69,73.7,51.48,67.76,140.36,35.86,0.0,0.0,0.0,4.73,4.95,2.31,9.57,5.83,942.04,27.39
71.595,129.36,178.31,256.41,75.13,51.48,67.76,142.01,34.43,0.0,0.0,0.0,0.0,3.3,4.73,5.5,4.4,934.89,17.93
71.605,124.19,174.79,247.5,75.13,50.16,70.62,140.36,35.86,0.0,0.0,0.0,0.0,3.3,2.31,8.25,5.83,918.61,19.69
71.615,117.15,169.51,238.59,77.99,51.48,69.19,138.71,37.18,0.0,0.0,0.0,0.0,0.0,2.31,5.5,5.83,899.8,13.64
71.625,110.22,164.34,231.44,79.42,51.48,70.62,138.71,35.86,0.0,0.0,0.0,4.73,3.3,2.31,4.07,2.86,882.09,17.27
71.635,101.53,157.63,220.77,82.28,51.48,73.48,140.36,34.43,0.0,0.0,0.0,0.0,0.0,3.52,5.5,2.86,861.96,11.88
71.645,92.95,152.68,209.77,85.14,51.48,73.48,138.71,37.18,0.0,0.0,0.0,4.73,0.0,2.31,5.5,4.4,841.39,16.94
71.655,84.37,145.97,193.38,89.43,52.91,77.66,140.36,37.18,0.0,0.0,0.0,0.0,3.3,2.31,5.5,0.0,821.26,11.11
71.665,75.68,139.26,180.51,93.72,52.91,79.09,142.01,35.86,0.0,0.0,0.0,3.08,0.0,2.31,2.75,2.86,799.04,11.0
71.675,70.51,134.2,167.97,99.44,52.91,80.52,143.55,38.61,0.0,0.0,0.0,0.0,0.0,2.31,5.5,0.0,787.71,7.81
71.685,63.69,127.49,158.07,102.3,54.34,84.7,145.2,38.61,0.0,0.0,0.0,3.08,0.0,2.31,2.75,2.86,774.4,11.0
71.695,58.52,120.78,149.93,108.02,57.2,84.7,150.04,42.68,0.0,0.0,0.0,0.0,0.0,2.31,2.75,2.86,771.87,7.92
71.705,55.11,114.07,141.68,110.88,57.2,90.42,154.88,45.54,0.0,0.0,0.0,0.0,0.0,0.0,4.07,2.86,769.78,6.93
71.715,53.35,107.47,135.08,115.5,61.6,93.17,161.26,46.86,0.0,0.0,0.0,3.08,0.0,0.0,4.07,2.86,774.29,10.01
71.725,49.94,100.87,128.59,121.66,64.57,96.03,169.29,51.04,0.0,0.0,0.0,3.08,0.0,0.0,4.07,2.86,781.99,10.01
71.735,48.18,94.38,123.64,126.28,66.0,98.89,174.24,53.79,0.0,0.0,0.0,0.0,0.0,0.0,2.75,2.86,785.4,5.61
71.745,46.42,87.78,117.04,129.36,70.4,101.75,184.8,57.97,0.0,0.0,0.0,0.0,0.0,0.0,4.07,0.0,795.52,4.07
71.755,43.01,81.29,109.12,132.55,73.37,105.93,197.12,62.37,0.0,0.0,0.0,3.08,0.0,0.0,2.75,2.86,804.76,8.69
71.765,41.25,74.69,102.85,135.63,79.31,108.79,205.81,66.88,0.0,0.0,0.0,0.0,0.0,0.0,2.75,2.86,815.21,5.61
71.775,37.84,68.2,95.15,140.25,82.17,111.65,218.13,71.28,0.0,0.0,0.0,0.0,0.0,0.0,2.75,0.0,824.67,2.75
71.785,36.08,59.95,87.34,141.79,86.57,116.16,230.12,78.76,0.0,0.0,0.0,0.0,0.0,0.0,0.0,0.0,836.77,0.0
71.795,32.67,50.16,77.99,146.41,89.54,119.24,243.76,84.7,0.0,0.0,0.0,0.0,0.0,0.0,2.75,2.86,844.47,5.61
71.805,30.91,42.13,67.1,147.95,93.94,122.32,255.64,95.15,0.0,0.0,0.0,0.0,0.0,0.0,2.75,4.4,855.14,7.15
71.815,29.26,35.64,53.79,147.95,99.88,126.94,267.63,104.17,0.0,0.0,0.0,0.0,0.0,0.0,0.0,2.86,865.26,2.86
71.825,27.5,27.5,45.54,149.49,104.28,130.02,282.81,111.65,0.0,0.0,0.0,0.0,0.0,0.0,0.0,2.86,878.79,2.86
71.835,25.74,21.01,33.11,149.49,107.25,130.02,296.12,120.89,0.0,0.0,0.0,0.0,0.0,0.0,2.75,2.86,883.63,5.61
71.845,24.09,16.17,22.0,147.95,110.22,132.99,307.78,127.05,0.0,0.0,0.0,0.0,0.0,0.0,0.0,2.86,888.25,2.86
71.855,20.57,12.87,16.5,141.79,110.22,136.07,314.38,133.21,0.0,0.0,0.0,0.0,0.0,0.0,0.0,2.86,885.61,2.86
71.865,15.4,11.33,12.43,137.17,108.68,136.07,329.34,139.37,0.0,0.0,0.0,0.0,0.0,0.0,2.75,0.0,889.79,2.75
71.875,11.99,9.68,11.0,129.36,108.68,136.07,339.79,150.26,0.0,0.0,0.0,0.0,0.0,0.0,0.0,0.0,896.83,0.0
71.885,6.82,6.38,9.57,121.66,108.68,137.61,347.05,157.96,4.84,0.0,0.0,0.0,0.0,0.0,0.0,0.0,895.73,4.84
71.895,3.41,6.38,8.25,115.5,105.71,139.15,359.81,167.2,3.63,0.0,0.0,3.08,0.0,0.0,0.0,0.0,905.41,6.71
71.905,0.0,4.84,5.5,106.59,102.85,140.69,368.83,173.8,0.0,0.0,0.0,0.0,0.0,0.0,0.0,0.0,903.1,0.0
71.915,0.0,4.84,4.07,96.58,101.31,142.23,377.96,182.49,2.42,0.0,0.0,0.0,0.0,0.0,0.0,0.0,909.48,2.42
71.925,0.0,4.84,5.5,85.14,96.91,142.23,386.98,191.07,2.42,0.0,0.0,0.0,0.0,0.0,0.0,0.0,912.67,2.42
71.935,0.0,4.84,5.5,72.27,91.08,142.23,397.87,198.0,2.42,0.0,0.0,0.0,0.0,0.0,0.0,0.0,911.79,2.42
71.945,0.0,3.19,5.5,60.83,85.14,142.23,408.76,206.69,3.63,0.0,0.0,0.0,0.0,0.0,0.0,0.0,912.34,3.63
71.955,0.0,3.19,2.75,48.4,77.77,140.69,419.54,213.62,4.84,0.0,0.0,3.08,0.0,0.0,0.0,0.0,905.96,7.92
71.965,0.0,3.19,4.07,40.15,68.97,136.07,426.8,218.79,7.37,0.0,0.0,3.08,0.0,0.0,0.0,0.0,898.04,10.45
71.975,0.0,3.19,2.75,28.38,64.57,131.45,434.06,222.31,14.74,0.0,0.0,3.08,0.0,3.52,0.0,0.0,886.71,21.34
71.985,0.0,3.19,4.07,20.02,52.91,126.94,437.69,218.79,29.59,6.6,0.0,0.0,3.3,0.0,0.0,0.0,863.61,39.49
71.995,0.0,3.19,2.75,11.77,43.12,116.16,443.19,217.14,38.17,23.1,0.0,4.73,4.95,2.31,0.0,0.0,837.32,73.26
72.005,0.0,3.19,2.75,8.25,33.44,104.5,437.69,215.38,44.33,134.86,11.44,17.49,11.55,5.83,2.75,0.0,805.2,228.25
72.015,0.0,3.19,2.75,7.04,30.58,87.56,419.54,206.69,46.86,187.99,88.22,70.62,34.76,11.77,8.25,10.23,757.35,458.7
72.025,0.0,4.84,2.75,5.83,32.01,69.19,379.72,199.76,49.28,203.17,149.82,97.46,51.26,14.19,11.0,13.2,694.1,589.38
72.035,0.0,3.19,4.07,4.73,30.58,48.51,302.72,191.07,57.97,214.94,195.8,106.37,68.75,18.92,26.18,20.46,584.87,709.39
72.045,0.0,3.19,2.75,4.73,27.83,34.1,186.56,185.9,67.32,214.94,220.33,103.4,76.45,22.44,37.18,22.0,445.06,764.06
72.055,0.0,3.19,4.07,2.31,23.65,26.18,99.55,173.8,67.32,214.94,221.98,101.97,79.64,27.28,48.29,23.43,332.75,784.85
72.065,0.0,3.19,2.75,2.31,19.47,22.22,52.14,133.21,66.0,214.94,220.33,109.34,81.18,29.59,56.54,23.43,235.29,801.35
72.075,0.0,3.19,0.0,0.0,13.86,18.26,40.48,89.21,66.0,221.65,217.03,112.42,82.72,33.22,62.37,24.86,165.0,820.27
72.085,0.0,4.84,0.0,0.0,11.11,15.73,30.36,65.34,66.0,225.17,210.54,115.5,82.72,35.53,65.34,26.4,127.38,827.2
72.095,0.0,3.19,2.75,0.0,6.93,13.09,21.67,39.93,67.32,232.21,208.89,123.42,82.72,37.95,68.31,26.4,87.56,847.22
72.105,0.0,0.0,0.0,0.0,4.18,9.13,15.84,22.0,68.64,239.25,205.59,126.61,84.26,39.05,71.39,27.83,51.15,862.62
72.115,0.0,3.19,0.0,0.0,4.18,6.49,10.12,9.57,67.32,244.53,200.75,134.42,84.26,41.47,74.36,27.83,33.55,874.94
72.125,0.0,0.0,0.0,0.0,0.0,3.85,8.69,4.07,64.57,246.29,194.26,140.8,85.8,44.99,78.76,30.8,16.61,886.27
72.135,0.0,0.0,0.0,0.0,0.0,2.53,8.69,4.07,60.61,242.77,189.31,145.53,90.42,48.62,83.27,30.8,15.29,891.33
72.1449,0.0,0.0,0.0,0.0,2.75,2.53,5.72,2.75,56.65,239.25,184.47,147.07,95.04,50.93,92.29,30.8,13.75,896.5
72.1549,0.0,3.19,0.0,0.0,0.0,3.85,7.15,0.0,53.02,226.93,179.52,148.72,96.69,53.35,99.66,32.23,14.19,890.12
72.1649,0.0,0.0,0.0,0.0,0.0,2.53,4.29,2.75,49.28,216.59,174.68,147.07,99.77,57.2,108.68,32.23,9.57,885.5
72.1749,0.0,0.0,0.0,0.0,0.0,2.53,5.72,0.0,45.54,203.17,173.03,143.99,101.31,60.28,114.73,33.66,8.25,875.71
72.1849,0.0,0.0,0.0,0.0,0.0,2.53,5.72,0.0,41.91,191.29,165.11,137.61,105.93,63.25,123.97,35.2,8.25,864.27
72.1949,0.0,0.0,2.75,0.0,0.0,0.0,2.86,0.0,38.17,177.87,162.03,136.07,107.47,64.79,130.02,36.63,5.61,853.05
72.2049,0.0,0.0,0.0,0.0,0.0,0.0,2.86,0.0,35.75,166.1,155.87,131.34,110.55,66.22,142.34,35.2,2.86,843.37
72.2149,0.0,0.0,0.0,0.0,0.0,0.0,2.86,0.0,33.22,152.9,146.74,128.15,113.63,70.84,149.93,36.63,2.86,832.04
72.2249,0.0,0.0,0.0,0.0,0.0,0.0,2.86,0.0,30.8,141.35,140.58,126.61,116.82,70.84,162.25,39.6,2.86,828.85
72.2349,0.0,0.0,0.0,0.0,0.0,2.53,0.0,0.0,28.27,133.21,132.88,126.61,120.12,75.35,171.71,41.03,2.53,829.18
72.2449,0.0,0.0,0.0,0.0,0.0,2.53,2.86,0.0,27.06,124.96,122.21,128.15,126.61,78.32,178.2,41.03,5.39,826.54
72.2549,0.0,0.0,0.0,0.0,0.0,2.53,0.0,0.0,24.64,116.71,109.89,129.69,131.45,81.4,187.99,44.0,2.53,825.77
72.2649,0.0,0.0,0.0,0.0,0.0,0.0,0.0,0.0,23.43,108.68,95.92,131.34,136.29,82.83,194.48,44.0,0.0,816.97
72.2749,0.0,0.0,0.0,0.0,0.0,0.0,0.0,0.0,22.11,100.98,83.49,132.88,141.13,87.34,202.51,45.43,0.0,815.87
72.2849,0.0,0.0,0.0,0.0,0.0,0.0,0.0,0.0,20.9,90.2,71.06,136.07,144.43,90.42,207.46,44.0,0.0,804.54
72.2949,0.0,0.0,0.0,0.0,0.0,0.0,0.0,0.0,18.48,79.42,57.2,137.61,150.92,91.96,220.44,49.83,0.0,805.86
72.3049,0.0,0.0,0.0,0.0,0.0,0.0,0.0,0.0,17.16,68.64,47.19,139.15,154.11,96.47,228.58,51.26,0.0,802.56
72.3149,0.0,0.0,0.0,0.0,0.0,0.0,0.0,0.0,17.16,60.94,37.18,137.61,158.95,99.44,233.75,52.8,0.0,797.83
72.3249,0.0,0.0,0.0,0.0,0.0,0.0,0.0,0.0,15.95,49.5,28.6,137.61,163.9,100.98,244.09,55.77,0.0,796.4
72.3349,0.0,0.0,0.0,0.0,0.0,0.0,0.0,0.0,14.74,37.95,20.02,137.61,165.44,102.52,254.43,55.77,0.0,788.48
72.3449,0.0,0.0,0.0,0.0,0.0,0.0,0.0,0.0,14.74,29.7,15.73,137.61,168.74,102.52,264.66,60.28,0.0,793.98
72.3549,0.0,0.0,0.0,0.0,0.0,0.0,0.0,0.0,13.53,23.1,12.87,136.07,168.74,105.49,273.35,61.82,0.0,794.97
72.3649,0.0,0.0,0.0,0.0,0.0,0.0,0.0,0.0,11.0,14.85,10.01,132.88,170.39,107.03,278.52,64.9,0.0,789.58
72.3749,0.0,0.0,0.0,0.0,0.0,0.0,0.0,0.0,7.37,13.2,8.58,126.61,168.74,107.03,290.4,67.98,0.0,789.91
72.3849,0.0,0.0,2.75,0.0,0.0,0.0,0.0,0.0,6.16,11.55,5.72,118.69,170.39,105.49,297.22,66.44,2.75,781.66
72.3949,0.0,0.0,2.75,0.0,0.0,0.0,0.0,0.0,4.84,11.55,5.72,109.34,168.74,107.03,305.69,71.06,2.75,783.97
72.4049,0.0,0.0,0.0,0.0,0.0,0.0,0.0,0.0,3.63,6.6,4.29,103.4,168.74,108.46,315.92,74.14,0.0,785.18
72.4149,0.0,0.0,0.0,0.0,0.0,0.0,0.0,0.0,2.42,4.95,5.72,97.46,165.44,108.46,326.15,81.73,0.0,792.33
72.4249,0.0,0.0,0.0,0.0,0.0,0.0,0.0,0.0,0.0,4.95,4.29,92.95,165.44,110.0,334.62,87.89,0.0,800.14
72.4349,0.0,0.0,0.0,0.0,0.0,0.0,0.0,0.0,0.0,3.3,2.86,87.01,167.09,113.08,341.44,93.94,0.0,808.72
72.4449,0.0,0.0,0.0,0.0,0.0,0.0,0.0,0.0,0.0,4.95,2.86,76.56,167.09,114.73,353.43,97.02,0.0,816.64
72.4549,0.0,0.0,0.0,0.0,0.0,0.0,0.0,0.0,0.0,3.3,4.29,70.62,163.9,113.08,368.72,106.26,0.0,830.17
72.4649,0.0,0.0,0.0,0.0,0.0,0.0,0.0,0.0,0.0,3.3,2.86,60.17,165.44,111.54,378.95,109.34,0.0,831.6
72.4749,3.41,0.0,0.0,0.0,0.0,0.0,0.0,0.0,0.0,3.3,2.86,54.12,162.25,111.54,392.7,113.96,3.41,840.73
72.4849,6.82,0.0,0.0,0.0,0.0,0.0,0.0,0.0,0.0,3.3,0.0,43.01,162.25,110.0,401.61,118.8,6.82,838.97
72.4949,15.4,0.0,0.0,2.31,0.0,0.0,0.0,0.0,0.0,0.0,2.86,38.17,155.76,108.46,408.76,121.99,17.71,836.0
72.5049,36.08,0.0,0.0,2.31,4.18,0.0,0.0,0.0,0.0,3.3,0.0,28.6,152.46,107.03,414.15,120.34,42.57,825.88
72.5149,58.52,0.0,0.0,2.31,4.18,0.0,0.0,0.0,0.0,3.3,0.0,20.68,147.62,102.52,412.39,123.53,65.01,810.04
72.5249,82.61,0.0,0.0,3.52,4.18,2.53,0.0,0.0,0.0,0.0,0.0,14.3,139.59,96.47,414.15,126.72,92.84,791.23
72.5349,105.05,0.0,0.0,4.73,4.18,3.85,0.0,2.75,0.0,3.3,2.86,9.46,128.15,87.34,407.0,120.34,120.56,758.45
72.5449,127.6,55.11,82.72,5.83,5.5,5.17,2.86,0.0,0.0,3.3,0.0,11.11,113.63,78.32,390.94,120.34,284.79,717.64
72.5549,122.43,117.37,138.38,10.56,5.5,5.17,2.86,4.07,0.0,0.0,0.0,11.11,95.04,66.22,373.89,120.34,406.34,666.6
72.5649,115.39,145.97,180.51,44.88,8.36,6.49,4.29,5.5,0.0,0.0,0.0,11.11,74.91,54.56,339.79,117.15,511.39,597.52
72.5749,111.87,154.33,208.01,59.4,23.65,10.45,8.69,11.0,0.0,0.0,0.0,12.65,57.97,44.99,286.99,121.99,587.4,524.59
72.5849,111.87,150.92,231.44,63.69,33.44,24.86,33.22,16.5,0.0,0.0,0.0,14.3,46.31,36.74,184.69,128.37,665.94,410.41
72.5949,113.63,155.98,247.5,66.55,40.37,40.59,62.37,22.0,0.0,0.0,0.0,11.11,38.06,27.28,104.17,129.91,748.99,310.53
72.6049,117.15,159.39,261.69,67.98,44.55,47.19,84.7,24.75,0.0,0.0,0.0,9.46,33.11,22.44,51.04,106.26,807.4,222.31
72.6149,124.19,162.69,270.6,67.98,48.73,53.79,101.09,24.75,0.0,0.0,0.0,9.46,24.75,17.71,34.43,72.6,853.82,158.95
72.6249,127.6,167.75,279.51,66.55,51.48,57.86,110.0,26.18,0.0,0.0,0.0,7.92,21.45,12.98,26.18,52.8,886.93,121.33
72.6349,132.88,171.27,283.25,65.12,52.91,59.29,117.81,27.5,0.0,0.0,0.0,4.73,14.85,10.67,22.0,41.03,910.03,93.28
72.6449,134.64,171.27,288.86,66.55,54.34,59.29,122.65,28.93,0.0,0.0,0.0,4.73,11.55,9.46,15.18,26.4,926.53,67.32
72.6549,139.92,176.55,290.73,65.12,55.77,60.72,127.49,31.68,0.0,0.0,0.0,0.0,8.25,5.83,11.0,13.2,947.98,38.28
72.6649,139.92,178.31,288.86,66.55,54.34,63.58,130.68,30.36,0.0,0.0,0.0,0.0,4.95,4.73,6.82,4.4,952.6,20.9
72.6749,138.16,176.55,283.25,67.98,57.2,66.33,132.33,33.11,0.0,0.0,0.0,3.08,3.3,3.52,9.57,5.83,954.91,25.3
72.6849,134.64,174.79,281.38,69.41,57.2,64.9,137.17,33.11,0.0,0.0,0.0,4.73,4.95,2.31,8.25,5.83,952.6,26.07
72.6949,129.36,173.03,272.47,72.27,57.2,67.76,138.71,34.43,0.0,0.0,0.0,3.08,0.0,3.52,8.25,5.83,945.23,20.68
72.7049,122.43,169.51,265.32,72.27,60.17,69.19,142.01,34.43,0.0,0.0,0.0,3.08,3.3,3.52,4.07,2.86,935.33,16.83
72.7149,115.39,164.34,254.65,73.7,60.17,69.19,143.55,34.43,0.0,0.0,0.0,0.0,3.3,2.31,4.07,2.86,915.42,12.54
72.7249,106.7,157.63,243.98,76.56,58.63,72.05,145.2,35.86,0.0,0.0,0.0,3.08,0.0,3.52,4.07,2.86,896.61,13.53
72.7349,98.12,150.92,229.68,77.99,61.6,72.05,145.2,37.18,0.0,0.0,0.0,3.08,3.3,2.31,4.07,2.86,872.74,15.62
72.7449,89.54,144.21,218.9,80.85,61.6,74.8,148.39,38.61,0.0,0.0,0.0,3.08,3.3,0.0,5.5,2.86,856.9,14.74
72.7549,80.85,137.5,204.27,83.71,61.6,79.09,150.04,38.61,0.0,0.0,0.0,3.08,0.0,2.31,5.5,2.86,835.67,13.75
72.7649,72.27,130.79,189.64,86.57,63.03,79.09,154.88,41.36,0.0,0.0,0.0,0.0,0.0,2.31,5.5,2.86,817.63,10.67
72.7749,65.34,122.43,173.25,93.72,64.57,84.7,156.42,42.68,0.0,0.0,0.0,0.0,0.0,2.31,2.75,4.4,803.11,9.46
72.7849,58.52,114.07,158.07,96.58,66.0,86.13,164.45,45.54,0.0,0.0,0.0,0.0,0.0,0.0,5.5,2.86,789.36,8.36
72.7949,55.11,105.82,148.28,99.44,70.4,91.85,170.94,48.29,0.0,0.0,0.0,0.0,0.0,2.31,0.0,0.0,790.13,2.31
72.8049,51.59,96.03,138.38,105.16,73.37,94.6,177.76,52.36,0.0,0.0,0.0,3.08,0.0,0.0,4.07,2.86,789.25,10.01
72.8149,48.18,87.78,128.59,108.02,74.8,97.46,186.56,57.97,0.0,0.0,0.0,0.0,0.0,0.0,0.0,0.0,789.36,0.0
72.8249,44.77,81.29,115.39,110.88,79.31,101.75,195.36,62.37,0.0,0.0,0.0,0.0,0.0,2.31,4.07,0.0,791.12,6.38
72.8349,39.6,71.39,107.58,115.5,82.17,104.5,207.57,65.34,0.0,0.0,0.0,0.0,0.0,0.0,0.0,2.86,793.65,2.86
72.8449,37.84,63.25,98.23,118.58,86.57,107.36,218.13,72.82,0.0,0.0,0.0,0.0,0.0,0.0,2.75,0.0,802.78,2.75
72.8549,36.08,55.11,88.88,121.66,91.08,110.22,228.47,77.33,0.0,0.0,0.0,0.0,0.0,0.0,2.75,2.86,808.83,5.61
72.8649,32.67,48.62,77.99,123.2,95.48,114.62,240.35,83.27,0.0,0.0,0.0,0.0,0.0,0.0,0.0,0.0,816.2,0.0
72.8749,30.91,40.48,68.64,126.28,99.88,117.7,253.99,92.18,0.0,0.0,0.0,3.08,0.0,0.0,2.75,0.0,830.06,5.83
72.8849,29.26,33.99,56.54,127.82,102.85,120.78,267.63,99.66,0.0,0.0,0.0,0.0,0.0,0.0,0.0,0.0,838.53,0.0
72.8949,27.5,27.5,45.54,127.82,107.25,125.4,281.16,107.14,0.0,0.0,0.0,0.0,0.0,0.0,0.0,2.86,849.31,2.86
72.9049,25.74,21.01,34.43,127.82,110.22,128.48,292.82,116.27,0.0,0.0,0.0,3.08,0.0,0.0,0.0,0.0,856.79,3.08
72.9149,24.09,14.52,22.0,121.66,113.63,130.02,306.02,123.97,0.0,0.0,0.0,0.0,0.0,0.0,0.0,2.86,855.91,2.86
72.9249,20.57,12.87,17.93,118.58,113.63,130.02,319.33,131.67,0.0,0.0,0.0,0.0,0.0,0.0,2.75,2.86,864.6,5.61
72.9349,17.16,11.33,12.43,109.45,115.28,130.02,330.99,140.91,0.0,0.0,0.0,0.0,0.0,0.0,2.75,0.0,867.57,2.75
72.9449,13.75,9.68,11.0,100.87,115.28,131.45,341.66,148.72,0.0,0.0,0.0,0.0,0.0,0.0,0.0,0.0,872.41,0.0
72.9549,11.99,6.38,9.57,95.15,117.04,130.02,354.31,154.88,0.0,0.0,0.0,0.0,0.0,0.0,0.0,0.0,879.34,0.0
72.9649,6.82,6.38,8.25,88.0,117.04,131.45,368.83,161.04,0.0,0.0,0.0,0.0,0.0,0.0,0.0,0.0,887.81,0.0
72.9749,3.41,4.84,6.82,77.99,113.63,131.45,379.72,172.04,2.42,3.3,0.0,0.0,0.0,0.0,0.0,0.0,889.9,5.72
72.9849,0.0,4.84,4.07,67.98,113.63,131.45,392.37,182.49,6.16,4.95,2.86,0.0,0.0,0.0,0.0,0.0,896.83,13.97
72.9949,0.0,0.0,4.07,60.83,110.22,131.45,406.89,189.42,2.42,0.0,0.0,0.0,0.0,0.0,0.0,0.0,902.88,2.42
73.0049,0.0,4.84,5.5,52.03,110.22,130.02,421.41,199.76,2.42,0.0,0.0,0.0,0.0,0.0,0.0,0.0,923.78,2.42
73.0149,0.0,4.84,4.07,42.57,102.85,130.02,434.06,208.45,2.42,0.0,0.0,0.0,0.0,0.0,0.0,0.0,926.86,2.42
73.0249,0.0,3.19,4.07,33.11,96.91,126.94,446.71,217.14,3.63,0.0,0.0,0.0,0.0,0.0,0.0,0.0,928.07,3.63
73.0349,0.0,3.19,4.07,25.96,89.54,122.32,455.73,222.31,4.84,0.0,0.0,3.08,0.0,0.0,0.0,0.0,923.12,7.92
73.0449,0.0,0.0,4.07,18.92,80.74,114.62,466.62,227.48,9.79,0.0,0.0,0.0,0.0,0.0,0.0,0.0,912.45,9.79
73.0549,0.0,3.19,2.75,11.77,71.94,105.93,473.88,230.89,15.95,0.0,0.0,0.0,0.0,2.31,0.0,0.0,900.35,18.26
73.0649,0.0,3.19,4.07,8.25,60.17,96.03,481.03,232.65,25.85,0.0,0.0,3.08,0.0,0.0,0.0,0.0,885.39,28.93
73.0749,0.0,3.19,4.07,7.04,44.55,84.7,484.66,229.13,39.38,0.0,0.0,3.08,4.95,2.31,0.0,0.0,857.34,49.72
73.0849,0.0,3.19,2.75,4.73,32.01,72.05,481.03,227.48,48.07,46.2,0.0,4.73,6.6,2.31,2.75,0.0,823.24,110.66
73.0949,0.0,3.19,4.07,4.73,27.83,57.86,457.6,217.14,51.7,157.85,64.9,39.82,18.15,7.04,5.5,7.26,772.42,352.22
73.1049,0.0,3.19,4.07,3.52,27.83,45.87,414.15,208.45,54.23,203.17,134.42,82.5,36.41,11.77,11.0,11.66,707.08,545.16
73.1149,0.0,3.19,4.07,3.52,27.83,34.1,329.34,198.0,61.93,225.17,189.31,107.91,52.91,16.61,16.5,17.6,600.05,687.94
73.1249,0.0,3.19,4.07,3.52,27.83,26.18,216.37,182.49,76.67,232.21,228.58,106.37,67.21,22.44,28.93,20.46,463.65,782.87
73.1349,0.0,4.84,2.75,2.31,23.65,23.54,116.27,167.2,79.31,228.69,236.83,107.91,70.29,27.28,39.93,23.43,340.56,813.67
73.1449,0.0,4.84,0.0,0.0,20.9,23.54,62.37,130.13,76.67,230.45,235.18,112.42,73.37,33.22,46.86,23.43,241.78,831.6
73.1549,0.0,3.19,2.75,0.0,16.72,19.58,43.45,87.78,75.35,232.21,230.23,117.15,74.91,36.74,56.54,23.43,173.47,846.56
73.1649,0.0,3.19,0.0,0.0,11.11,14.41,30.36,56.54,74.03,239.25,225.28,126.61,76.45,40.26,60.94,26.4,115.61,869.22
73.1749,0.0,3.19,0.0,0.0,9.68,11.77,23.1,31.68,71.28,246.29,215.38,132.88,74.91,44.99,63.91,26.4,79.42,876.04
73.1849,0.0,3.19,0.0,0.0,5.5,6.49,15.84,16.5,68.64,251.68,208.89,142.34,76.45,47.41,66.88,26.4,47.52,888.69
73.1949,0.0,0.0,2.75,0.0,2.75,3.85,12.98,8.25,66.0,249.81,200.75,145.53,78.1,50.93,72.82,29.26,30.58,893.2
73.2049,0.0,0.0,0.0,0.0,2.75,3.85,10.12,2.75,61.93,248.05,194.26,156.53,82.72,54.56,77.33,26.4,19.47,901.78
73.2149,0.0,0.0,0.0,0.0,2.75,3.85,8.69,2.75,56.65,244.53,186.01,162.91,85.8,55.77,81.84,32.23,18.04,905.74
73.2249,0.0,0.0,0.0,0.0,2.75,2.53,7.15,2.75,53.02,237.49,174.68,169.51,88.88,60.28,89.21,33.66,15.18,906.73
73.2349,0.0,0.0,0.0,0.0,2.75,2.53,7.15,0.0,48.07,230.45,166.65,169.51,91.96,66.22,93.72,33.66,12.43,900.24
73.2449,0.0,0.0,0.0,0.0,0.0,3.85,7.15,2.75,43.12,216.59,160.49,172.92,90.42,70.84,102.74,35.2,13.75,892.32
73.2549,0.0,0.0,0.0,0.0,0.0,0.0,7.15,2.75,39.38,201.41,151.25,169.51,98.23,73.81,108.68,35.2,9.9,877.47
73.2649,0.0,0.0,0.0,0.0,0.0,0.0,5.72,0.0,38.17,191.29,146.74,164.45,101.31,76.78,116.27,33.66,5.72,868.67
73.2749,0.0,0.0,0.0,0.0,0.0,3.85,4.29,0.0,35.75,176.11,142.12,164.45,102.85,79.86,120.89,36.63,8.14,858.66
73.2849,0.0,0.0,0.0,0.0,2.75,0.0,4.29,0.0,33.22,162.8,131.45,156.53,105.93,81.4,131.56,38.06,7.04,840.95
73.2949,0.0,0.0,0.0,0.0,0.0,0.0,4.29,0.0,32.01,152.9,126.83,156.53,105.93,84.37,140.8,39.6,4.29,838.97
73.3049,0.0,0.0,0.0,0.0,0.0,0.0,2.86,0.0,29.59,141.35,116.05,153.45,113.63,85.91,146.96,41.03,2.86,827.97
73.3149,0.0,0.0,0.0,0.0,0.0,0.0,2.86,0.0,28.27,131.56,109.89,154.99,116.82,87.34,154.55,39.6,2.86,823.02
73.3249,0.0,0.0,0.0,0.0,0.0,0.0,2.86,0.0,27.06,123.31,100.65,156.53,118.47,88.88,160.71,41.03,2.86,816.64
73.3349,0.0,0.0,0.0,0.0,0.0,0.0,0.0,0.0,25.85,115.06,91.3,156.53,120.12,93.39,170.17,44.0,0.0,816.42
73.3449,0.0,0.0,0.0,0.0,0.0,2.53,0.0,0.0,23.43,107.14,80.41,156.53,128.15,94.93,176.66,44.0,2.53,811.25
73.3549,0.0,0.0,0.0,0.0,0.0,0.0,2.86,0.0,22.11,97.9,71.06,161.26,129.8,97.9,184.69,44.0,2.86,808.72
73.3649,0.0,0.0,0.0,0.0,0.0,0.0,0.0,0.0,20.9,87.12,61.82,161.26,134.64,100.98,189.64,44.0,0.0,800.36
73.3749,0.0,0.0,0.0,0.0,0.0,0.0,0.0,0.0,19.69,77.88,52.91,164.45,137.94,103.95,199.32,45.43,0.0,801.57
73.3849,0.0,0.0,0.0,0.0,0.0,0.0,0.0,0.0,18.48,68.64,42.9,166.1,141.13,108.46,204.16,46.86,0.0,796.73
73.3949,0.0,0.0,0.0,0.0,0.0,0.0,0.0,0.0,17.16,57.75,35.75,167.75,141.13,108.46,213.95,46.86,0.0,788.81
73.4049,0.0,0.0,0.0,0.0,0.0,0.0,0.0,0.0,17.16,49.5,27.17,167.75,147.62,111.54,218.79,49.83,0.0,789.36
73.4149,0.0,0.0,0.0,0.0,0.0,0.0,0.0,0.0,15.95,41.25,21.45,164.45,149.27,111.54,230.34,54.23,0.0,788.48
73.4249,0.0,0.0,0.0,0.0,0.0,0.0,0.0,0.0,14.74,31.35,17.16,167.75,149.27,116.49,237.16,55.77,0.0,789.69
73.4349,0.0,0.0,0.0,0.0,0.0,0.0,0.0,0.0,15.95,24.75,12.87,162.91,152.46,116.49,247.5,55.77,0.0,788.7
73.4449,0.0,0.0,0.0,0.0,0.0,0.0,0.0,0.0,12.32,16.5,10.01,161.26,154.11,116.49,257.84,58.74,0.0,787.27
73.4549,0.0,0.0,0.0,0.0,0.0,0.0,0.0,0.0,8.58,13.2,8.58,156.53,154.11,118.25,264.66,61.82,0.0,785.73
73.4649,0.0,0.0,0.0,0.0,0.0,0.0,0.0,0.0,6.16,11.55,5.72,150.26,154.11,123.42,273.35,66.44,0.0,791.01
73.4749,0.0,0.0,0.0,0.0,0.0,0.0,0.0,0.0,4.84,8.25,4.29,142.34,154.11,123.42,288.64,69.52,0.0,795.41
73.4849,0.0,0.0,2.75,0.0,0.0,0.0,0.0,0.0,3.63,9.9,5.72,132.88,154.11,123.42,300.63,77.11,2.75,807.4
73.4949,0.0,0.0,2.75,0.0,0.0,0.0,0.0,0.0,3.63,9.9,5.72,123.42,152.46,126.94,309.1,80.19,2.75,811.36
73.5049,0.0,0.0,0.0,0.0,0.0,0.0,0.0,0.0,2.42,6.6,4.29,115.5,157.41,123.42,326.15,87.89,0.0,823.68
73.5149,0.0,0.0,0.0,0.0,0.0,0.0,0.0,0.0,2.42,6.6,0.0,106.37,157.41,126.94,339.79,97.02,0.0,836.55
73.5249,0.0,0.0,0.0,0.0,0.0,0.0,0.0,0.0,0.0,4.95,4.29,100.43,155.76,128.7,350.02,101.64,0.0,845.79
73.5349,3.41,0.0,0.0,0.0,0.0,0.0,0.0,0.0,0.0,4.95,2.86,89.98,157.41,128.7,361.9,109.34,3.41,855.14
73.5449,5.06,0.0,0.0,0.0,0.0,0.0,0.0,0.0,0.0,4.95,2.86,78.1,157.41,130.46,373.89,112.42,5.06,860.09
73.5549,6.82,0.0,0.0,0.0,0.0,0.0,0.0,0.0,0.0,0.0,0.0,70.62,157.41,128.7,385.77,117.15,6.82,859.65
73.5649,13.75,0.0,0.0,0.0,0.0,0.0,0.0,0.0,0.0,0.0,0.0,58.74,154.11,128.7,396.22,120.34,13.75,858.11
73.5748,29.26,0.0,0.0,0.0,2.75,0.0,0.0,0.0,0.0,0.0,0.0,49.39,149.27,123.42,407.0,123.53,32.01,852.61
73.5848,48.18,0.0,0.0,0.0,2.75,2.53,0.0,0.0,0.0,0.0,2.86,39.82,144.43,120.01,412.39,126.72,53.46,846.23
73.5948,65.34,0.0,0.0,2.31,4.18,2.53,0.0,0.0,0.0,3.3,0.0,30.25,137.94,114.73,408.76,125.18,74.36,820.16
73.6048,84.37,0.0,0.0,3.52,4.18,2.53,0.0,0.0,0.0,0.0,0.0,22.22,129.8,107.03,410.52,126.72,94.6,796.29
73.6148,105.05,9.68,31.68,3.52,4.18,2.53,2.86,2.75,0.0,3.3,0.0,14.3,118.47,100.98,401.61,123.53,162.25,762.19
73.6248,105.05,63.25,101.31,5.83,5.5,5.17,2.86,2.75,0.0,3.3,0.0,12.65,105.93,85.91,389.18,118.8,291.72,715.77
73.6348,98.12,105.82,146.63,40.15,8.36,5.17,4.29,4.07,0.0,0.0,0.0,12.65,87.34,72.27,367.07,113.96,412.61,653.29
73.6448,98.12,129.14,186.01,57.97,20.9,10.45,8.69,9.57,0.0,0.0,2.86,14.3,65.67,60.28,336.38,110.88,520.85,590.37
73.6548,101.53,132.55,213.4,65.12,32.01,30.14,31.79,19.25,0.0,0.0,0.0,11.11,52.91,47.41,276.76,115.61,625.79,503.8
73.6648,110.22,135.85,236.83,65.12,40.37,40.59,56.43,20.68,0.0,0.0,0.0,14.3,46.31,35.53,176.66,121.99,706.09,394.79
73.6748,115.39,142.56,256.41,65.12,45.98,51.15,78.76,23.43,0.0,0.0,0.0,14.3,33.11,26.07,96.69,120.34,778.8,290.51
73.6848,120.67,145.97,268.84,67.98,50.16,57.86,98.12,26.18,0.0,3.3,0.0,9.46,29.81,21.34,46.86,90.97,835.78,201.74
73.6948,127.6,150.92,277.75,67.98,51.48,62.15,107.03,27.5,0.0,0.0,0.0,9.46,21.45,16.61,33.11,61.82,872.41,142.45
73.7048,131.12,155.98,283.25,69.41,51.48,63.58,111.54,28.93,0.0,0.0,0.0,6.27,18.15,11.77,24.75,46.86,895.29,107.8
73.7148,134.64,159.39,285.12,70.84,52.91,67.76,114.62,28.93,0.0,0.0,0.0,3.08,13.2,9.46,19.25,35.2,914.21,80.19
73.7248,138.16,162.69,286.99,72.27,52.91,67.76,119.46,30.36,0.0,0.0,0.0,3.08,9.9,9.46,12.32,19.03,930.6,53.79
73.7348,139.92,166.1,286.99,73.7,55.77,67.76,121.11,30.36,0.0,0.0,0.0,0.0,6.6,4.73,9.57,8.8,941.71,29.7
73.7448,139.92,167.75,281.38,75.13,54.34,69.19,122.65,30.36,0.0,0.0,0.0,4.73,4.95,3.52,9.57,5.83,940.72,28.6
73.7548,136.4,167.75,277.75,75.13,55.77,70.62,121.11,30.36,0.0,0.0,0.0,4.73,3.3,3.52,8.25,5.83,934.89,25.63
73.7648,132.88,162.69,272.47,75.13,55.77,70.62,122.65,28.93,0.0,0.0,0.0,4.73,3.3,3.52,5.5,5.83,921.14,22.88
73.7748,127.6,161.04,263.56,76.56,57.2,70.62,124.3,28.93,0.0,0.0,0.0,0.0,3.3,3.52,6.82,0.0,909.81,13.64
73.7848,122.43,155.98,256.41,73.7,57.2,72.05,127.49,31.68,0.0,0.0,0.0,3.08,0.0,3.52,6.82,5.83,896.94,19.25
73.7948,115.39,150.92,247.5,75.13,58.63,72.05,129.14,30.36,0.0,0.0,0.0,0.0,0.0,3.52,2.75,0.0,879.12,6.27
73.8048,108.46,145.97,236.83,76.56,58.63,73.48,129.14,28.93,0.0,0.0,0.0,0.0,3.3,3.52,2.75,0.0,858.0,9.57
73.8148,101.53,139.26,227.92,79.42,60.17,72.05,130.68,30.36,0.0,0.0,0.0,3.08,0.0,0.0,5.5,4.4,841.39,12.98
73.8248,92.95,132.55,215.27,77.99,61.6,73.48,133.98,30.36,0.0,0.0,0.0,3.08,0.0,3.52,4.07,4.4,818.18,15.07
73.8348,86.02,124.08,202.51,82.28,61.6,74.8,135.52,31.68,0.0,0.0,0.0,3.08,0.0,2.31,4.07,0.0,798.49,9.46
73.8448,80.85,120.78,193.38,85.14,63.03,77.66,138.71,31.68,0.0,0.0,0.0,3.08,0.0,2.31,2.75,2.86,791.23,11.0
73.8548,74.03,114.07,186.01,88.0,61.6,80.52,140.36,31.68,0.0,0.0,0.0,3.08,0.0,0.0,4.07,2.86,776.27,10.01
73.8648,68.86,109.12,176.88,89.43,66.0,83.38,145.2,33.11,0.0,0.0,0.0,0.0,0.0,2.31,0.0,0.0,771.98,2.31
73.8748,67.1,104.17,169.62,92.29,67.54,84.7,151.58,35.86,0.0,0.0,0.0,3.08,0.0,0.0,4.07,0.0,772.86,7.15
73.8848,63.69,96.03,164.67,93.72,70.4,88.99,158.07,39.93,0.0,0.0,0.0,0.0,0.0,0.0,0.0,2.86,775.5,2.86
73.8948,60.17,89.43,159.72,95.15,70.4,90.42,164.45,42.68,0.0,0.0,0.0,3.08,0.0,0.0,0.0,0.0,772.42,3.08
73.9048,56.76,86.13,154.77,96.58,73.37,91.85,170.94,45.54,0.0,0.0,0.0,0.0,0.0,0.0,4.07,0.0,775.94,4.07
73.9148,55.11,79.64,146.63,98.01,79.31,94.6,183.04,51.04,0.0,0.0,0.0,0.0,0.0,0.0,2.75,2.86,787.38,5.61
73.9248,53.35,73.04,140.03,100.87,83.71,98.89,190.08,55.11,0.0,0.0,0.0,0.0,0.0,0.0,2.75,0.0,795.08,2.75
73.9348,49.94,66.55,131.89,103.73,86.57,103.07,205.81,62.37,0.0,0.0,0.0,3.08,0.0,0.0,2.75,2.86,809.93,8.69
73.9448,46.42,58.3,121.99,109.45,92.51,107.36,219.89,68.31,0.0,0.0,0.0,0.0,0.0,0.0,0.0,0.0,824.23,0.0
73.9548,43.01,50.16,112.2,112.42,98.34,110.22,233.53,77.33,0.0,0.0,0.0,0.0,0.0,0.0,2.75,2.86,837.21,5.61
73.9648,39.6,42.13,98.23,115.5,104.28,113.08,247.17,86.24,0.0,0.0,0.0,0.0,0.0,0.0,0.0,2.86,846.23,2.86
73.9748,36.08,33.99,84.26,115.5,108.68,119.24,260.81,95.15,0.0,0.0,0.0,0.0,0.0,0.0,2.75,0.0,853.71,2.75
73.9848,32.67,25.85,71.83,117.04,111.87,120.78,272.69,104.17,0.0,0.0,0.0,0.0,0.0,0.0,2.75,0.0,856.9,2.75
73.9948,30.91,19.36,55.22,121.66,118.69,123.86,284.46,110.11,0.0,0.0,0.0,0.0,0.0,0.0,2.75,2.86,864.27,5.61
74.0048,27.5,16.17,40.04,123.2,122.1,128.48,294.47,117.81,0.0,0.0,0.0,0.0,0.0,0.0,0.0,0.0,869.77,0.0
74.0148,25.74,12.87,26.18,123.2,123.86,130.02,306.02,127.05,0.0,0.0,0.0,0.0,0.0,0.0,0.0,0.0,874.94,0.0
74.0248,22.33,9.68,19.25,118.58,127.27,132.99,317.68,133.21,0.0,0.0,0.0,0.0,0.0,0.0,0.0,2.86,880.99,2.86
74.0348,18.92,8.03,15.18,113.96,128.92,134.53,330.99,142.56,0.0,0.0,0.0,0.0,0.0,0.0,2.75,0.0,893.09,2.75
74.0448,15.4,8.03,13.75,109.45,128.92,136.07,345.29,151.8,7.37,0.0,2.86,0.0,0.0,0.0,0.0,0.0,908.71,10.23
74.0548,10.23,8.03,11.0,102.3,130.68,136.07,359.81,161.04,7.37,0.0,0.0,0.0,0.0,0.0,0.0,2.86,919.16,10.23
74.0648,3.41,6.38,9.57,93.72,128.92,136.07,372.46,172.04,4.84,0.0,0.0,0.0,0.0,0.0,0.0,0.0,922.57,4.84
74.0748,0.0,4.84,5.5,80.85,125.51,140.69,386.98,182.49,7.37,0.0,0.0,0.0,0.0,0.0,0.0,0.0,926.86,7.37
74.0848,0.0,4.84,6.82,66.55,120.45,139.15,403.26,189.42,8.58,0.0,0.0,0.0,0.0,2.31,0.0,0.0,930.49,10.89
74.0948,0.0,4.84,5.5,54.34,115.28,136.07,412.39,198.0,11.0,0.0,0.0,0.0,0.0,0.0,0.0,0.0,926.42,11.0
74.1048,0.0,4.84,5.5,44.88,107.25,134.53,423.17,204.93,14.74,0.0,0.0,0.0,0.0,0.0,0.0,0.0,925.1,14.74
74.1148,0.0,3.19,5.5,35.42,95.48,131.45,432.3,210.21,19.69,0.0,0.0,0.0,0.0,0.0,0.0,0.0,913.55,19.69
74.1248,0.0,0.0,5.5,23.65,85.14,125.4,437.69,210.21,28.27,0.0,0.0,3.08,0.0,0.0,0.0,0.0,887.59,31.35
74.1348,0.0,3.19,4.07,16.5,76.34,117.7,444.95,213.62,40.7,0.0,0.0,0.0,3.3,0.0,0.0,0.0,876.37,44.0
74.1448,0.0,3.19,5.5,8.25,60.17,108.79,448.58,213.62,49.28,23.1,0.0,3.08,6.6,2.31,0.0,0.0,848.1,84.37
74.1548,0.0,3.19,5.5,7.04,44.55,94.6,448.58,211.86,61.93,121.66,48.62,34.98,18.15,7.04,5.5,7.26,815.32,305.14
74.1648,0.0,3.19,5.5,5.83,32.01,79.09,437.69,203.28,72.6,172.81,113.08,75.13,44.66,10.67,9.57,10.23,766.59,508.75
74.1748,0.0,3.19,4.07,3.52,29.26,59.29,403.26,192.83,75.35,184.58,160.49,99.0,56.21,15.4,16.5,17.6,695.42,625.13
74.1848,0.0,3.19,4.07,2.31,26.4,40.59,329.34,180.73,87.34,194.7,190.96,100.43,67.21,22.44,33.11,22.0,586.63,718.19
74.1948,0.0,3.19,4.07,2.31,26.4,30.14,218.13,168.74,88.77,191.29,195.8,103.4,71.83,23.65,39.93,22.0,452.98,736.67
74.2048,0.0,3.19,2.75,3.52,23.65,23.54,111.54,154.88,84.7,189.64,190.96,104.94,76.45,27.28,51.04,23.43,323.07,748.44
74.2148,0.0,3.19,2.75,2.31,18.04,22.22,57.86,120.89,83.38,191.29,189.31,109.34,78.1,32.01,56.54,24.86,227.26,764.83
74.2248,0.0,3.19,4.07,2.31,15.29,17.05,39.05,80.3,83.38,196.35,184.47,115.5,79.64,36.74,60.94,23.43,161.26,780.45
74.2348,0.0,3.19,0.0,0.0,12.54,13.09,28.93,53.79,84.7,206.47,179.52,120.23,78.1,39.05,66.88,26.4,111.54,801.35
74.2448,0.0,3.19,2.75,0.0,8.36,9.13,21.67,28.93,83.38,211.53,179.52,126.61,81.18,41.47,69.85,26.4,74.03,819.94
74.2548,0.0,3.19,2.75,0.0,5.5,6.49,14.41,13.75,82.06,214.94,174.68,132.88,82.72,43.89,78.76,27.83,46.09,837.76
74.2648,0.0,0.0,0.0,0.0,4.18,3.85,10.12,5.5,80.74,218.35,171.38,137.61,87.34,46.2,84.81,30.8,23.65,857.23
74.2748,0.0,0.0,0.0,0.0,2.75,3.85,8.69,2.75,76.67,218.35,165.11,143.99,90.42,52.14,89.21,30.8,18.04,866.69
74.2848,0.0,0.0,0.0,0.0,0.0,2.53,8.69,2.75,74.03,214.94,160.49,153.45,93.5,54.56,98.23,30.8,13.97,880.0
74.2948,0.0,0.0,0.0,0.0,0.0,2.53,7.15,2.75,68.64,204.82,157.41,156.53,98.23,58.74,107.14,32.23,12.43,883.74
74.3048,0.0,0.0,0.0,0.0,0.0,3.85,5.72,0.0,64.57,198.11,155.87,158.18,98.23,64.79,114.73,33.66,9.57,888.14
74.3148,0.0,0.0,0.0,0.0,2.75,2.53,5.72,2.75,60.61,191.29,151.25,158.18,99.77,67.76,120.89,32.23,13.75,881.98
74.3248,0.0,0.0,2.75,0.0,0.0,2.53,5.72,0.0,55.44,177.87,145.2,158.18,104.39,73.81,125.51,36.63,11.0,877.03
74.3348,0.0,0.0,2.75,0.0,0.0,2.53,2.86,0.0,51.7,167.75,137.5,154.99,105.93,73.81,133.1,35.2,8.14,859.98
74.3448,0.0,0.0,0.0,0.0,0.0,0.0,4.29,0.0,45.54,151.25,126.83,151.8,109.01,79.86,145.42,38.06,4.29,847.77
74.3548,0.0,0.0,2.75,0.0,0.0,2.53,2.86,0.0,41.91,138.16,120.67,145.53,112.09,82.83,151.47,38.06,8.14,830.72
74.3648,0.0,0.0,2.75,0.0,0.0,2.53,4.29,0.0,38.17,124.96,111.43,143.99,116.82,84.37,165.33,39.6,9.57,824.67
74.3748,0.0,0.0,0.0,0.0,0.0,2.53,2.86,0.0,36.96,113.41,102.19,137.61,118.47,88.88,176.66,41.03,5.39,815.21
74.3848,0.0,0.0,0.0,0.0,0.0,0.0,2.86,0.0,34.43,100.98,94.38,139.15,121.66,91.96,189.64,42.46,2.86,814.66
74.3948,0.0,0.0,0.0,0.0,0.0,2.53,0.0,0.0,32.01,90.2,85.03,136.07,129.8,91.96,200.97,45.43,2.53,811.47
74.4048,0.0,0.0,0.0,0.0,0.0,0.0,2.86,0.0,30.8,79.42,77.33,134.42,131.45,96.47,213.95,46.86,2.86,810.7
74.4148,0.0,0.0,0.0,0.0,0.0,0.0,0.0,0.0,28.27,70.18,67.98,131.34,137.94,100.98,221.98,48.4,0.0,807.07
74.4248,0.0,0.0,2.75,0.0,0.0,0.0,0.0,0.0,27.06,59.4,57.2,129.69,142.78,100.98,233.75,49.83,2.75,800.69
74.4348,0.0,0.0,0.0,0.0,0.0,0.0,0.0,0.0,25.85,52.8,50.05,126.61,145.97,100.98,247.5,52.8,0.0,802.56
74.4448,0.0,0.0,0.0,0.0,0.0,0.0,0.0,0.0,24.64,41.25,40.04,123.42,152.46,102.52,259.6,54.23,0.0,798.16
74.4548,0.0,0.0,0.0,0.0,0.0,0.0,0.0,0.0,22.11,34.65,32.89,120.23,157.41,102.52,269.83,57.2,0.0,796.84
74.4648,0.0,0.0,0.0,0.0,0.0,0.0,0.0,0.0,20.9,24.75,24.31,117.15,162.25,105.49,280.17,57.2,0.0,792.22
74.4748,0.0,0.0,0.0,0.0,0.0,0.0,0.0,0.0,18.48,18.15,17.16,112.42,167.09,102.52,292.05,63.36,0.0,791.23
74.4848,0.0,0.0,0.0,0.0,0.0,0.0,0.0,0.0,15.95,13.2,10.01,106.37,168.74,105.49,302.28,66.44,0.0,788.48
74.4948,0.0,0.0,2.75,0.0,0.0,0.0,0.0,0.0,11.0,9.9,8.58,99.0,170.39,107.03,315.92,69.52,2.75,791.34
74.5048,0.0,0.0,2.75,0.0,0.0,0.0,0.0,0.0,8.58,8.25,7.15,92.95,170.39,103.95,329.56,72.6,2.75,793.43
74.5148,0.0,0.0,0.0,0.0,0.0,0.0,0.0,0.0,6.16,8.25,5.72,87.01,172.15,105.49,341.44,77.11,0.0,803.33
74.5248,0.0,0.0,2.75,0.0,0.0,0.0,0.0,0.0,4.84,6.6,4.29,81.07,172.15,105.49,351.67,84.81,2.75,810.92
74.5348,0.0,0.0,2.75,0.0,0.0,0.0,0.0,0.0,3.63,4.95,2.86,72.16,172.15,107.03,358.49,84.81,2.75,806.08
74.5448,0.0,0.0,2.75,0.0,0.0,0.0,0.0,0.0,2.42,3.3,5.72,67.65,170.39,105.49,368.72,90.97,2.75,814.66
74.5548,0.0,0.0,0.0,0.0,0.0,0.0,0.0,0.0,2.42,4.95,4.29,60.17,167.09,105.49,382.36,98.56,0.0,825.33
74.5648,0.0,0.0,0.0,0.0,0.0,0.0,0.0,0.0,0.0,3.3,4.29,54.12,167.09,103.95,396.22,100.1,0.0,829.07
74.5748,3.41,0.0,0.0,0.0,0.0,0.0,0.0,0.0,0.0,0.0,0.0,44.55,167.09,105.49,408.76,109.34,3.41,835.23
74.5848,5.06,0.0,0.0,0.0,0.0,0.0,0.0,0.0,0.0,3.3,2.86,38.17,163.9,102.52,415.91,112.42,5.06,839.08
74.5948,6.82,0.0,0.0,2.31,0.0,0.0,0.0,0.0,0.0,0.0,0.0,34.98,162.25,100.98,426.69,118.8,9.13,843.7
74.6048,11.99,0.0,0.0,2.31,0.0,0.0,0.0,0.0,0.0,0.0,2.86,28.6,155.76,97.9,439.23,121.99,14.3,846.34
74.6148,20.57,0.0,0.0,2.31,0.0,0.0,0.0,0.0,0.0,3.3,2.86,19.03,152.46,94.93,448.25,123.53,22.88,844.36
74.6248,41.25,0.0,0.0,2.31,4.18,0.0,0.0,0.0,0.0,3.3,0.0,15.84,145.97,91.96,457.27,123.53,47.74,837.87
74.6348,65.34,0.0,0.0,2.31,4.18,3.85,0.0,0.0,0.0,0.0,2.86,11.11,141.13,87.34,468.16,128.37,75.68,838.97
74.6448,80.85,0.0,0.0,3.52,4.18,3.85,0.0,0.0,0.0,0.0,0.0,7.92,136.29,81.4,471.79,125.18,92.4,822.58
74.6548,111.87,4.84,12.43,4.73,5.5,3.85,2.86,2.75,0.0,3.3,0.0,7.92,123.31,73.81,471.79,128.37,148.83,808.5
74.6648,127.6,66.55,101.31,5.83,5.5,6.49,2.86,2.75,0.0,0.0,0.0,9.46,110.55,66.22,460.9,123.53,318.89,770.66
74.6748,115.39,120.78,154.77,25.96,6.93,6.49,2.86,2.75,0.0,0.0,0.0,9.46,93.5,53.35,448.25,123.53,435.93,728.09
74.6848,108.46,150.92,193.38,56.76,12.54,9.13,7.15,8.25,0.0,0.0,0.0,9.46,74.91,46.2,417.78,115.61,546.59,663.96
74.6948,106.7,149.27,220.77,67.98,30.58,24.86,21.67,16.5,0.0,0.0,0.0,12.65,54.56,39.05,370.48,110.88,638.33,587.62
74.7048,105.05,149.27,236.83,70.84,37.62,39.27,47.74,20.68,0.0,0.0,0.0,12.65,52.91,32.01,269.83,112.42,707.3,479.82
74.7148,105.05,150.92,247.5,73.7,43.12,51.15,72.71,23.43,0.0,0.0,0.0,14.3,41.36,28.38,149.93,110.88,767.58,344.85
74.7248,105.05,152.68,254.65,76.56,47.3,59.29,93.61,26.18,0.0,3.3,0.0,12.65,34.76,23.65,83.27,98.56,815.32,256.19
74.7348,108.46,157.63,259.93,79.42,50.16,66.33,105.6,27.5,0.0,0.0,0.0,7.92,28.05,20.13,41.36,69.52,855.03,166.98
74.7448,110.22,159.39,265.32,77.99,51.48,70.62,114.62,28.93,0.0,0.0,0.0,6.27,21.45,14.19,28.93,45.43,878.57,116.27
74.7548,113.63,162.69,265.32,79.42,52.91,72.05,117.81,28.93,0.0,0.0,0.0,3.08,16.5,10.67,23.43,33.66,892.76,87.34
74.7648,113.63,166.1,267.08,82.28,54.34,74.8,124.3,30.36,0.0,0.0,0.0,4.73,11.55,7.04,17.93,19.03,912.89,60.28
74.7748,113.63,166.1,265.32,82.28,55.77,77.66,129.14,31.68,0.0,0.0,0.0,4.73,8.25,5.83,13.75,10.23,921.58,42.79
74.7848,111.87,166.1,263.56,83.71,57.2,79.09,135.52,33.11,0.0,0.0,0.0,4.73,6.6,4.73,11.0,5.83,930.16,32.89
74.7948,110.22,166.1,259.93,83.71,58.63,79.09,137.17,33.11,0.0,0.0,0.0,3.08,6.6,4.73,9.57,2.86,927.96,26.84
74.8048,106.7,161.04,254.65,85.14,57.2,80.52,140.36,34.43,0.0,0.0,0.0,3.08,3.3,4.73,8.25,5.83,920.04,25.19
74.8148,101.53,159.39,245.74,88.0,58.63,83.38,142.01,35.86,0.0,0.0,0.0,3.08,4.95,3.52,8.25,4.4,914.54,24.2
74.8248,94.71,155.98,238.59,86.57,60.17,83.38,142.01,35.86,0.0,0.0,0.0,3.08,4.95,4.73,8.25,4.4,897.27,25.41
74.8348,89.54,150.92,227.92,89.43,61.6,83.38,143.55,35.86,0.0,0.0,0.0,3.08,3.3,0.0,6.82,2.86,882.2,16.06
74.8448,82.61,144.21,217.14,92.29,60.17,86.13,143.55,35.86,0.0,0.0,0.0,3.08,3.3,0.0,6.82,4.4,861.96,17.6
74.8548,74.03,137.5,204.27,95.15,60.17,87.56,143.55,35.86,0.0,0.0,0.0,3.08,0.0,2.31,4.07,4.4,838.09,13.86
74.8648,65.34,129.14,187.88,98.01,61.6,88.99,146.85,37.18,0.0,0.0,0.0,3.08,3.3,3.52,4.07,4.4,814.99,18.37
74.8748,60.17,122.43,169.62,102.3,61.6,91.85,148.39,37.18,0.0,0.0,0.0,3.08,3.3,0.0,5.5,2.86,793.54,14.74
74.8848,55.11,112.42,158.07,105.16,63.03,93.17,151.58,41.36,0.0,0.0,0.0,0.0,3.3,2.31,5.5,0.0,779.9,11.11
74.8948,51.59,104.17,148.28,106.59,64.57,96.03,156.42,44.11,0.0,0.0,0.0,3.08,0.0,3.52,4.07,2.86,771.76,13.53
74.9048,48.18,97.68,138.38,108.02,67.54,97.46,162.91,46.86,0.0,0.0,0.0,3.08,0.0,2.31,2.75,0.0,767.03,8.14
74.9148,46.42,87.78,133.43,109.45,70.4,100.32,169.29,48.29,0.0,0.0,0.0,0.0,0.0,2.31,5.5,4.4,765.38,12.21
74.9248,44.77,79.64,125.29,110.88,73.37,101.75,177.76,55.11,0.0,0.0,0.0,0.0,3.3,2.31,4.07,4.4,768.57,14.08
74.9348,41.25,74.69,120.34,110.88,74.8,105.93,188.32,59.4,0.0,0.0,0.0,0.0,0.0,0.0,4.07,2.86,775.61,6.93
74.9448,39.6,66.55,113.85,113.96,79.31,108.79,197.12,65.34,0.0,0.0,0.0,0.0,0.0,0.0,4.07,2.86,784.52,6.93
74.9548,36.08,59.95,104.5,113.96,83.71,108.79,207.57,71.28,0.0,0.0,0.0,0.0,0.0,0.0,4.07,2.86,785.84,6.93
74.9648,34.43,53.46,96.69,113.96,86.57,114.62,219.89,77.33,0.0,0.0,0.0,0.0,0.0,0.0,4.07,4.4,796.95,8.47
74.9748,32.67,45.32,87.34,118.58,91.08,117.7,231.88,84.7,0.0,0.0,0.0,0.0,0.0,0.0,2.75,2.86,809.27,5.61
74.9848,30.91,37.18,74.91,118.58,93.94,120.78,243.76,93.72,0.0,0.0,0.0,0.0,0.0,0.0,0.0,0.0,813.78,0.0
74.9948,29.26,30.69,64.02,121.66,96.91,122.32,255.64,101.2,0.0,0.0,0.0,0.0,0.0,2.31,0.0,2.86,821.7,5.17
75.0047,27.5,24.31,52.47,121.66,102.85,126.94,267.63,110.11,0.0,0.0,0.0,0.0,0.0,0.0,4.07,2.86,833.47,6.93
75.0147,25.74,19.36,42.79,120.12,107.25,126.94,279.51,119.35,0.0,0.0,0.0,0.0,0.0,0.0,0.0,2.86,841.06,2.86
75.0247,24.09,14.52,28.93,118.58,110.22,131.45,291.06,125.51,0.0,0.0,0.0,0.0,0.0,0.0,2.75,2.86,844.36,5.61
75.0347,22.33,11.33,19.25,115.5,113.63,132.99,304.37,136.29,0.0,0.0,0.0,0.0,0.0,0.0,2.75,0.0,855.69,2.75
75.0447,18.92,8.03,17.93,113.96,117.04,136.07,314.38,144.1,0.0,0.0,0.0,0.0,0.0,0.0,2.75,2.86,870.43,5.61
75.0547,17.16,9.68,13.75,108.02,118.69,134.53,324.39,148.72,0.0,0.0,0.0,0.0,0.0,0.0,4.07,2.86,874.94,6.93
75.0647,13.75,8.03,11.0,102.3,115.28,134.53,336.16,157.96,0.0,0.0,0.0,0.0,0.0,0.0,2.75,2.86,879.01,5.61
75.0747,10.23,8.03,9.57,93.72,117.04,137.61,347.05,162.58,0.0,0.0,0.0,0.0,0.0,0.0,2.75,2.86,885.83,5.61
75.0847,5.06,6.38,8.25,86.57,115.28,137.61,359.81,172.04,3.63,0.0,0.0,0.0,0.0,0.0,0.0,2.86,891.0,6.49
75.0947,0.0,4.84,6.82,72.27,115.28,136.07,370.7,180.73,9.79,0.0,0.0,0.0,0.0,0.0,2.75,2.86,886.71,15.4
75.1047,0.0,4.84,4.07,63.69,111.87,132.99,383.35,187.66,7.37,0.0,0.0,0.0,0.0,0.0,0.0,0.0,888.47,7.37
75.1147,0.0,3.19,4.07,53.13,108.68,132.99,394.24,194.59,9.79,0.0,0.0,0.0,0.0,0.0,0.0,0.0,890.89,9.79
75.1247,0.0,3.19,5.5,43.67,104.28,131.45,401.5,198.0,9.79,0.0,0.0,0.0,0.0,2.31,0.0,2.86,887.59,14.96
75.1347,0.0,4.84,4.07,36.63,96.91,128.48,414.15,206.69,13.53,0.0,0.0,0.0,0.0,0.0,0.0,0.0,891.77,13.53
75.1447,0.0,3.19,4.07,27.17,91.08,123.86,423.17,211.86,17.16,0.0,0.0,3.08,0.0,0.0,0.0,0.0,884.4,20.24
75.1547,0.0,3.19,5.5,20.02,83.71,116.16,430.43,215.38,22.11,0.0,0.0,0.0,0.0,0.0,0.0,0.0,874.39,22.11
75.1647,0.0,3.19,4.07,14.19,76.34,110.22,441.32,217.14,32.01,0.0,0.0,0.0,3.3,0.0,0.0,0.0,866.47,35.31
75.1747,0.0,3.19,4.07,8.25,66.0,104.5,444.95,222.31,41.91,0.0,0.0,0.0,3.3,0.0,0.0,2.86,853.27,48.07
75.1847,0.0,3.19,2.75,7.04,54.34,91.85,453.97,222.31,51.7,39.6,4.29,3.08,8.25,3.52,0.0,2.86,835.45,113.3
75.1947,0.0,3.19,2.75,4.73,40.37,81.95,452.21,218.79,51.7,118.36,71.06,57.2,47.96,10.67,8.25,10.23,803.99,375.43
75.2047,0.0,3.19,4.07,4.73,29.26,67.76,444.95,211.86,67.32,171.05,143.66,87.01,59.51,12.98,13.75,16.06,765.82,571.34
75.2147,0.0,0.0,4.07,3.52,26.4,51.15,414.15,203.28,75.35,189.64,187.66,100.43,67.21,23.65,39.93,23.43,702.57,707.3
75.2247,0.0,3.19,4.07,4.73,25.08,37.95,352.55,189.42,79.31,184.58,205.59,97.46,74.91,28.38,56.54,26.4,616.99,753.17
75.2347,0.0,3.19,0.0,2.31,26.4,24.86,259.05,172.04,72.6,181.17,197.45,103.4,76.45,33.22,69.85,24.86,487.85,759.0
75.2447,0.0,3.19,4.07,3.52,23.65,23.54,148.39,153.34,66.0,179.52,190.96,106.37,81.18,39.05,78.76,27.83,359.7,769.67
75.2547,0.0,3.19,2.75,2.31,18.04,20.9,81.73,131.67,63.25,184.58,179.52,113.96,81.18,42.68,86.24,26.4,260.59,777.81
75.2647,0.0,3.19,0.0,0.0,16.72,18.26,47.74,93.72,61.93,193.05,171.38,123.42,84.26,48.62,89.21,30.8,179.63,802.67
75.2747,0.0,3.19,2.75,0.0,15.29,14.41,34.76,59.4,59.29,199.76,165.11,131.34,85.8,52.14,95.26,30.8,129.8,819.5
75.2847,0.0,3.19,2.75,0.0,9.68,11.77,26.07,33.11,56.65,199.76,160.49,139.15,88.88,58.74,102.74,32.23,86.57,838.64
75.2947,0.0,0.0,2.75,0.0,8.36,9.13,18.81,15.18,54.23,198.11,155.87,145.53,93.5,63.25,110.22,35.2,54.23,855.91
75.3047,0.0,3.19,2.75,0.0,2.75,5.17,11.55,9.57,50.49,201.41,151.25,150.26,96.69,67.76,120.89,36.63,34.98,875.38
75.3147,0.0,0.0,0.0,0.0,4.18,2.53,10.12,4.07,48.07,194.7,145.2,154.99,101.31,73.81,125.51,36.63,20.9,880.22
75.3247,0.0,0.0,0.0,0.0,4.18,3.85,7.15,2.75,45.54,187.99,143.66,158.18,102.85,79.86,139.26,39.6,17.93,896.94
75.3347,0.0,0.0,0.0,0.0,0.0,3.85,8.69,2.75,45.54,182.93,145.2,153.45,109.01,81.4,149.93,41.03,15.29,908.49
75.3447,0.0,0.0,0.0,0.0,2.75,3.85,5.72,2.75,43.12,174.46,142.12,153.45,113.63,82.83,162.25,41.03,15.07,912.89
75.3547,0.0,0.0,0.0,0.0,2.75,2.53,7.15,2.75,41.91,166.1,139.04,148.72,113.63,87.34,173.36,44.0,15.18,914.1
75.3647,0.0,0.0,0.0,0.0,2.75,2.53,5.72,2.75,39.38,154.55,132.88,143.99,118.47,90.42,186.34,42.46,13.75,908.49
75.3747,0.0,0.0,0.0,0.0,2.75,2.53,4.29,0.0,35.75,141.35,123.75,137.61,123.31,90.42,200.97,46.86,9.57,900.02
75.3847,0.0,0.0,0.0,0.0,0.0,2.53,4.29,2.75,33.22,124.96,114.51,132.88,124.96,94.93,213.95,49.83,9.57,889.24
75.3947,0.0,0.0,0.0,0.0,0.0,2.53,4.29,0.0,30.8,108.68,102.19,126.61,131.45,94.93,226.93,54.23,6.82,875.82
75.4047,0.0,0.0,0.0,0.0,0.0,2.53,2.86,0.0,28.27,97.9,92.84,121.88,133.1,96.47,238.92,57.2,5.39,866.58
75.4147,0.0,0.0,2.75,0.0,0.0,0.0,0.0,0.0,27.06,85.58,80.41,117.15,141.13,96.47,250.91,58.74,2.75,857.45
75.4247,0.0,0.0,0.0,0.0,0.0,2.53,4.29,0.0,24.64,73.26,67.98,117.15,145.97,100.98,261.25,63.36,6.82,854.59
75.4347,0.0,0.0,0.0,0.0,0.0,2.53,2.86,0.0,24.64,67.1,55.77,117.15,147.62,102.52,273.35,66.44,5.39,854.59
75.4447,0.0,0.0,0.0,0.0,0.0,0.0,2.86,0.0,22.11,54.45,42.9,115.5,154.11,105.49,283.58,67.98,2.86,846.12
75.4547,0.0,0.0,0.0,0.0,0.0,0.0,2.86,0.0,22.11,46.2,35.75,115.5,158.95,105.49,292.05,74.14,2.86,850.19
75.4647,0.0,0.0,0.0,0.0,0.0,0.0,2.86,0.0,20.9,33.0,24.31,115.5,160.6,110.0,300.63,75.57,2.86,840.51
75.4747,0.0,0.0,0.0,0.0,0.0,0.0,2.86,0.0,19.69,26.4,18.59,110.88,162.25,113.08,307.34,78.65,2.86,836.88
75.4847,0.0,0.0,0.0,0.0,0.0,0.0,0.0,0.0,18.48,16.5,12.87,110.88,162.25,113.08,317.57,81.73,0.0,833.36
75.4947,0.0,0.0,0.0,0.0,0.0,0.0,0.0,0.0,14.74,13.2,8.58,107.91,162.25,113.08,324.39,80.19,0.0,824.34
75.5047,0.0,0.0,0.0,0.0,0.0,0.0,0.0,0.0,11.0,13.2,5.72,103.4,165.44,111.54,331.21,84.81,0.0,826.32
75.5147,0.0,0.0,0.0,0.0,0.0,0.0,0.0,0.0,8.58,11.55,7.15,99.0,162.25,113.08,338.03,86.35,0.0,825.99
75.5247,0.0,0.0,0.0,0.0,0.0,0.0,0.0,0.0,7.37,11.55,7.15,91.52,162.25,111.54,341.44,86.35,0.0,819.17
75.5347,0.0,0.0,0.0,0.0,0.0,0.0,0.0,0.0,6.16,9.9,7.15,87.01,160.6,111.54,344.85,86.35,0.0,813.56
75.5447,0.0,0.0,0.0,0.0,0.0,0.0,0.0,0.0,4.84,6.6,5.72,82.5,158.95,111.54,353.43,90.97,0.0,814.55
75.5547,0.0,0.0,0.0,0.0,0.0,0.0,0.0,0.0,3.63,6.6,4.29,73.59,157.41,111.54,355.08,89.43,0.0,801.57
75.5647,0.0,0.0,0.0,0.0,0.0,0.0,0.0,0.0,3.63,6.6,4.29,69.08,155.76,108.46,363.66,92.51,0.0,803.99
75.5747,0.0,0.0,0.0,0.0,0.0,0.0,0.0,0.0,2.42,3.3,2.86,61.71,154.11,108.46,367.07,93.94,0.0,793.87
75.5847,0.0,0.0,0.0,0.0,0.0,0.0,0.0,0.0,0.0,3.3,2.86,57.2,150.92,107.03,372.13,92.51,0.0,785.95
75.5947,0.0,3.19,0.0,0.0,0.0,0.0,0.0,0.0,0.0,3.3,4.29,47.74,150.92,107.03,375.54,97.02,3.19,785.84
75.6047,0.0,0.0,2.75,0.0,0.0,0.0,0.0,0.0,0.0,0.0,2.86,44.55,147.62,103.95,382.36,100.1,2.75,781.44
75.6147,0.0,0.0,0.0,0.0,0.0,0.0,0.0,0.0,0.0,3.3,0.0,41.36,147.62,102.52,392.7,107.8,0.0,795.3
75.6247,3.41,0.0,0.0,0.0,0.0,0.0,0.0,0.0,0.0,3.3,0.0,33.44,145.97,103.95,401.61,109.34,3.41,797.61
75.6347,5.06,0.0,0.0,0.0,0.0,0.0,0.0,0.0,0.0,0.0,0.0,30.25,145.97,99.44,410.52,113.96,5.06,800.14
75.6447,8.58,0.0,0.0,0.0,0.0,0.0,0.0,0.0,0.0,3.3,0.0,25.41,144.43,97.9,419.54,117.15,8.58,807.73
75.6547,13.75,0.0,0.0,2.31,0.0,0.0,0.0,0.0,0.0,0.0,0.0,22.22,144.43,97.9,426.69,120.34,16.06,811.58
75.6647,22.33,0.0,0.0,2.31,2.75,0.0,0.0,0.0,0.0,0.0,0.0,17.49,144.43,96.47,437.36,125.18,27.39,820.93
75.6747,37.84,0.0,0.0,0.0,2.75,0.0,0.0,0.0,0.0,0.0,0.0,12.65,141.13,91.96,448.25,125.18,40.59,819.17
75.6847,60.17,0.0,0.0,3.52,2.75,2.53,0.0,0.0,0.0,0.0,0.0,9.46,139.59,90.42,455.51,128.37,68.97,823.35
75.6947,72.27,0.0,0.0,3.52,5.5,2.53,2.86,0.0,0.0,0.0,0.0,7.92,136.29,84.37,462.77,133.1,86.68,824.45
75.7047,89.54,0.0,0.0,4.73,4.18,2.53,2.86,0.0,0.0,0.0,0.0,7.92,129.8,79.86,464.53,134.75,103.84,816.86
75.7147,113.63,27.5,62.48,4.73,5.5,5.17,2.86,0.0,0.0,3.3,0.0,7.92,120.12,73.81,462.77,134.75,221.87,802.67
75.7247,110.22,82.94,123.64,8.25,4.18,3.85,4.29,4.07,0.0,0.0,0.0,7.92,109.01,66.22,453.64,129.91,341.44,766.7
75.7347,101.53,117.37,161.37,46.09,12.54,7.81,5.72,5.5,0.0,0.0,0.0,9.46,95.04,55.77,433.84,128.37,457.93,722.48
75.7447,99.88,134.2,193.38,60.83,25.08,19.58,14.41,15.18,0.0,0.0,0.0,11.11,74.91,49.83,405.24,123.53,562.54,664.62
75.7547,99.88,134.2,213.4,62.26,37.62,34.1,44.88,20.68,0.0,0.0,0.0,11.11,57.97,43.89,358.49,120.34,647.02,591.8
75.7647,101.53,135.85,229.68,63.69,41.8,47.19,69.74,22.0,0.0,0.0,0.0,12.65,52.91,35.53,264.66,125.18,711.48,490.93
75.7747,106.7,140.91,245.74,63.69,45.98,55.11,93.61,26.18,0.0,0.0,0.0,11.11,43.01,29.59,149.93,125.18,777.92,358.82
75.7847,113.63,145.97,259.93,65.12,50.16,62.15,108.57,28.93,0.0,0.0,0.0,9.46,36.41,26.07,80.3,107.8,834.46,260.04
75.7947,118.91,152.68,270.6,66.55,51.48,64.9,119.46,27.5,0.0,0.0,0.0,9.46,29.81,21.34,42.68,80.19,872.08,183.48
75.8047,125.84,155.98,274.23,66.55,55.77,67.76,125.84,31.68,0.0,0.0,0.0,7.92,23.1,15.4,28.93,55.77,903.65,131.12
75.8147,127.6,161.04,277.75,66.55,55.77,70.62,130.68,33.11,0.0,0.0,0.0,6.27,13.2,10.67,24.75,42.46,923.12,97.35
75.8247,129.36,162.69,279.51,67.98,58.63,72.05,137.17,33.11,0.0,0.0,0.0,4.73,13.2,8.25,17.93,26.4,940.5,70.51
75.8347,129.36,166.1,275.99,70.84,60.17,73.48,140.36,35.86,0.0,0.0,0.0,4.73,8.25,5.83,12.32,13.2,952.16,44.33
75.8447,127.6,164.34,274.23,72.27,60.17,76.23,145.2,35.86,0.0,0.0,0.0,3.08,6.6,5.83,12.32,8.8,955.9,36.63
75.8547,125.84,167.75,270.6,76.56,60.17,76.23,145.2,37.18,0.0,0.0,0.0,0.0,6.6,5.83,9.57,7.26,959.53,29.26
75.8647,122.43,166.1,259.93,79.42,61.6,79.09,145.2,37.18,0.0,0.0,0.0,3.08,4.95,4.73,9.57,4.4,950.95,26.73
75.8747,115.39,164.34,252.89,80.85,61.6,80.52,145.2,37.18,0.0,0.0,0.0,0.0,3.3,4.73,9.57,7.26,937.97,24.86
75.8847,110.22,162.69,242.11,83.71,61.6,79.09,143.55,37.18,0.0,0.0,0.0,3.08,3.3,3.52,6.82,7.26,920.15,23.98
75.8947,103.29,155.98,233.31,86.57,61.6,81.95,143.55,37.18,0.0,0.0,0.0,3.08,3.3,3.52,5.5,4.4,903.43,19.8
75.9047,96.36,154.33,222.64,88.0,60.17,84.7,143.55,35.86,0.0,0.0,0.0,3.08,3.3,3.52,8.25,7.26,885.61,25.41
75.9147,89.54,150.92,211.64,90.86,61.6,83.38,143.55,37.18,0.0,0.0,0.0,0.0,3.3,3.52,6.82,5.83,868.67,19.47
75.9247,84.37,144.21,202.51,93.72,61.6,86.13,143.55,37.18,0.0,0.0,0.0,0.0,0.0,3.52,5.5,5.83,853.27,14.85
75.9347,74.03,135.85,189.64,96.58,61.6,87.56,145.2,37.18,0.0,0.0,0.0,0.0,0.0,3.52,6.82,5.83,827.64,16.17
75.9447,70.51,130.79,175.01,100.87,63.03,87.56,145.2,37.18,0.0,0.0,0.0,0.0,0.0,2.31,4.07,2.86,810.15,9.24
75.9547,63.69,122.43,164.67,103.73,63.03,91.85,148.39,37.18,0.0,0.0,0.0,0.0,0.0,2.31,5.5,0.0,794.97,7.81
75.9647,60.17,112.42,156.42,106.59,64.57,93.17,154.88,38.61,0.0,0.0,0.0,0.0,0.0,2.31,5.5,4.4,786.83,12.21
75.9747,56.76,105.82,148.28,108.02,68.97,94.6,159.72,41.36,0.0,0.0,0.0,0.0,0.0,0.0,4.07,4.4,783.53,8.47
75.9847,51.59,97.68,141.68,109.45,70.4,97.46,166.1,44.11,0.0,0.0,0.0,0.0,0.0,2.31,5.5,2.86,778.47,10.67
75.9947,51.59,91.08,136.73,110.88,74.8,98.89,174.24,48.29,0.0,0.0,0.0,0.0,0.0,0.0,5.5,2.86,786.5,8.36
76.0047,48.18,82.94,126.94,113.96,76.34,103.07,181.28,52.36,0.0,0.0,0.0,0.0,0.0,0.0,2.75,2.86,785.07,5.61
76.0147,46.42,76.34,123.64,113.96,79.31,104.5,191.84,56.54,0.0,0.0,0.0,0.0,0.0,0.0,5.5,4.4,792.55,9.9
76.0247,43.01,71.39,113.85,118.58,82.17,107.36,202.29,62.37,0.0,0.0,0.0,0.0,0.0,0.0,4.07,0.0,801.02,4.07
76.0347,41.25,64.9,107.58,121.66,86.57,111.65,211.09,68.31,0.0,0.0,0.0,0.0,0.0,0.0,2.75,4.4,813.01,7.15
76.0447,37.84,58.3,96.69,124.74,92.51,116.16,223.41,74.36,0.0,0.0,0.0,0.0,0.0,0.0,4.07,2.86,824.01,6.93
76.0547,36.08,50.16,87.34,127.82,96.91,119.24,233.53,80.3,0.0,0.0,0.0,0.0,0.0,0.0,2.75,4.4,831.38,7.15
76.0647,30.91,40.48,77.99,130.9,101.31,120.78,243.76,87.78,0.0,0.0,0.0,0.0,0.0,0.0,0.0,2.86,833.91,2.86
76.0747,30.91,35.64,62.48,132.55,104.28,126.94,255.64,96.69,0.0,0.0,0.0,0.0,0.0,0.0,0.0,4.4,845.13,4.4
76.0847,27.5,27.5,52.47,132.55,108.68,126.94,265.87,105.6,0.0,0.0,0.0,0.0,0.0,0.0,0.0,2.86,847.11,2.86
76.0947,25.74,21.01,40.04,134.09,110.22,131.45,276.1,111.65,0.0,0.0,0.0,0.0,0.0,0.0,0.0,4.4,850.3,4.4
76.1047,24.09,16.17,27.61,130.9,113.63,132.99,289.41,120.89,0.0,0.0,0.0,0.0,0.0,0.0,0.0,4.4,855.69,4.4
76.1147,22.33,11.33,20.68,126.28,113.63,134.53,299.42,128.59,0.0,0.0,0.0,0.0,0.0,0.0,4.07,2.86,856.79,6.93
76.1247,18.92,11.33,15.18,124.74,115.28,134.53,307.78,136.29,0.0,0.0,0.0,0.0,0.0,0.0,2.75,2.86,864.05,5.61
76.1347,13.75,9.68,12.43,118.58,115.28,136.07,317.68,144.1,0.0,0.0,0.0,0.0,0.0,2.31,0.0,2.86,867.57,5.17
76.1447,10.23,8.03,11.0,110.88,115.28,137.61,330.99,151.8,0.0,0.0,0.0,0.0,0.0,0.0,2.75,2.86,875.82,5.61
76.1547,5.06,8.03,8.25,100.87,115.28,137.61,345.29,162.58,0.0,0.0,0.0,0.0,0.0,0.0,0.0,2.86,882.97,2.86
76.1647,0.0,4.84,5.5,85.14,113.63,136.07,361.57,175.56,0.0,0.0,0.0,0.0,0.0,0.0,2.75,2.86,882.31,5.61
76.1747,0.0,4.84,5.5,70.84,113.63,137.61,379.72,185.9,7.37,0.0,0.0,0.0,0.0,0.0,2.75,0.0,898.04,10.12
76.1847,0.0,4.84,4.07,59.4,110.22,134.53,392.37,196.35,3.63,0.0,0.0,0.0,0.0,0.0,0.0,2.86,901.78,6.49
76.1947,0.0,4.84,4.07,50.82,105.71,136.07,408.76,206.69,3.63,0.0,0.0,0.0,0.0,0.0,0.0,2.86,916.96,6.49
76.2047,0.0,0.0,4.07,41.36,101.31,136.07,425.04,215.38,4.84,0.0,0.0,0.0,0.0,0.0,2.75,2.86,923.23,10.45
76.2147,0.0,3.19,4.07,35.42,98.34,134.53,434.06,224.07,8.58,0.0,0.0,0.0,0.0,0.0,0.0,0.0,933.68,8.58
76.2247,0.0,3.19,4.07,27.17,91.08,131.45,446.71,230.89,13.53,0.0,0.0,0.0,0.0,0.0,0.0,2.86,934.56,16.39
76.2347,0.0,0.0,4.07,20.02,83.71,128.48,459.36,236.06,20.9,0.0,0.0,0.0,0.0,2.31,0.0,0.0,931.7,23.21
76.2447,0.0,3.19,2.75,12.98,73.37,123.86,470.25,242.88,29.59,0.0,0.0,0.0,0.0,2.31,0.0,2.86,929.28,34.76
76.2547,0.0,3.19,2.75,8.25,61.6,114.62,477.4,244.64,41.91,0.0,0.0,0.0,3.3,0.0,2.75,2.86,912.45,50.82
76.2647,0.0,3.19,4.07,5.83,48.73,101.75,481.03,241.23,51.7,0.0,0.0,3.08,6.6,2.31,0.0,0.0,885.83,63.69
76.2747,0.0,3.19,5.5,4.73,37.62,90.42,475.64,241.23,66.0,90.2,38.61,7.92,9.9,4.73,4.07,0.0,858.33,221.43
76.2847,0.0,3.19,2.75,4.73,30.58,79.09,457.6,230.89,66.0,141.35,103.73,52.58,39.71,9.46,6.82,7.26,808.83,426.91
76.2947,0.0,0.0,4.07,4.73,30.58,62.15,415.91,218.79,63.25,166.1,158.95,82.5,43.01,11.77,12.32,13.2,736.23,551.1
76.3047,0.0,3.19,2.75,3.52,30.58,47.19,336.16,208.45,67.32,176.11,197.45,94.49,57.97,18.92,22.0,20.46,631.84,654.72
76.3147,0.0,3.19,2.75,2.31,29.26,35.42,221.65,201.52,72.6,176.11,217.03,91.52,67.21,23.65,33.11,20.46,496.1,701.69
76.3247,0.0,3.19,4.07,2.31,25.08,27.5,116.27,189.42,72.6,177.87,221.98,94.49,70.29,29.59,46.86,24.86,367.84,738.54
76.3347,0.0,3.19,2.75,0.0,22.22,24.86,59.4,151.8,74.03,181.17,230.23,95.92,70.29,35.53,57.97,27.83,264.22,772.97
76.3447,0.0,3.19,0.0,0.0,16.72,20.9,43.45,101.2,77.99,189.64,235.18,100.43,74.91,40.26,66.88,24.86,185.46,810.15
76.3547,0.0,3.19,2.75,0.0,11.11,17.05,31.79,74.36,82.06,199.76,240.13,103.4,76.45,42.68,75.79,29.26,140.25,849.53
76.3647,0.0,0.0,0.0,0.0,8.36,13.09,24.53,46.86,86.02,208.23,245.08,109.34,74.91,44.99,80.3,29.26,92.84,878.13
76.3747,0.0,3.19,0.0,0.0,6.93,7.81,17.38,23.43,90.09,220.0,243.43,112.42,79.64,47.41,83.27,30.8,58.74,907.06
76.3847,0.0,3.19,0.0,0.0,2.75,5.17,11.55,12.32,90.09,225.17,238.48,118.69,81.18,49.83,87.78,30.8,34.98,922.02
76.3947,0.0,0.0,0.0,0.0,4.18,3.85,8.69,4.07,87.34,225.17,233.53,126.61,81.18,55.77,92.29,35.2,20.79,937.09
76.4047,0.0,0.0,0.0,0.0,2.75,3.85,7.15,4.07,83.38,225.17,223.63,131.34,85.8,58.74,96.69,33.66,17.82,938.41
76.4147,0.0,0.0,0.0,0.0,2.75,3.85,7.15,2.75,79.31,223.41,215.38,136.07,88.88,63.25,101.2,35.2,16.5,942.7
76.4247,0.0,0.0,2.75,0.0,0.0,2.53,7.15,2.75,74.03,223.41,208.89,142.34,91.96,64.79,107.14,36.63,15.18,949.19
76.4346,0.0,0.0,0.0,0.0,0.0,2.53,5.72,2.75,67.32,213.29,197.45,147.07,96.69,69.3,111.65,38.06,11.0,940.83
76.4446,0.0,0.0,0.0,0.0,0.0,2.53,4.29,0.0,61.93,208.23,189.31,147.07,98.23,72.27,113.19,35.2,6.82,925.43
76.4546,0.0,0.0,0.0,0.0,0.0,2.53,4.29,0.0,55.44,198.11,177.87,148.72,99.77,73.81,123.97,36.63,6.82,914.32
76.4646,0.0,0.0,0.0,0.0,0.0,0.0,2.86,0.0,49.28,186.23,163.57,145.53,105.93,76.78,125.51,36.63,2.86,889.46
76.4746,0.0,0.0,0.0,0.0,0.0,2.53,0.0,0.0,43.12,174.46,154.33,147.07,109.01,78.32,133.1,39.6,2.53,879.01
76.4846,0.0,0.0,0.0,0.0,0.0,2.53,4.29,0.0,39.38,161.15,142.12,147.07,115.28,76.78,140.8,39.6,6.82,862.18
76.4946,0.0,0.0,0.0,0.0,0.0,2.53,0.0,0.0,35.75,149.6,128.37,148.72,118.47,81.4,146.96,39.6,2.53,848.87
76.5046,0.0,0.0,0.0,0.0,0.0,2.53,0.0,0.0,33.22,136.51,113.08,147.07,124.96,84.37,149.93,39.6,2.53,828.74
76.5146,0.0,0.0,0.0,0.0,0.0,0.0,2.86,0.0,29.59,124.96,99.0,148.72,128.15,85.91,157.63,39.6,2.86,813.56
76.5246,0.0,0.0,0.0,0.0,0.0,0.0,0.0,0.0,28.27,113.41,86.68,150.26,128.15,88.88,165.33,42.46,0.0,803.44
76.5346,0.0,0.0,0.0,0.0,0.0,0.0,0.0,0.0,25.85,97.9,74.25,148.72,136.29,93.39,171.71,44.0,0.0,792.11
76.5446,0.0,0.0,0.0,0.0,0.0,0.0,0.0,0.0,24.64,88.66,64.9,147.07,139.59,94.93,179.85,44.0,0.0,783.64
76.5546,0.0,0.0,0.0,0.0,0.0,0.0,0.0,0.0,22.11,74.8,54.34,145.53,142.78,97.9,191.18,45.43,0.0,774.07
76.5646,0.0,0.0,0.0,0.0,0.0,0.0,0.0,0.0,22.11,64.02,48.62,142.34,144.43,99.44,204.16,42.46,0.0,767.58
76.5746,0.0,0.0,0.0,0.0,0.0,0.0,0.0,0.0,20.9,56.1,41.47,140.8,149.27,100.98,213.95,44.0,0.0,767.47
76.5846,0.0,0.0,0.0,0.0,0.0,0.0,0.0,0.0,19.69,46.2,37.18,140.8,152.46,105.49,225.28,49.83,0.0,776.93
76.5946,0.0,0.0,0.0,0.0,0.0,0.0,0.0,0.0,19.69,36.3,30.03,140.8,158.95,105.49,237.16,49.83,0.0,778.25
76.6046,0.0,0.0,0.0,0.0,0.0,0.0,0.0,0.0,18.48,29.7,24.31,139.15,158.95,107.03,247.5,52.8,0.0,777.92
76.6146,0.0,0.0,0.0,0.0,0.0,0.0,0.0,0.0,17.16,23.1,18.59,134.42,165.44,111.54,257.84,55.77,0.0,783.86
76.6246,0.0,0.0,0.0,0.0,0.0,0.0,0.0,0.0,17.16,16.5,12.87,134.42,168.74,110.0,269.83,58.74,0.0,788.26
76.6346,0.0,0.0,0.0,0.0,0.0,0.0,0.0,0.0,12.32,13.2,10.01,131.34,168.74,113.08,281.82,58.74,0.0,789.25
76.6446,0.0,0.0,0.0,0.0,0.0,0.0,0.0,0.0,9.79,13.2,8.58,124.96,172.15,118.25,292.05,64.9,0.0,803.88
76.6546,0.0,0.0,0.0,0.0,0.0,0.0,0.0,0.0,7.37,9.9,7.15,121.88,172.15,118.25,302.28,71.06,0.0,810.04
76.6646,0.0,0.0,0.0,0.0,0.0,0.0,0.0,0.0,4.84,8.25,4.29,112.42,172.15,121.77,315.92,75.57,0.0,815.21
76.6746,0.0,0.0,0.0,0.0,0.0,0.0,0.0,0.0,3.63,6.6,5.72,106.37,170.39,121.77,331.21,80.19,0.0,825.88
76.6846,0.0,0.0,2.75,0.0,0.0,0.0,0.0,0.0,3.63,8.25,5.72,97.46,173.91,121.77,346.61,89.43,2.75,846.78
76.6946,0.0,0.0,0.0,0.0,0.0,0.0,0.0,0.0,2.42,6.6,4.29,84.04,175.78,123.42,361.9,95.48,0.0,853.93
76.7046,0.0,0.0,0.0,0.0,0.0,0.0,0.0,0.0,0.0,4.95,4.29,73.59,175.78,118.25,382.36,101.64,0.0,860.86
76.7146,0.0,0.0,0.0,0.0,0.0,0.0,0.0,0.0,0.0,0.0,0.0,64.68,175.78,118.25,396.22,104.72,0.0,859.65
76.7246,0.0,0.0,0.0,0.0,0.0,0.0,0.0,0.0,0.0,0.0,4.29,52.58,170.39,116.49,410.52,113.96,0.0,868.23
76.7346,3.41,0.0,0.0,0.0,0.0,0.0,0.0,0.0,0.0,0.0,2.86,46.2,168.74,113.08,423.06,118.8,3.41,872.74
76.7446,6.82,0.0,0.0,2.31,0.0,0.0,0.0,0.0,0.0,0.0,2.86,36.63,165.44,110.0,433.84,126.72,9.13,875.49
76.7546,13.75,0.0,0.0,0.0,0.0,0.0,0.0,0.0,0.0,3.3,2.86,27.06,162.25,110.0,442.75,129.91,13.75,878.13
76.7646,34.43,0.0,0.0,0.0,2.75,2.53,0.0,0.0,0.0,3.3,0.0,22.22,158.95,107.03,448.25,136.29,39.71,876.04
76.7746,51.59,0.0,0.0,3.52,2.75,2.53,0.0,0.0,0.0,3.3,2.86,15.84,150.92,102.52,453.64,137.94,60.39,867.02
76.7846,70.51,0.0,0.0,2.31,4.18,2.53,0.0,0.0,0.0,0.0,2.86,11.11,141.13,96.47,455.51,139.48,79.53,846.56
76.7946,89.54,0.0,0.0,3.52,5.5,2.53,0.0,0.0,0.0,3.3,0.0,9.46,133.1,88.88,450.01,139.48,101.09,824.23
76.8046,111.87,6.38,30.36,4.73,4.18,3.85,0.0,2.75,0.0,0.0,0.0,9.46,120.12,81.4,437.36,137.94,164.12,786.28
76.8146,115.39,68.2,99.77,7.04,5.5,3.85,2.86,0.0,0.0,0.0,0.0,11.11,104.39,67.76,421.3,136.29,302.61,740.85
76.8246,108.46,119.13,143.33,34.21,5.5,5.17,4.29,4.07,0.0,3.3,2.86,9.46,82.72,58.74,394.46,134.75,424.16,686.29
76.8346,103.29,140.91,176.88,53.13,13.86,7.81,7.15,8.25,0.0,0.0,2.86,14.3,61.05,50.93,350.02,134.75,511.28,613.91
76.8446,99.88,144.21,200.64,65.12,27.83,20.9,17.38,15.18,0.0,0.0,0.0,14.3,54.56,43.89,252.67,145.97,591.14,511.39
76.8546,103.29,144.21,220.77,66.55,33.44,35.42,43.45,20.68,0.0,0.0,0.0,12.65,44.66,32.01,145.42,152.35,667.81,387.09
76.8646,108.46,149.27,240.35,67.98,37.62,47.19,63.8,23.43,0.0,0.0,0.0,7.92,36.41,27.28,78.76,136.29,738.1,286.66
76.8746,115.39,150.92,259.93,63.69,40.37,55.11,87.67,27.5,0.0,3.3,0.0,9.46,31.46,21.34,44.11,104.72,800.58,214.39
76.8846,125.84,152.68,279.51,60.83,43.12,57.86,105.6,30.36,0.0,0.0,0.0,4.73,24.75,16.61,33.11,71.06,855.8,150.26
76.8946,136.4,154.33,296.34,56.76,48.73,59.29,114.62,35.86,0.0,0.0,0.0,6.27,18.15,11.77,24.75,58.74,902.33,119.68
76.9046,143.33,154.33,305.69,52.03,50.16,60.72,124.3,39.93,0.0,0.0,0.0,3.08,13.2,9.46,19.25,41.03,930.49,86.02
76.9146,150.37,154.33,318.78,49.61,51.48,59.29,130.68,42.68,0.0,0.0,0.0,3.08,9.9,8.25,12.32,22.0,957.22,55.55
76.9246,155.54,154.33,324.39,47.3,54.34,59.29,137.17,45.54,0.0,0.0,0.0,3.08,6.6,5.83,9.57,8.8,977.9,33.88
76.9346,160.82,152.68,330.11,44.88,55.77,59.29,140.36,46.86,0.0,0.0,0.0,3.08,6.6,5.83,8.25,7.26,990.77,31.02
76.9446,160.82,152.68,328.13,42.57,55.77,59.29,143.55,45.54,0.0,0.0,0.0,3.08,4.95,3.52,9.57,7.26,988.35,28.38
76.9546,159.06,149.27,328.13,41.36,54.34,59.29,143.55,46.86,0.0,0.0,0.0,3.08,3.3,4.73,8.25,5.83,981.86,25.19
76.9646,153.89,145.97,320.65,43.67,54.34,56.43,143.55,45.54,0.0,0.0,0.0,3.08,4.95,2.31,8.25,5.83,964.04,24.42
76.9746,150.37,144.21,311.3,42.57,55.77,59.29,142.01,45.54,0.0,0.0,0.0,0.0,0.0,3.52,5.5,4.4,951.06,13.42
76.9846,143.33,142.56,298.21,43.67,54.34,60.72,142.01,45.54,0.0,0.0,0.0,0.0,3.3,2.31,6.82,4.4,930.38,16.83
76.9946,134.64,137.5,285.12,47.3,55.77,60.72,140.36,44.11,0.0,0.0,0.0,3.08,3.3,0.0,6.82,2.86,905.52,16.06
77.0046,124.19,135.85,267.08,49.61,55.77,63.58,142.01,42.68,0.0,0.0,0.0,0.0,3.3,2.31,5.5,5.83,880.77,16.94
77.0146,111.87,130.79,251.02,52.03,57.2,66.33,143.55,44.11,0.0,0.0,0.0,0.0,3.3,0.0,4.07,4.4,856.9,11.77
77.0246,99.88,125.84,233.31,55.55,58.63,69.19,145.2,45.54,0.0,0.0,0.0,0.0,0.0,0.0,5.5,2.86,833.14,8.36
77.0346,87.78,117.37,215.27,60.83,58.63,73.48,150.04,48.29,0.0,0.0,0.0,0.0,0.0,0.0,5.5,2.86,811.69,8.36
77.0446,79.2,114.07,198.77,65.12,58.63,76.23,154.88,51.04,0.0,0.0,0.0,0.0,0.0,2.31,5.5,4.4,797.94,12.21
77.0546,70.51,105.82,184.14,67.98,61.6,79.09,159.72,53.79,0.0,0.0,0.0,0.0,3.3,0.0,4.07,4.4,782.65,11.77
77.0646,63.69,97.68,171.38,72.27,66.0,81.95,166.1,55.11,0.0,0.0,0.0,0.0,0.0,0.0,5.5,0.0,774.18,5.5
77.0746,58.52,92.73,159.72,76.56,68.97,86.13,174.24,60.94,0.0,0.0,0.0,0.0,0.0,0.0,2.75,2.86,777.81,5.61
77.0846,55.11,86.13,148.28,82.28,73.37,90.42,184.8,63.91,0.0,0.0,0.0,0.0,0.0,0.0,0.0,0.0,784.3,0.0
77.0946,49.94,79.64,138.38,86.57,76.34,93.17,195.36,68.31,0.0,0.0,0.0,0.0,0.0,0.0,4.07,2.86,787.71,6.93
77.1046,48.18,73.04,128.59,90.86,80.74,97.46,204.05,72.82,0.0,0.0,0.0,0.0,0.0,0.0,4.07,2.86,795.74,6.93
77.1146,44.77,66.55,117.04,95.15,85.14,101.75,214.61,77.33,0.0,0.0,0.0,0.0,0.0,0.0,2.75,2.86,802.34,5.61
77.1246,41.25,59.95,109.12,99.44,89.54,105.93,225.06,83.27,0.0,0.0,0.0,0.0,0.0,0.0,4.07,0.0,813.56,4.07
77.1346,37.84,53.46,98.23,103.73,92.51,110.22,238.7,86.24,0.0,0.0,0.0,0.0,0.0,0.0,0.0,0.0,820.93,0.0
77.1446,34.43,45.32,84.26,110.88,98.34,113.08,252.23,95.15,0.0,0.0,0.0,0.0,0.0,0.0,0.0,2.86,833.69,2.86
77.1546,32.67,38.83,68.64,112.42,105.71,120.78,265.87,99.66,0.0,0.0,0.0,0.0,0.0,0.0,2.75,2.86,844.58,5.61
77.1646,30.91,32.34,55.22,118.58,110.22,123.86,279.51,108.57,0.0,0.0,0.0,0.0,0.0,0.0,0.0,0.0,859.21,0.0
77.1746,27.5,24.31,41.36,118.58,111.87,128.48,292.82,119.35,0.0,0.0,0.0,0.0,0.0,0.0,0.0,0.0,864.27,0.0
77.1846,25.74,17.82,28.93,120.12,117.04,131.45,306.02,127.05,0.0,0.0,0.0,0.0,0.0,0.0,2.75,2.86,874.17,5.61
77.1946,22.33,12.87,19.25,115.5,120.45,132.99,317.68,134.75,0.0,0.0,0.0,0.0,0.0,0.0,2.75,2.86,875.82,5.61
77.2046,18.92,11.33,13.75,113.96,120.45,136.07,330.99,142.56,0.0,0.0,0.0,0.0,0.0,0.0,0.0,2.86,888.03,2.86
77.2146,11.99,9.68,11.0,106.59,122.1,137.61,343.42,151.8,0.0,0.0,0.0,0.0,0.0,0.0,2.75,0.0,894.19,2.75
77.2246,8.58,8.03,9.57,100.87,120.45,137.61,359.81,157.96,0.0,0.0,0.0,0.0,0.0,0.0,0.0,2.86,902.88,2.86
77.2346,3.41,6.38,9.57,92.29,120.45,139.15,374.33,168.74,2.42,0.0,0.0,0.0,0.0,0.0,2.75,0.0,914.32,5.17
77.2446,0.0,4.84,6.82,80.85,117.04,140.69,390.61,178.97,6.16,0.0,0.0,0.0,0.0,0.0,0.0,0.0,919.82,6.16
77.2546,0.0,0.0,5.5,67.98,115.28,139.15,405.13,191.07,2.42,0.0,0.0,0.0,0.0,0.0,2.75,0.0,924.11,5.17
77.2646,0.0,4.84,5.5,55.55,108.68,137.61,419.54,199.76,3.63,0.0,0.0,0.0,0.0,0.0,0.0,0.0,931.48,3.63
77.2746,0.0,4.84,5.5,46.09,102.85,136.07,430.43,208.45,4.84,0.0,0.0,0.0,0.0,0.0,0.0,0.0,934.23,4.84
77.2846,0.0,4.84,4.07,36.63,93.94,131.45,443.19,215.38,7.37,0.0,0.0,0.0,0.0,0.0,0.0,2.86,929.5,10.23
77.2946,0.0,3.19,4.07,28.38,86.57,128.48,450.34,222.31,12.32,0.0,0.0,0.0,0.0,0.0,0.0,0.0,923.34,12.32
77.3046,0.0,0.0,5.5,17.71,77.77,122.32,459.36,224.07,18.48,0.0,0.0,0.0,0.0,0.0,0.0,2.86,906.73,21.34
77.3146,0.0,3.19,4.07,11.77,66.0,116.16,462.99,229.13,25.85,0.0,0.0,0.0,0.0,0.0,0.0,0.0,893.31,25.85
77.3246,0.0,3.19,5.5,7.04,51.48,105.93,470.25,232.65,36.96,0.0,0.0,0.0,0.0,0.0,0.0,0.0,876.04,36.96
77.3346,0.0,3.19,4.07,5.83,37.62,91.85,470.25,230.89,48.07,3.3,0.0,4.73,0.0,2.31,2.75,0.0,843.7,61.16
77.3446,0.0,3.19,4.07,5.83,30.58,77.66,459.36,225.72,57.97,105.6,34.32,9.46,11.55,4.73,5.5,5.83,806.41,234.96
77.3546,0.0,3.19,4.07,4.73,27.83,62.15,434.06,215.38,63.25,167.75,105.27,63.14,47.96,10.67,8.25,10.23,751.41,476.52
77.3646,0.0,3.19,4.07,3.52,29.26,44.55,374.33,204.93,63.25,193.05,165.11,94.49,52.91,15.4,12.32,14.63,663.85,611.16
77.3746,0.0,3.19,4.07,2.31,29.26,32.78,269.28,194.59,75.35,211.53,208.89,104.94,70.29,23.65,33.11,23.43,535.48,751.19
77.3846,0.0,3.19,4.07,2.31,26.4,26.18,145.2,180.73,84.7,209.88,230.23,99.0,74.91,26.07,42.68,24.86,388.08,792.33
77.3946,0.0,3.19,4.07,2.31,22.22,24.86,75.79,154.88,82.06,209.88,228.58,103.4,78.1,29.59,55.11,26.4,287.32,813.12
77.4046,0.0,3.19,4.07,0.0,18.04,20.9,49.17,105.6,80.74,211.53,223.63,107.91,81.18,34.32,65.34,27.83,200.97,832.48
77.4146,0.0,3.19,2.75,0.0,13.86,22.22,36.19,72.82,79.31,216.59,221.98,112.42,79.64,36.74,72.82,27.83,151.03,847.33
77.4246,0.0,3.19,0.0,0.0,9.68,11.77,26.07,42.68,79.31,221.65,217.03,110.88,84.26,40.26,74.36,29.26,93.39,857.01
77.4346,0.0,0.0,2.75,0.0,6.93,7.81,17.38,19.25,79.31,225.17,212.19,115.5,85.8,42.68,80.3,29.26,54.12,870.21
77.4446,0.0,3.19,2.75,0.0,4.18,3.85,11.55,11.0,77.99,230.45,208.89,123.42,85.8,46.2,87.78,27.83,36.52,888.36
77.4546,0.0,0.0,0.0,0.0,4.18,3.85,10.12,4.07,75.35,230.45,203.94,126.61,91.96,48.62,92.29,32.23,22.22,901.45
77.4646,0.0,0.0,2.75,0.0,0.0,3.85,10.12,4.07,71.28,225.17,200.75,132.88,93.5,53.35,99.66,32.23,20.79,908.82
77.4746,0.0,0.0,0.0,0.0,0.0,2.53,8.69,2.75,67.32,223.41,195.8,132.88,95.04,58.74,111.65,32.23,13.97,917.07
77.4846,0.0,0.0,0.0,0.0,2.75,2.53,7.15,2.75,64.57,214.94,189.31,136.07,99.77,64.79,117.81,33.66,15.18,920.92
77.4946,0.0,0.0,0.0,0.0,0.0,2.53,7.15,2.75,60.61,206.47,189.31,134.42,101.31,67.76,130.02,36.63,12.43,926.53
77.5046,0.0,0.0,2.75,0.0,0.0,2.53,5.72,0.0,56.65,196.35,186.01,132.88,102.85,72.27,140.8,38.06,11.0,925.87
77.5146,0.0,0.0,0.0,0.0,0.0,2.53,5.72,0.0,53.02,181.17,179.52,132.88,109.01,76.78,149.93,38.06,8.25,920.37
77.5246,0.0,0.0,0.0,0.0,0.0,2.53,4.29,0.0,46.86,167.75,171.38,131.34,112.09,79.86,162.25,42.46,6.82,913.99
77.5346,0.0,0.0,0.0,0.0,0.0,0.0,5.72,0.0,43.12,159.5,162.03,124.96,115.28,82.83,173.36,41.03,5.72,902.11
77.5446,0.0,0.0,0.0,0.0,0.0,2.53,4.29,0.0,38.17,143.0,148.28,123.42,118.47,84.37,183.15,44.0,6.82,882.86
77.5546,0.0,0.0,2.75,0.0,0.0,2.53,4.29,0.0,34.43,129.91,135.96,123.42,121.66,84.37,191.18,45.43,9.57,866.36
77.5646,0.0,0.0,0.0,0.0,0.0,0.0,2.86,0.0,32.01,118.36,122.21,120.23,124.96,88.88,202.51,48.4,2.86,857.56
77.5746,0.0,0.0,0.0,0.0,0.0,0.0,2.86,0.0,29.59,107.14,109.89,120.23,129.8,90.42,209.0,49.83,2.86,845.9
77.5846,0.0,3.19,0.0,0.0,0.0,0.0,2.86,0.0,28.27,97.9,95.92,118.69,133.1,94.93,218.79,52.8,6.05,840.4
77.5946,0.0,0.0,0.0,0.0,0.0,0.0,2.86,0.0,25.85,85.58,81.95,117.15,137.94,96.47,226.93,52.8,2.86,824.67
77.6046,0.0,0.0,0.0,0.0,0.0,0.0,2.86,0.0,24.64,74.8,69.52,113.96,141.13,97.9,238.92,57.2,2.86,818.07
77.6146,0.0,0.0,0.0,0.0,0.0,0.0,0.0,0.0,22.11,62.48,58.74,115.5,147.62,99.44,247.5,60.28,0.0,813.67
77.6246,0.0,0.0,2.75,0.0,0.0,0.0,0.0,0.0,20.9,49.5,47.19,113.96,152.46,99.44,256.08,61.82,2.75,801.35
77.6346,0.0,0.0,0.0,0.0,0.0,0.0,0.0,0.0,19.69,41.25,38.61,110.88,155.76,102.52,266.42,64.9,0.0,800.03
77.6446,0.0,0.0,0.0,0.0,0.0,0.0,0.0,0.0,18.48,31.35,30.03,112.42,158.95,102.52,276.76,64.9,0.0,795.41
77.6546,0.0,0.0,0.0,0.0,0.0,0.0,0.0,0.0,17.16,23.1,20.02,107.91,163.9,105.49,285.23,64.9,0.0,787.71
77.6646,0.0,0.0,0.0,0.0,0.0,0.0,0.0,0.0,15.95,18.15,15.73,107.91,167.09,105.49,293.81,71.06,0.0,795.19
77.6746,0.0,0.0,0.0,0.0,0.0,0.0,0.0,0.0,14.74,14.85,11.44,106.37,167.09,107.03,302.28,69.52,0.0,793.32
77.6846,0.0,0.0,0.0,0.0,0.0,0.0,0.0,0.0,11.0,13.2,10.01,101.97,167.09,105.49,310.75,75.57,0.0,795.08
77.6946,0.0,0.0,0.0,0.0,0.0,0.0,0.0,0.0,8.58,9.9,8.58,95.92,170.39,108.46,319.33,75.57,0.0,796.73
77.7046,0.0,0.0,0.0,0.0,0.0,0.0,0.0,0.0,6.16,11.55,7.15,89.98,172.15,105.49,329.56,81.73,0.0,803.77
77.7146,0.0,3.19,0.0,0.0,0.0,0.0,0.0,0.0,4.84,6.6,7.15,85.58,172.15,108.46,338.03,83.27,3.19,806.08
77.7246,0.0,0.0,0.0,0.0,0.0,0.0,0.0,0.0,3.63,6.6,5.72,81.07,172.15,108.46,351.67,89.43,0.0,818.73
77.7346,0.0,0.0,0.0,0.0,0.0,0.0,0.0,0.0,3.63,8.25,4.29,75.13,173.91,108.46,360.25,92.51,0.0,826.43
77.7446,0.0,0.0,0.0,0.0,0.0,0.0,0.0,0.0,2.42,4.95,4.29,69.08,172.15,108.46,372.13,95.48,0.0,828.96
77.7546,0.0,0.0,0.0,0.0,0.0,0.0,0.0,0.0,0.0,3.3,4.29,63.14,173.91,108.46,384.12,101.64,0.0,838.86
77.7646,0.0,0.0,0.0,0.0,0.0,0.0,0.0,0.0,0.0,4.95,4.29,55.77,172.15,107.03,398.09,107.8,0.0,850.08
77.7746,0.0,0.0,0.0,0.0,0.0,0.0,0.0,0.0,0.0,4.95,4.29,46.2,170.39,107.03,405.24,109.34,0.0,847.44
77.7846,3.41,0.0,0.0,0.0,0.0,0.0,0.0,0.0,0.0,4.95,2.86,39.82,167.09,103.95,421.3,117.15,3.41,857.12
77.7946,5.06,0.0,0.0,0.0,0.0,0.0,0.0,0.0,0.0,3.3,0.0,33.44,167.09,102.52,430.21,118.8,5.06,855.36
77.8046,8.58,0.0,0.0,0.0,0.0,0.0,0.0,0.0,0.0,0.0,0.0,25.41,163.9,99.44,444.62,121.99,8.58,855.36
77.8146,22.33,0.0,0.0,0.0,2.75,0.0,0.0,0.0,0.0,3.3,2.86,19.03,160.6,91.96,455.51,129.91,25.08,863.17
77.8246,43.01,0.0,0.0,2.31,2.75,0.0,0.0,0.0,0.0,0.0,0.0,12.65,155.76,91.96,460.9,133.1,48.07,854.37
77.8346,61.93,0.0,0.0,2.31,4.18,0.0,0.0,0.0,0.0,0.0,0.0,7.92,149.27,82.83,470.03,139.48,68.42,849.53
77.8446,80.85,0.0,0.0,2.31,4.18,2.53,0.0,0.0,0.0,3.3,2.86,6.27,141.13,79.86,475.42,141.13,89.87,849.97
77.8546,103.29,0.0,0.0,4.73,4.18,0.0,0.0,2.75,0.0,0.0,2.86,6.27,129.8,70.84,471.79,144.32,114.95,825.88
77.8645,124.19,32.34,77.99,4.73,6.93,3.85,2.86,4.07,0.0,0.0,0.0,7.92,116.82,61.71,459.14,141.13,256.96,786.72
77.8745,122.43,100.87,138.38,8.25,6.93,6.49,4.29,4.07,0.0,0.0,2.86,9.46,96.69,50.93,440.99,137.94,391.71,738.87
77.8845,113.63,140.91,186.01,43.67,12.54,7.81,5.72,6.82,0.0,0.0,2.86,11.11,74.91,44.99,405.24,131.56,517.11,670.67
77.8945,113.63,155.98,224.4,56.76,27.83,22.22,21.67,17.93,0.0,0.0,2.86,11.11,57.97,36.74,353.43,128.37,640.42,590.48
77.9045,117.15,154.33,243.98,57.97,34.76,35.42,47.74,20.68,0.0,0.0,2.86,12.65,49.61,32.01,240.68,129.91,712.03,467.72
77.9145,118.91,154.33,261.69,59.4,41.8,45.87,74.25,23.43,0.0,0.0,0.0,12.65,41.36,27.28,131.56,121.99,779.68,334.84
77.9245,122.43,161.04,270.6,62.26,44.55,55.11,93.61,27.5,0.0,0.0,0.0,7.92,33.11,24.86,69.85,98.56,837.1,234.3
77.9345,127.6,164.34,281.38,62.26,48.73,59.29,107.03,28.93,0.0,0.0,0.0,7.92,26.4,18.92,39.93,69.52,879.56,162.69
77.9445,132.88,167.75,290.73,63.69,50.16,63.58,117.81,31.68,0.0,0.0,0.0,4.73,21.45,14.19,28.93,45.43,918.28,114.73
77.9545,136.4,173.03,292.6,65.12,52.91,66.33,122.65,33.11,0.0,0.0,0.0,4.73,14.85,10.67,22.0,33.66,942.15,85.91
77.9645,138.16,174.79,292.6,67.98,52.91,69.19,127.49,33.11,0.0,0.0,0.0,0.0,11.55,9.46,15.18,19.03,956.23,55.22
77.9745,138.16,178.31,290.73,70.84,52.91,70.62,129.14,34.43,0.0,0.0,0.0,3.08,8.25,7.04,11.0,8.8,965.14,38.17
77.9845,136.4,180.07,283.25,75.13,55.77,72.05,130.68,35.86,0.0,0.0,0.0,0.0,6.6,4.73,9.57,5.83,969.21,26.73
77.9945,132.88,180.07,277.75,77.99,54.34,74.8,133.98,35.86,0.0,0.0,0.0,3.08,6.6,4.73,11.0,5.83,967.67,31.24
78.0045,127.6,180.07,268.84,79.42,54.34,76.23,135.52,37.18,0.0,0.0,0.0,3.08,6.6,4.73,9.57,5.83,959.2,29.81
78.0145,120.67,176.55,263.56,83.71,54.34,79.09,135.52,37.18,0.0,0.0,0.0,3.08,4.95,2.31,8.25,7.26,950.62,25.85
78.0245,115.39,171.27,252.89,83.71,55.77,79.09,137.17,37.18,0.0,0.0,0.0,0.0,3.3,4.73,8.25,5.83,932.47,22.11
78.0345,108.46,166.1,243.98,86.57,55.77,79.09,137.17,38.61,0.0,0.0,0.0,0.0,3.3,3.52,8.25,5.83,915.75,20.9
78.0445,99.88,161.04,233.31,86.57,55.77,81.95,138.71,37.18,0.0,0.0,0.0,0.0,3.3,4.73,8.25,5.83,894.41,22.11
78.0545,92.95,155.98,222.64,90.86,57.2,83.38,137.17,37.18,0.0,0.0,0.0,0.0,3.3,3.52,6.82,2.86,877.36,16.5
78.0645,84.37,147.62,211.64,92.29,58.63,84.7,140.36,38.61,0.0,0.0,0.0,0.0,0.0,3.52,5.5,5.83,858.22,14.85
78.0745,75.68,139.26,197.01,95.15,58.63,86.13,138.71,38.61,0.0,0.0,0.0,0.0,0.0,2.31,6.82,4.4,829.18,13.53
78.0845,68.86,132.55,184.14,99.44,57.2,87.56,143.55,38.61,0.0,0.0,0.0,0.0,0.0,3.52,5.5,4.4,811.91,13.42
78.0945,63.69,125.84,173.25,103.73,60.17,91.85,143.55,38.61,0.0,0.0,0.0,0.0,3.3,2.31,5.5,5.83,800.69,16.94
78.1045,58.52,119.13,161.37,106.59,61.6,93.17,148.39,41.36,0.0,0.0,0.0,0.0,0.0,0.0,5.5,4.4,790.13,9.9
78.1145,55.11,110.77,149.93,110.88,63.03,96.03,153.23,44.11,0.0,0.0,0.0,0.0,0.0,2.31,5.5,4.4,783.09,12.21
78.1245,51.59,104.17,141.68,113.96,64.57,98.89,158.07,45.54,0.0,0.0,0.0,0.0,0.0,2.31,4.07,4.4,778.47,10.78
78.1345,49.94,97.68,136.73,117.04,66.0,101.75,162.91,48.29,0.0,0.0,0.0,0.0,0.0,2.31,2.75,4.4,780.34,9.46
78.1445,48.18,92.73,128.59,123.2,70.4,104.5,167.75,51.04,0.0,0.0,0.0,0.0,0.0,0.0,5.5,4.4,786.39,9.9
78.1545,44.77,84.48,121.99,126.28,73.37,105.93,176.0,55.11,0.0,0.0,0.0,0.0,0.0,0.0,4.07,4.4,787.93,8.47
78.1645,43.01,79.64,113.85,130.9,76.34,110.22,183.04,57.97,0.0,0.0,0.0,0.0,0.0,2.31,4.07,4.4,794.97,10.78
78.1745,39.6,73.04,107.58,134.09,79.31,113.08,193.6,62.37,0.0,0.0,0.0,0.0,0.0,0.0,0.0,0.0,802.67,0.0
78.1845,37.84,66.55,99.77,138.71,85.14,114.62,202.29,66.88,0.0,0.0,0.0,0.0,0.0,2.31,0.0,0.0,811.8,2.31
78.1945,36.08,59.95,91.96,140.25,86.57,119.24,212.85,72.82,0.0,0.0,0.0,0.0,0.0,0.0,0.0,2.86,819.72,2.86
78.2045,34.43,51.81,84.26,144.87,89.54,120.78,225.06,75.79,0.0,0.0,0.0,0.0,0.0,0.0,2.75,2.86,826.54,5.61
78.2145,32.67,42.13,73.37,144.87,95.48,125.4,235.29,84.7,0.0,0.0,0.0,0.0,0.0,0.0,4.07,2.86,833.91,6.93
78.2245,29.26,35.64,62.48,143.33,98.34,128.48,248.93,90.75,0.0,0.0,0.0,0.0,0.0,0.0,4.07,4.4,837.21,8.47
78.2345,27.5,29.15,52.47,144.87,102.85,130.02,262.46,99.66,0.0,0.0,0.0,0.0,0.0,0.0,4.07,0.0,848.98,4.07
78.2445,27.5,22.66,40.04,144.87,105.71,132.99,276.1,108.57,0.0,0.0,0.0,0.0,0.0,0.0,4.07,4.4,858.44,8.47
78.2545,25.74,16.17,28.93,141.79,108.68,134.53,291.06,116.27,0.0,0.0,0.0,0.0,0.0,2.31,2.75,4.4,863.17,9.46
78.2645,22.33,11.33,20.68,134.09,111.87,136.07,304.37,128.59,0.0,0.0,0.0,0.0,0.0,0.0,4.07,2.86,869.33,6.93
78.2745,18.92,11.33,13.75,127.82,115.28,137.61,316.03,140.91,0.0,0.0,0.0,0.0,0.0,0.0,2.75,4.4,881.65,7.15
78.2845,15.4,11.33,11.0,117.04,117.04,136.07,332.64,150.26,0.0,0.0,0.0,0.0,0.0,0.0,4.07,0.0,890.78,4.07
78.2945,11.99,8.03,9.57,105.16,115.28,137.61,348.92,161.04,0.0,0.0,0.0,0.0,0.0,0.0,0.0,2.86,897.6,2.86
78.3045,5.06,6.38,8.25,93.72,115.28,139.15,361.57,172.04,0.0,0.0,0.0,0.0,0.0,0.0,2.75,0.0,901.45,2.75
78.3145,0.0,4.84,6.82,82.28,115.28,136.07,376.09,182.49,8.58,0.0,0.0,0.0,0.0,0.0,2.75,0.0,903.87,11.33
78.3245,0.0,4.84,6.82,69.41,110.22,139.15,392.37,191.07,7.37,0.0,0.0,0.0,0.0,0.0,2.75,4.4,913.88,14.52
78.3345,0.0,4.84,4.07,62.26,110.22,139.15,405.13,203.28,3.63,0.0,0.0,0.0,0.0,0.0,0.0,2.86,928.95,6.49
78.3445,0.0,4.84,2.75,53.13,105.71,139.15,417.78,211.86,6.16,0.0,0.0,0.0,0.0,0.0,2.75,0.0,935.22,8.91
78.3545,0.0,3.19,4.07,43.67,99.88,136.07,434.06,222.31,6.16,0.0,0.0,0.0,0.0,0.0,0.0,2.86,943.25,9.02
78.3645,0.0,3.19,4.07,37.84,92.51,134.53,446.71,229.13,8.58,0.0,0.0,0.0,0.0,0.0,0.0,0.0,947.98,8.58
78.3745,0.0,3.19,4.07,28.38,85.14,132.99,457.6,239.47,12.32,0.0,0.0,0.0,0.0,0.0,0.0,2.86,950.84,15.18
78.3845,0.0,3.19,4.07,18.92,76.34,128.48,470.25,242.88,17.16,0.0,0.0,0.0,0.0,0.0,2.75,2.86,944.13,22.77
78.3945,0.0,3.19,4.07,14.19,67.54,122.32,475.64,244.64,25.85,0.0,0.0,0.0,0.0,0.0,2.75,2.86,931.59,31.46
78.4045,0.0,3.19,4.07,8.25,54.34,114.62,477.4,246.29,35.75,0.0,0.0,0.0,0.0,0.0,0.0,0.0,908.16,35.75
78.4145,0.0,3.19,2.75,5.83,43.12,104.5,477.4,242.88,43.12,9.9,0.0,0.0,6.6,3.52,0.0,0.0,879.67,63.14
78.4245,0.0,3.19,5.5,4.73,32.01,93.17,470.25,234.3,43.12,108.68,54.34,30.25,39.71,8.25,8.25,8.8,843.15,301.4
78.4345,0.0,0.0,4.07,3.52,30.58,79.09,446.71,227.48,45.54,157.85,125.29,63.14,54.56,10.67,12.32,13.2,791.45,482.57
78.4445,0.0,3.19,4.07,4.73,30.58,62.15,401.5,215.38,45.54,176.11,177.87,85.58,68.75,16.61,33.11,22.0,721.6,625.57
78.4545,0.0,4.84,2.75,2.31,29.26,45.87,319.33,208.45,53.02,184.58,208.89,84.04,79.64,21.34,49.61,24.86,612.81,705.98
78.4645,0.0,4.84,4.07,3.52,27.83,34.1,202.29,203.28,55.44,184.58,215.38,84.04,81.18,26.07,60.94,24.86,479.93,732.49
78.4745,0.0,4.84,4.07,2.31,23.65,27.5,108.57,187.66,54.23,189.64,212.19,87.01,78.1,30.8,69.85,26.4,358.6,748.22
78.4845,0.0,3.19,4.07,0.0,20.9,24.86,56.43,150.26,54.23,191.29,208.89,91.52,82.72,34.32,74.36,24.86,259.71,762.19
78.4945,0.0,4.84,0.0,0.0,16.72,20.9,43.45,99.66,55.44,203.17,208.89,99.0,82.72,36.74,78.76,29.26,185.57,793.98
78.5045,0.0,3.19,0.0,0.0,11.11,15.73,31.79,71.28,55.44,213.29,203.94,106.37,81.18,40.26,80.3,29.26,133.1,810.04
78.5145,0.0,3.19,2.75,0.0,9.68,11.77,23.1,46.86,54.23,221.65,199.1,112.42,82.72,43.89,80.3,29.26,97.35,823.57
78.5245,0.0,3.19,2.75,0.0,5.5,9.13,17.38,23.43,53.02,228.69,190.96,123.42,82.72,47.41,83.27,30.8,61.38,840.29
78.5345,0.0,3.19,0.0,0.0,2.75,5.17,11.55,11.0,50.49,232.21,182.82,128.15,84.26,49.83,89.21,29.26,33.66,846.23
78.5445,0.0,0.0,0.0,0.0,0.0,3.85,10.12,4.07,46.86,232.21,174.68,139.15,84.26,53.35,92.29,30.8,18.04,853.6
78.5545,0.0,0.0,0.0,0.0,2.75,3.85,8.69,4.07,44.33,232.21,168.19,143.99,88.88,57.2,96.69,32.23,19.36,863.72
78.5645,0.0,0.0,0.0,0.0,0.0,3.85,5.72,0.0,41.91,228.69,163.57,147.07,93.5,61.71,104.17,35.2,9.57,875.82
78.5745,0.0,0.0,0.0,0.0,0.0,2.53,7.15,0.0,40.7,226.93,160.49,151.8,95.04,64.79,110.22,33.66,9.68,883.63
78.5845,0.0,0.0,0.0,0.0,0.0,2.53,5.72,0.0,39.38,220.0,157.41,153.45,98.23,67.76,114.73,35.2,8.25,886.16
78.5945,0.0,0.0,2.75,0.0,0.0,0.0,4.29,0.0,36.96,214.94,151.25,156.53,99.77,70.84,120.89,38.06,7.04,889.24
78.6045,0.0,0.0,2.75,0.0,0.0,2.53,5.72,0.0,34.43,206.47,143.66,158.18,104.39,73.81,128.59,35.2,11.0,884.73
78.6145,0.0,0.0,0.0,0.0,0.0,0.0,2.86,0.0,32.01,194.7,132.88,159.72,109.01,78.32,131.56,36.63,2.86,874.83
78.6245,0.0,0.0,0.0,0.0,0.0,2.53,2.86,0.0,29.59,184.58,120.67,162.91,112.09,79.86,137.72,41.03,5.39,868.45
78.6345,0.0,0.0,0.0,0.0,0.0,0.0,2.86,0.0,27.06,174.46,108.35,162.91,116.82,81.4,143.88,41.03,2.86,855.91
78.6445,0.0,0.0,0.0,0.0,0.0,2.53,2.86,0.0,25.85,162.8,94.38,167.75,116.82,84.37,148.39,39.6,5.39,839.96
78.6545,0.0,0.0,0.0,0.0,0.0,0.0,4.29,0.0,23.43,149.6,78.87,169.51,120.12,87.34,151.47,42.46,4.29,822.8
78.6645,0.0,0.0,0.0,0.0,0.0,0.0,0.0,0.0,22.11,141.35,69.52,172.92,123.31,87.34,156.09,42.46,0.0,815.1
78.6745,0.0,0.0,0.0,0.0,0.0,2.53,0.0,0.0,20.9,128.26,57.2,174.68,128.15,90.42,160.71,42.46,2.53,802.78
78.6845,0.0,0.0,0.0,0.0,0.0,0.0,0.0,0.0,18.48,115.06,47.19,176.44,128.15,93.39,165.33,45.43,0.0,789.47
78.6945,0.0,0.0,0.0,0.0,0.0,0.0,0.0,0.0,17.16,102.52,38.61,176.44,134.64,94.93,173.36,45.43,0.0,783.09
78.7045,0.0,0.0,0.0,0.0,0.0,0.0,0.0,0.0,15.95,85.58,30.03,172.92,137.94,97.9,178.2,45.43,0.0,763.95
78.7145,0.0,0.0,0.0,0.0,0.0,0.0,0.0,0.0,14.74,74.8,25.74,172.92,139.59,100.98,184.69,44.0,0.0,757.46
78.7245,0.0,0.0,0.0,0.0,0.0,0.0,0.0,0.0,14.74,64.02,20.02,167.75,139.59,102.52,197.67,48.4,0.0,754.71
78.7345,0.0,0.0,0.0,0.0,0.0,0.0,0.0,0.0,14.74,54.45,15.73,166.1,144.43,103.95,207.46,46.86,0.0,753.72
78.7445,0.0,0.0,0.0,0.0,0.0,0.0,0.0,0.0,13.53,42.9,14.3,161.26,144.43,105.49,220.44,46.86,0.0,749.21
78.7545,0.0,0.0,0.0,0.0,0.0,0.0,0.0,0.0,13.53,31.35,11.44,154.99,150.92,107.03,233.75,48.4,0.0,751.41
78.7645,0.0,0.0,2.75,0.0,0.0,0.0,0.0,0.0,13.53,21.45,10.01,145.53,152.46,108.46,245.74,49.83,2.75,747.01
78.7745,0.0,0.0,0.0,0.0,0.0,0.0,0.0,0.0,11.0,14.85,7.15,139.15,155.76,110.0,259.6,54.23,0.0,751.74
78.7845,0.0,0.0,0.0,0.0,0.0,0.0,0.0,0.0,8.58,13.2,8.58,132.88,155.76,108.46,275.0,57.2,0.0,759.66
78.7945,0.0,0.0,0.0,0.0,0.0,0.0,0.0,0.0,7.37,11.55,7.15,126.61,160.6,111.54,286.99,60.28,0.0,772.09
78.8045,0.0,0.0,2.75,0.0,0.0,0.0,0.0,0.0,4.84,11.55,5.72,117.15,162.25,107.03,300.63,64.9,2.75,774.07
78.8145,0.0,0.0,0.0,0.0,0.0,0.0,0.0,0.0,4.84,9.9,4.29,104.94,163.9,110.0,317.57,71.06,0.0,786.5
78.8245,0.0,0.0,0.0,0.0,0.0,0.0,0.0,0.0,2.42,6.6,2.86,99.0,167.09,111.54,331.21,75.57,0.0,796.29
78.8345,0.0,3.19,0.0,0.0,0.0,0.0,0.0,0.0,2.42,4.95,0.0,91.52,170.39,113.08,343.2,81.73,3.19,807.29
78.8445,0.0,0.0,0.0,0.0,0.0,0.0,0.0,0.0,0.0,3.3,2.86,85.58,172.15,113.08,361.9,87.89,0.0,826.76
78.8545,0.0,0.0,0.0,0.0,0.0,0.0,0.0,0.0,0.0,3.3,0.0,79.53,173.91,114.73,377.3,98.56,0.0,847.33
78.8645,0.0,0.0,0.0,0.0,0.0,0.0,0.0,0.0,0.0,3.3,2.86,72.16,175.78,118.25,389.18,103.18,0.0,864.71
78.8745,0.0,0.0,0.0,0.0,0.0,0.0,0.0,0.0,0.0,4.95,2.86,64.68,175.78,118.25,405.24,110.88,0.0,882.64
78.8845,3.41,0.0,0.0,0.0,0.0,0.0,0.0,0.0,0.0,0.0,0.0,55.77,175.78,120.01,419.54,117.15,3.41,888.25
78.8945,5.06,0.0,0.0,0.0,0.0,0.0,0.0,0.0,0.0,3.3,0.0,46.2,173.91,116.49,430.21,117.15,5.06,887.26
78.9045,11.99,0.0,0.0,0.0,0.0,0.0,0.0,0.0,0.0,3.3,2.86,38.17,168.74,111.54,442.75,125.18,11.99,892.54
78.9145,27.5,0.0,0.0,2.31,2.75,0.0,0.0,0.0,0.0,3.3,0.0,28.6,165.44,108.46,453.64,126.72,32.56,886.16
78.9245,49.94,0.0,0.0,3.52,2.75,2.53,0.0,0.0,0.0,0.0,0.0,22.22,158.95,105.49,459.14,129.91,58.74,875.71
78.9345,67.1,0.0,0.0,3.52,2.75,0.0,0.0,0.0,0.0,0.0,0.0,14.3,150.92,102.52,459.14,129.91,73.37,856.79
78.9445,86.02,0.0,0.0,2.31,4.18,3.85,0.0,0.0,0.0,0.0,0.0,11.11,147.62,96.47,457.27,133.1,96.36,845.57
78.9545,111.87,11.33,37.29,5.83,4.18,2.53,2.86,0.0,0.0,0.0,0.0,9.46,134.64,87.34,448.25,128.37,175.89,808.06
78.9645,113.63,79.64,104.5,5.83,5.5,3.85,2.86,0.0,0.0,0.0,0.0,9.46,116.82,75.35,433.84,129.91,315.81,765.38
78.9745,106.7,124.08,148.28,35.42,8.36,3.85,2.86,4.07,0.0,3.3,0.0,9.46,98.23,64.79,408.76,128.37,433.62,712.91
78.9845,99.88,144.21,178.75,53.13,13.86,7.81,5.72,6.82,0.0,0.0,0.0,11.11,76.45,53.35,373.89,123.53,510.18,638.33
78.9945,98.12,142.56,198.77,59.4,29.26,22.22,21.67,15.18,0.0,0.0,0.0,14.3,57.97,44.99,309.1,126.72,587.18,553.08
79.0045,99.88,145.97,218.9,63.69,34.76,36.74,47.74,19.25,0.0,0.0,2.86,11.11,51.26,35.53,196.02,133.1,666.93,429.88
79.0145,103.29,150.92,235.07,65.12,41.8,48.51,72.71,23.43,0.0,0.0,0.0,11.11,41.36,24.86,108.68,126.72,740.85,312.73
79.0245,110.22,154.33,254.65,63.69,45.98,55.11,93.61,24.75,0.0,0.0,0.0,9.46,34.76,22.44,52.36,97.02,802.34,216.04
79.0345,115.39,159.39,265.32,62.26,47.3,59.29,107.03,26.18,0.0,0.0,0.0,7.92,26.4,17.71,35.86,64.9,842.16,152.79
79.0445,122.43,162.69,272.47,62.26,51.48,62.15,113.08,28.93,0.0,0.0,0.0,6.27,18.15,12.98,26.18,51.26,875.49,114.84
79.0545,127.6,166.1,279.51,63.69,51.48,63.58,117.81,27.5,0.0,0.0,0.0,4.73,13.2,9.46,20.68,39.6,897.27,87.67
79.0645,131.12,171.27,281.38,63.69,54.34,66.33,122.65,28.93,0.0,0.0,0.0,3.08,11.55,7.04,16.5,22.0,919.71,60.17
79.0745,134.64,174.79,286.99,65.12,52.91,66.33,125.84,31.68,0.0,0.0,0.0,3.08,8.25,7.04,11.0,11.66,938.3,41.03
79.0845,136.4,174.79,286.99,65.12,54.34,64.9,129.14,31.68,0.0,0.0,0.0,0.0,6.6,4.73,11.0,7.26,943.36,29.59
79.0945,138.16,178.31,285.12,66.55,55.77,64.9,127.49,31.68,0.0,0.0,0.0,0.0,4.95,3.52,11.0,7.26,947.98,26.73
79.1045,136.4,176.55,281.38,66.55,55.77,67.76,129.14,30.36,0.0,0.0,0.0,0.0,3.3,3.52,9.57,7.26,943.91,23.65
79.1145,131.12,174.79,272.47,67.98,55.77,70.62,127.49,31.68,0.0,0.0,0.0,3.08,0.0,3.52,8.25,7.26,931.92,22.11
79.1245,127.6,173.03,267.08,69.41,55.77,69.19,127.49,33.11,0.0,0.0,0.0,0.0,3.3,3.52,6.82,5.83,922.68,19.47
79.1345,120.67,169.51,256.41,69.41,55.77,69.19,127.49,31.68,0.0,0.0,0.0,3.08,3.3,2.31,8.25,5.83,900.13,22.77
79.1445,113.63,164.34,243.98,72.27,54.34,70.62,124.3,30.36,0.0,0.0,0.0,3.08,0.0,2.31,4.07,4.4,873.84,13.86
79.1545,105.05,159.39,235.07,76.56,52.91,73.48,127.49,31.68,0.0,0.0,0.0,0.0,3.3,3.52,5.5,4.4,861.63,16.72
79.1645,96.36,154.33,222.64,76.56,52.91,74.8,125.84,31.68,0.0,0.0,0.0,0.0,3.3,2.31,4.07,2.86,835.12,12.54
79.1745,87.78,147.62,206.14,83.71,54.34,77.66,127.49,31.68,0.0,0.0,0.0,0.0,0.0,2.31,5.5,2.86,816.42,10.67
79.1845,77.44,140.91,189.64,85.14,55.77,77.66,132.33,34.43,0.0,0.0,0.0,0.0,0.0,2.31,5.5,4.4,793.32,12.21
79.1945,70.51,132.55,176.88,90.86,57.2,81.95,135.52,34.43,0.0,0.0,0.0,0.0,0.0,0.0,2.75,2.86,779.9,5.61
79.2045,63.69,124.08,167.97,92.29,60.17,83.38,140.36,34.43,0.0,0.0,0.0,0.0,0.0,0.0,4.07,4.4,766.37,8.47
79.2145,58.52,115.72,158.07,98.01,61.6,87.56,148.39,38.61,0.0,0.0,0.0,0.0,0.0,0.0,4.07,2.86,766.48,6.93
79.2245,55.11,107.47,149.93,100.87,66.0,90.42,156.42,42.68,0.0,0.0,0.0,0.0,0.0,2.31,0.0,0.0,768.9,2.31
79.2345,51.59,97.68,141.68,106.59,68.97,96.03,164.45,45.54,0.0,0.0,0.0,0.0,0.0,0.0,2.75,2.86,772.53,5.61
79.2445,48.18,89.43,131.89,110.88,71.94,98.89,174.24,51.04,0.0,0.0,0.0,0.0,0.0,0.0,2.75,2.86,776.49,5.61
79.2545,44.77,84.48,123.64,113.96,76.34,103.07,186.56,55.11,0.0,0.0,0.0,0.0,0.0,0.0,4.07,0.0,787.93,4.07
79.2645,41.25,76.34,113.85,118.58,82.17,105.93,197.12,60.94,0.0,0.0,0.0,0.0,0.0,0.0,2.75,2.86,796.18,5.61
79.2745,37.84,69.74,101.31,123.2,86.57,110.22,209.33,68.31,0.0,0.0,0.0,0.0,0.0,0.0,2.75,0.0,806.52,2.75
79.2845,36.08,59.95,93.61,126.28,91.08,114.62,221.65,74.36,0.0,0.0,0.0,0.0,0.0,0.0,4.07,2.86,817.63,6.93
79.2944,32.67,51.81,81.07,129.36,95.48,119.24,235.29,83.27,0.0,0.0,0.0,0.0,0.0,0.0,0.0,4.4,828.19,4.4
79.3044,30.91,40.48,70.18,132.55,99.88,123.86,245.52,90.75,0.0,0.0,0.0,0.0,0.0,0.0,0.0,2.86,834.13,2.86
79.3144,27.5,33.99,56.54,134.09,105.71,126.94,260.81,98.12,0.0,0.0,0.0,0.0,0.0,0.0,0.0,2.86,843.7,2.86
79.3244,25.74,25.85,45.54,135.63,108.68,130.02,274.45,107.14,0.0,0.0,0.0,0.0,0.0,0.0,2.75,4.4,853.05,7.15
79.3344,22.33,19.36,31.68,132.55,111.87,131.45,286.11,116.27,0.0,0.0,0.0,0.0,0.0,0.0,4.07,2.86,851.62,6.93
79.3444,20.57,14.52,20.68,129.36,115.28,134.53,302.72,122.43,0.0,0.0,0.0,0.0,0.0,0.0,0.0,4.4,860.09,4.4
79.3544,18.92,12.87,15.18,121.66,118.69,134.53,316.03,134.75,0.0,0.0,0.0,0.0,0.0,0.0,0.0,0.0,872.63,0.0
79.3644,15.4,9.68,11.0,113.96,118.69,136.07,329.34,144.1,0.0,0.0,0.0,0.0,0.0,0.0,2.75,0.0,878.24,2.75
79.3744,10.23,9.68,11.0,106.59,118.69,136.07,343.42,150.26,0.0,0.0,0.0,0.0,0.0,0.0,0.0,2.86,885.94,2.86
79.3844,5.06,8.03,8.25,98.01,122.1,137.61,357.94,162.58,0.0,0.0,0.0,0.0,0.0,0.0,2.75,0.0,899.58,2.75
79.3944,0.0,6.38,6.82,86.57,118.69,137.61,372.46,172.04,6.16,0.0,0.0,0.0,0.0,0.0,0.0,2.86,900.57,9.02
79.4044,0.0,4.84,5.5,73.7,117.04,139.15,388.74,185.9,6.16,0.0,0.0,0.0,0.0,0.0,2.75,4.4,914.87,13.31
79.4144,0.0,4.84,5.5,62.26,113.63,137.61,401.5,196.35,2.42,0.0,0.0,0.0,0.0,0.0,0.0,0.0,921.69,2.42
79.4244,0.0,4.84,5.5,50.82,105.71,136.07,415.91,206.69,4.84,0.0,0.0,0.0,0.0,0.0,0.0,0.0,925.54,4.84
79.4344,0.0,4.84,5.5,42.57,101.31,134.53,425.04,213.62,6.16,0.0,0.0,0.0,0.0,0.0,0.0,0.0,927.41,6.16
79.4444,0.0,3.19,5.5,34.21,92.51,134.53,435.93,218.79,7.37,0.0,0.0,0.0,0.0,0.0,0.0,0.0,924.66,7.37
79.4544,0.0,4.84,4.07,24.75,83.71,130.02,443.19,222.31,11.0,0.0,0.0,0.0,0.0,0.0,0.0,0.0,912.89,11.0
79.4644,0.0,3.19,2.75,18.92,73.37,122.32,452.21,225.72,19.69,0.0,0.0,0.0,0.0,0.0,0.0,0.0,898.48,19.69
79.4744,0.0,3.19,4.07,11.77,61.6,117.7,457.6,225.72,34.43,0.0,0.0,0.0,0.0,0.0,0.0,0.0,881.65,34.43
79.4844,0.0,3.19,2.75,7.04,48.73,104.5,459.36,225.72,45.54,3.3,0.0,3.08,0.0,2.31,0.0,2.86,851.29,57.09
79.4944,0.0,3.19,4.07,5.83,36.19,91.85,457.6,220.55,56.65,94.82,20.02,6.27,6.6,3.52,2.75,2.86,819.28,193.49
79.5044,0.0,3.19,5.5,4.73,30.58,76.23,443.19,213.62,64.57,179.52,106.81,60.17,41.36,10.67,9.57,10.23,777.04,482.9
79.5144,0.0,3.19,5.5,4.73,30.58,59.29,399.63,201.52,63.25,198.11,177.87,91.52,51.26,14.19,13.75,16.06,704.44,626.01
79.5244,0.0,3.19,4.07,3.52,29.26,43.23,314.38,189.42,68.64,209.88,223.63,101.97,68.75,24.86,39.93,23.43,587.07,761.09
79.5344,0.0,3.19,2.75,3.52,25.08,28.82,195.36,177.21,76.67,204.82,243.43,94.49,76.45,28.38,52.36,24.86,435.93,801.46
79.5444,0.0,4.84,2.75,2.31,22.22,24.86,98.12,161.04,72.6,201.41,240.13,100.43,79.64,34.32,68.31,27.83,316.14,824.67
79.5544,0.0,3.19,0.0,0.0,16.72,20.9,52.14,116.27,69.96,204.82,238.48,103.4,81.18,37.95,80.3,24.86,209.22,840.95
79.5644,0.0,3.19,2.75,0.0,15.29,17.05,37.62,75.79,68.64,203.17,231.88,109.34,82.72,43.89,84.81,27.83,151.69,852.28
79.5744,0.0,3.19,0.0,0.0,11.11,14.41,27.5,51.04,67.32,211.53,226.93,113.96,82.72,46.2,92.29,30.8,107.25,871.75
79.5844,0.0,0.0,2.75,0.0,6.93,9.13,20.24,26.18,68.64,220.0,221.98,120.23,84.26,48.62,93.72,32.23,65.23,889.68
79.5944,0.0,3.19,0.0,0.0,2.75,6.49,14.41,12.32,67.32,223.41,215.38,124.96,87.34,52.14,95.26,30.8,39.16,896.61
79.6044,0.0,3.19,0.0,0.0,4.18,2.53,10.12,4.07,63.25,223.41,207.24,134.42,85.8,55.77,101.2,32.23,24.09,903.32
79.6144,0.0,3.19,0.0,0.0,2.75,3.85,8.69,2.75,59.29,223.41,199.1,142.34,90.42,60.28,104.17,33.66,21.23,912.67
79.6244,0.0,0.0,0.0,0.0,2.75,3.85,7.15,2.75,56.65,220.0,190.96,147.07,91.96,63.25,108.68,35.2,16.5,913.77
79.6344,0.0,3.19,0.0,0.0,2.75,2.53,7.15,0.0,51.7,216.59,179.52,150.26,95.04,69.3,110.22,36.63,15.62,909.26
79.6444,0.0,3.19,0.0,0.0,0.0,3.85,5.72,2.75,46.86,206.47,174.68,156.53,96.69,70.84,116.27,36.63,15.51,904.97
79.6544,0.0,0.0,0.0,0.0,0.0,2.53,4.29,0.0,43.12,198.11,165.11,158.18,101.31,70.84,120.89,38.06,6.82,895.62
79.6644,0.0,0.0,0.0,0.0,0.0,2.53,5.72,0.0,38.17,189.64,155.87,161.26,102.85,75.35,122.43,36.63,8.25,882.2
79.6744,0.0,0.0,0.0,0.0,0.0,0.0,5.72,0.0,34.43,176.11,139.04,164.45,105.93,78.32,128.59,38.06,5.72,864.93
79.6844,0.0,0.0,0.0,0.0,0.0,2.53,4.29,0.0,30.8,166.1,126.83,171.27,104.39,81.4,128.59,36.63,6.82,846.01
79.6944,0.0,0.0,0.0,0.0,0.0,2.53,4.29,0.0,28.27,151.25,111.43,174.68,109.01,81.4,134.64,39.6,6.82,830.28
79.7044,0.0,0.0,2.75,0.0,0.0,2.53,2.86,0.0,25.85,138.16,95.92,176.44,110.55,82.83,137.72,39.6,8.14,807.07
79.7144,0.0,0.0,2.75,0.0,0.0,2.53,4.29,0.0,24.64,124.96,81.95,178.09,113.63,88.88,140.8,41.03,9.57,793.98
79.7244,0.0,3.19,0.0,0.0,0.0,0.0,2.86,0.0,22.11,110.22,67.98,181.61,115.28,90.42,146.96,39.6,6.05,774.18
79.7344,0.0,0.0,0.0,0.0,0.0,2.53,0.0,0.0,20.9,102.52,57.2,181.61,120.12,91.96,151.47,39.6,2.53,765.38
79.7444,0.0,0.0,0.0,0.0,0.0,0.0,0.0,0.0,18.48,88.66,51.48,185.02,120.12,93.39,157.63,42.46,0.0,757.24
79.7544,0.0,0.0,0.0,0.0,0.0,0.0,0.0,0.0,17.16,76.34,41.47,181.61,126.61,96.47,166.87,42.46,0.0,748.99
79.7644,0.0,0.0,0.0,0.0,0.0,0.0,0.0,0.0,17.16,70.18,35.75,181.61,128.15,97.9,173.36,42.46,0.0,746.57
79.7744,0.0,0.0,0.0,0.0,0.0,0.0,0.0,0.0,15.95,59.4,31.46,178.09,129.8,99.44,186.34,45.43,0.0,745.91
79.7844,0.0,0.0,0.0,0.0,0.0,0.0,0.0,0.0,15.95,51.15,25.74,171.27,136.29,102.52,197.67,45.43,0.0,746.02
79.7944,0.0,0.0,0.0,0.0,0.0,0.0,0.0,0.0,14.74,41.25,21.45,167.75,136.29,105.49,210.65,46.86,0.0,744.48
79.8044,0.0,0.0,0.0,0.0,0.0,0.0,0.0,0.0,14.74,33.0,15.73,161.26,142.78,105.49,226.93,49.83,0.0,749.76
79.8144,0.0,0.0,2.75,0.0,0.0,0.0,0.0,0.0,14.74,26.4,14.3,151.8,145.97,107.03,238.92,52.8,2.75,751.96
79.8244,0.0,0.0,0.0,0.0,0.0,0.0,0.0,0.0,13.53,18.15,10.01,145.53,150.92,108.46,254.43,55.77,0.0,756.8
79.8344,0.0,0.0,0.0,0.0,0.0,0.0,0.0,0.0,11.0,13.2,7.15,137.61,154.11,111.54,268.18,58.74,0.0,761.53
79.8444,0.0,0.0,2.75,0.0,0.0,0.0,0.0,0.0,8.58,13.2,8.58,132.88,157.41,108.46,283.58,66.44,2.75,779.13
79.8544,0.0,0.0,0.0,0.0,0.0,0.0,0.0,0.0,7.37,11.55,7.15,124.96,158.95,111.54,295.46,69.52,0.0,786.5
79.8644,0.0,0.0,0.0,0.0,0.0,0.0,0.0,0.0,4.84,11.55,5.72,118.69,162.25,111.54,307.34,74.14,0.0,796.07
79.8744,0.0,0.0,0.0,0.0,0.0,0.0,0.0,0.0,3.63,8.25,4.29,109.34,163.9,111.54,322.74,77.11,0.0,800.8
79.8844,0.0,0.0,0.0,0.0,0.0,0.0,0.0,0.0,3.63,6.6,4.29,101.97,162.25,111.54,332.97,83.27,0.0,806.52
79.8944,0.0,0.0,0.0,0.0,0.0,0.0,0.0,0.0,2.42,6.6,4.29,89.98,163.9,113.08,351.67,92.51,0.0,824.45
79.9044,0.0,0.0,0.0,0.0,0.0,0.0,0.0,0.0,0.0,6.6,2.86,85.58,167.09,114.73,361.9,98.56,0.0,837.32
79.9144,0.0,0.0,2.75,0.0,0.0,0.0,0.0,0.0,0.0,4.95,4.29,78.1,168.74,111.54,378.95,103.18,2.75,849.75
79.9244,0.0,0.0,0.0,0.0,0.0,0.0,0.0,0.0,0.0,3.3,2.86,70.62,167.09,114.73,390.94,109.34,0.0,858.88
79.9344,0.0,0.0,0.0,0.0,0.0,0.0,0.0,0.0,0.0,0.0,2.86,66.11,163.9,113.08,407.0,115.61,0.0,868.56
79.9444,0.0,0.0,0.0,0.0,0.0,0.0,0.0,0.0,0.0,4.95,2.86,55.77,165.44,114.73,417.78,117.15,0.0,878.68
79.9544,0.0,0.0,0.0,0.0,0.0,0.0,0.0,0.0,0.0,3.3,2.86,46.2,165.44,113.08,435.6,126.72,0.0,893.2
79.9644,0.0,0.0,0.0,0.0,0.0,0.0,0.0,0.0,0.0,3.3,0.0,36.63,160.6,110.0,448.25,129.91,0.0,888.69
79.9744,6.82,0.0,0.0,0.0,0.0,0.0,0.0,0.0,0.0,3.3,0.0,27.06,158.95,107.03,459.14,134.75,6.82,890.23
79.9844,13.75,0.0,0.0,0.0,0.0,2.53,0.0,0.0,0.0,0.0,2.86,20.68,150.92,103.95,466.4,134.75,16.28,879.56
79.9944,36.08,0.0,0.0,0.0,2.75,0.0,0.0,0.0,0.0,0.0,0.0,11.11,147.62,97.9,470.03,134.75,38.83,861.41
80.0044,61.93,0.0,0.0,2.31,4.18,2.53,0.0,0.0,0.0,0.0,2.86,9.46,137.94,91.96,466.4,136.29,70.95,844.91
80.0144,86.02,0.0,0.0,3.52,5.5,2.53,0.0,0.0,0.0,3.3,0.0,9.46,124.96,84.37,453.64,133.1,97.57,808.83
80.0244,117.15,0.0,6.82,4.73,5.5,3.85,0.0,0.0,0.0,3.3,0.0,7.92,112.09,73.81,439.23,131.56,138.05,767.91
80.0344,129.36,61.6,95.15,7.04,4.18,3.85,2.86,2.75,0.0,0.0,0.0,9.46,93.5,63.25,414.15,128.37,306.79,708.73
80.0444,120.67,125.84,156.42,21.23,6.93,5.17,5.72,4.07,0.0,3.3,0.0,12.65,68.75,50.93,375.54,121.99,446.05,633.16
80.0544,115.39,154.33,208.01,48.4,15.29,9.13,7.15,8.25,0.0,0.0,0.0,12.65,57.97,44.99,302.28,123.53,565.95,541.42
80.0644,115.39,161.04,238.59,59.4,30.58,23.54,24.53,17.93,0.0,0.0,0.0,12.65,49.61,33.22,191.18,131.56,671.0,418.22
80.0744,115.39,161.04,258.17,62.26,36.19,36.74,49.17,20.68,0.0,0.0,0.0,12.65,38.06,27.28,108.68,125.18,739.64,311.85
80.0844,118.91,164.34,270.6,63.69,40.37,47.19,74.25,24.75,0.0,0.0,0.0,7.92,34.76,22.44,51.04,92.51,804.1,208.67
80.0944,122.43,164.34,277.75,66.55,44.55,53.79,92.18,26.18,0.0,0.0,0.0,7.92,26.4,16.61,34.43,64.9,847.77,150.26
80.1044,124.19,173.03,285.12,65.12,48.73,59.29,105.6,28.93,0.0,0.0,0.0,6.27,19.8,12.98,27.5,46.86,890.01,113.41
80.1144,129.36,176.55,292.6,66.55,50.16,62.15,114.62,30.36,0.0,0.0,0.0,3.08,11.55,9.46,20.68,36.63,922.35,81.4
80.1244,132.88,181.83,292.6,69.41,51.48,64.9,119.46,30.36,0.0,0.0,0.0,3.08,9.9,7.04,16.5,23.43,942.92,59.95
80.1344,136.4,185.35,292.6,69.41,51.48,64.9,119.46,30.36,0.0,0.0,0.0,3.08,8.25,4.73,12.32,10.23,949.96,38.61
80.1444,138.16,188.87,292.6,70.84,52.91,63.58,119.46,31.68,0.0,0.0,0.0,3.08,3.3,3.52,11.0,5.83,958.1,26.73
80.1544,138.16,190.63,288.86,72.27,52.91,66.33,121.11,30.36,0.0,0.0,0.0,0.0,4.95,4.73,8.25,4.4,960.63,22.33
80.1644,136.4,190.63,283.25,73.7,54.34,66.33,119.46,31.68,0.0,0.0,0.0,0.0,3.3,2.31,8.25,5.83,955.79,19.69
80.1744,132.88,183.59,275.99,73.7,52.91,67.76,121.11,30.36,0.0,0.0,0.0,0.0,0.0,3.52,6.82,4.4,938.3,14.74
80.1844,125.84,183.59,267.08,73.7,51.48,67.76,119.46,30.36,0.0,0.0,0.0,3.08,3.3,0.0,8.25,7.26,919.27,21.89
80.1944,118.91,178.31,256.41,76.56,52.91,66.33,117.81,30.36,0.0,0.0,0.0,0.0,3.3,3.52,6.82,4.4,897.6,18.04
80.2044,111.87,171.27,245.74,77.99,52.91,69.19,117.81,30.36,0.0,0.0,0.0,0.0,3.3,3.52,4.07,4.4,877.14,15.29
80.2144,101.53,166.1,229.68,82.28,52.91,69.19,117.81,30.36,0.0,0.0,0.0,3.08,3.3,0.0,6.82,4.4,849.86,17.6
80.2244,92.95,159.39,217.14,85.14,51.48,72.05,119.46,30.36,0.0,0.0,0.0,0.0,0.0,2.31,4.07,4.4,827.97,10.78
80.2344,84.37,150.92,202.51,90.86,52.91,76.23,119.46,30.36,0.0,0.0,0.0,0.0,0.0,2.31,5.5,2.86,807.62,10.67
80.2444,77.44,144.21,187.88,92.29,52.91,77.66,122.65,31.68,0.0,0.0,0.0,0.0,0.0,0.0,2.75,2.86,786.72,5.61
80.2544,70.51,135.85,176.88,98.01,54.34,80.52,125.84,31.68,0.0,0.0,0.0,0.0,0.0,0.0,4.07,4.4,773.63,8.47
80.2644,67.1,127.49,167.97,100.87,55.77,83.38,127.49,33.11,0.0,0.0,0.0,0.0,0.0,0.0,2.75,4.4,763.18,7.15
80.2744,61.93,120.78,158.07,106.59,57.2,84.7,133.98,34.43,0.0,0.0,0.0,0.0,0.0,0.0,4.07,4.4,757.68,8.47
80.2844,58.52,114.07,149.93,109.45,60.17,88.99,137.17,37.18,0.0,0.0,0.0,0.0,0.0,0.0,2.75,2.86,755.48,5.61
80.2944,55.11,107.47,143.33,112.42,61.6,90.42,143.55,39.93,0.0,0.0,0.0,0.0,0.0,0.0,4.07,2.86,753.83,6.93
80.3044,51.59,100.87,138.38,113.96,64.57,91.85,150.04,39.93,0.0,0.0,0.0,0.0,0.0,0.0,2.75,2.86,751.19,5.61
80.3144,49.94,96.03,130.24,115.5,66.0,97.46,154.88,44.11,0.0,0.0,0.0,0.0,0.0,0.0,2.75,2.86,754.16,5.61
80.3244,48.18,89.43,125.29,121.66,67.54,97.46,162.91,48.29,0.0,0.0,0.0,0.0,0.0,0.0,2.75,4.4,760.76,7.15
80.3344,46.42,82.94,121.99,124.74,71.94,101.75,172.59,52.36,0.0,0.0,0.0,0.0,0.0,0.0,2.75,4.4,774.73,7.15
80.3444,43.01,76.34,115.39,124.74,77.77,104.5,183.04,57.97,0.0,0.0,0.0,0.0,0.0,2.31,0.0,2.86,782.76,5.17
80.3544,41.25,69.74,109.12,129.36,80.74,108.79,193.6,62.37,0.0,0.0,0.0,0.0,0.0,0.0,2.75,4.4,794.97,7.15
80.3644,39.6,63.25,101.31,130.9,85.14,110.22,205.81,68.31,0.0,0.0,0.0,0.0,0.0,0.0,0.0,0.0,804.54,0.0
80.3744,36.08,55.11,91.96,135.63,89.54,116.16,216.37,75.79,0.0,0.0,0.0,0.0,0.0,0.0,0.0,2.86,816.64,2.86
80.3844,34.43,46.97,81.07,134.09,95.48,119.24,233.53,84.7,0.0,0.0,0.0,0.0,0.0,0.0,0.0,0.0,829.51,0.0
80.3944,32.67,37.18,71.83,137.17,101.31,122.32,248.93,93.72,0.0,0.0,0.0,0.0,0.0,0.0,0.0,2.86,845.13,2.86
80.4044,29.26,30.69,57.97,137.17,105.71,123.86,264.22,104.17,0.0,0.0,0.0,0.0,0.0,0.0,2.75,2.86,853.05,5.61
80.4144,27.5,22.66,45.54,137.17,111.87,128.48,279.51,111.65,0.0,0.0,0.0,0.0,0.0,0.0,2.75,2.86,864.38,5.61
80.4244,25.74,17.82,33.11,137.17,113.63,131.45,292.82,120.89,0.0,0.0,0.0,0.0,0.0,0.0,0.0,2.86,872.63,2.86
80.4344,22.33,12.87,19.25,135.63,118.69,132.99,307.78,131.67,0.0,0.0,0.0,0.0,0.0,0.0,0.0,2.86,881.21,2.86
80.4444,20.57,11.33,13.75,129.36,120.45,134.53,322.74,140.91,0.0,0.0,0.0,0.0,0.0,0.0,0.0,0.0,893.64,0.0
80.4544,13.75,9.68,8.25,120.12,122.1,136.07,338.03,151.8,0.0,0.0,0.0,0.0,0.0,0.0,0.0,0.0,899.8,0.0
80.4644,10.23,8.03,8.25,110.88,122.1,137.61,352.55,161.04,0.0,0.0,0.0,0.0,0.0,0.0,0.0,2.86,910.69,2.86
80.4744,5.06,6.38,9.57,100.87,122.1,139.15,368.83,172.04,0.0,0.0,0.0,0.0,0.0,0.0,0.0,0.0,924.0,0.0
80.4844,0.0,6.38,5.5,86.57,120.45,136.07,383.35,184.14,0.0,0.0,0.0,0.0,0.0,0.0,0.0,2.86,922.46,2.86
80.4944,0.0,4.84,5.5,72.27,117.04,137.61,401.5,198.0,0.0,0.0,0.0,0.0,0.0,0.0,0.0,2.86,936.76,2.86
80.5044,0.0,4.84,4.07,62.26,111.87,139.15,415.91,208.45,0.0,0.0,0.0,0.0,0.0,0.0,0.0,2.86,946.55,2.86
80.5144,0.0,4.84,4.07,50.82,105.71,137.61,430.43,218.79,0.0,0.0,0.0,0.0,0.0,0.0,0.0,2.86,952.27,2.86
80.5244,0.0,4.84,2.75,40.15,99.88,136.07,443.19,227.48,2.42,0.0,0.0,0.0,0.0,0.0,0.0,2.86,954.36,5.28
80.5344,0.0,4.84,4.07,30.69,89.54,131.45,453.97,232.65,3.63,0.0,0.0,0.0,0.0,0.0,0.0,0.0,947.21,3.63
80.5444,0.0,3.19,4.07,22.44,77.77,126.94,464.75,239.47,8.58,0.0,0.0,0.0,0.0,0.0,0.0,0.0,938.63,8.58
80.5544,0.0,4.84,4.07,16.5,67.54,119.24,466.62,239.47,18.48,0.0,0.0,0.0,0.0,0.0,0.0,0.0,918.28,18.48
80.5644,0.0,3.19,2.75,8.25,52.91,113.08,472.01,242.88,25.85,0.0,0.0,0.0,0.0,2.31,0.0,0.0,895.07,28.16
80.5744,0.0,4.84,2.75,7.04,38.94,101.75,466.62,239.47,38.17,0.0,0.0,0.0,0.0,0.0,0.0,2.86,861.41,41.03
80.5844,0.0,4.84,2.75,7.04,30.58,88.99,457.6,234.3,54.23,18.15,0.0,3.08,4.95,2.31,0.0,0.0,826.1,82.72
80.5944,0.0,3.19,4.07,4.73,30.58,74.8,434.06,224.07,66.0,129.91,60.28,7.92,9.9,4.73,2.75,2.86,775.5,284.35
80.6044,0.0,4.84,4.07,4.73,30.58,56.43,386.98,213.62,61.93,191.29,132.88,52.58,36.41,9.46,9.57,10.23,701.25,504.35
80.6144,0.0,4.84,2.75,4.73,29.26,41.91,296.12,206.69,66.0,218.35,190.96,82.5,46.31,12.98,9.57,11.66,586.3,638.33
80.6244,0.0,4.84,4.07,2.31,27.83,30.14,177.76,198.0,74.03,228.69,228.58,95.92,64.13,16.61,20.68,17.6,444.95,746.24
80.6344,0.0,3.19,4.07,2.31,23.65,27.5,93.61,184.14,77.99,228.69,245.08,95.92,68.75,18.92,34.43,20.46,338.47,790.24
80.6444,0.0,3.19,2.75,0.0,20.9,23.54,53.57,137.83,76.67,230.45,246.73,99.0,73.37,23.65,45.54,23.43,241.78,818.84
80.6544,0.0,3.19,4.07,0.0,13.86,18.26,40.48,95.15,77.99,237.49,248.38,103.4,76.45,27.28,52.36,22.0,175.01,845.35
80.6644,0.0,3.19,2.75,0.0,11.11,15.73,31.79,66.88,76.67,241.01,245.08,110.88,76.45,30.8,57.97,26.4,131.45,865.26
80.6744,0.0,3.19,2.75,0.0,8.36,10.45,21.67,37.18,76.67,244.53,241.78,115.5,74.91,33.22,63.91,27.83,83.6,878.35
80.6844,0.0,3.19,0.0,0.0,5.5,5.17,14.41,20.68,75.35,248.05,236.83,120.23,78.1,36.74,69.85,26.4,48.95,891.55
80.6944,0.0,0.0,2.75,0.0,4.18,5.17,10.12,5.5,75.35,253.44,233.53,124.96,78.1,40.26,72.82,27.83,27.72,906.29
80.7044,0.0,0.0,0.0,0.0,0.0,3.85,10.12,2.75,72.6,253.44,225.28,129.69,81.18,42.68,78.76,29.26,16.72,912.89
80.7143,0.0,0.0,0.0,0.0,2.75,3.85,7.15,2.75,68.64,251.68,218.68,134.42,82.72,43.89,84.81,30.8,16.5,915.64
80.7243,0.0,0.0,2.75,0.0,0.0,3.85,5.72,0.0,64.57,248.05,212.19,136.07,81.18,48.62,90.75,32.23,12.32,913.66
80.7343,0.0,0.0,0.0,0.0,0.0,2.53,5.72,2.75,59.29,237.49,203.94,139.15,84.26,50.93,95.26,33.66,11.0,903.98
80.7443,0.0,3.19,2.75,0.0,0.0,2.53,5.72,2.75,54.23,228.69,197.45,137.61,85.8,57.2,98.23,30.8,16.94,890.01
80.7543,0.0,0.0,0.0,0.0,0.0,2.53,4.29,0.0,48.07,214.94,190.96,140.8,87.34,61.71,108.68,35.2,6.82,887.7
80.7643,0.0,0.0,0.0,0.0,0.0,2.53,4.29,0.0,44.33,204.82,179.52,137.61,93.5,66.22,113.19,35.2,6.82,874.39
80.7743,0.0,0.0,0.0,0.0,0.0,0.0,5.72,0.0,39.38,193.05,169.73,139.15,96.69,70.84,119.35,33.66,5.72,861.85
80.7843,0.0,3.19,0.0,0.0,0.0,0.0,2.86,0.0,34.43,181.17,154.33,142.34,99.77,72.27,127.05,36.63,6.05,847.99
80.7943,0.0,0.0,2.75,0.0,0.0,2.53,4.29,0.0,30.8,167.75,142.12,147.07,102.85,76.78,133.1,38.06,9.57,838.53
80.8043,0.0,0.0,2.75,0.0,0.0,0.0,2.86,0.0,29.59,157.85,126.83,150.26,105.93,79.86,140.8,39.6,5.61,830.72
80.8143,0.0,0.0,0.0,0.0,0.0,2.53,2.86,0.0,27.06,146.3,111.43,151.8,107.47,82.83,146.96,41.03,5.39,814.88
80.8243,0.0,0.0,0.0,0.0,0.0,0.0,2.86,0.0,24.64,134.86,97.46,154.99,112.09,88.88,154.55,41.03,2.86,808.5
80.8343,0.0,0.0,0.0,0.0,0.0,0.0,0.0,0.0,22.11,121.66,83.49,159.72,116.82,90.42,162.25,42.46,0.0,798.93
80.8443,0.0,0.0,0.0,0.0,0.0,0.0,0.0,0.0,22.11,110.22,71.06,162.91,118.47,94.93,168.52,42.46,0.0,790.68
80.8543,0.0,0.0,0.0,0.0,0.0,0.0,2.86,0.0,19.69,97.9,57.2,164.45,126.61,97.9,176.66,42.46,2.86,782.87
80.8643,0.0,0.0,0.0,0.0,0.0,0.0,0.0,0.0,18.48,85.58,48.62,164.45,129.8,102.52,186.34,44.0,0.0,779.79
80.8743,0.0,0.0,0.0,0.0,0.0,0.0,0.0,0.0,17.16,70.18,38.61,167.75,131.45,105.49,200.97,45.43,0.0,777.04
80.8843,0.0,0.0,0.0,0.0,0.0,0.0,0.0,0.0,15.95,56.1,27.17,164.45,137.94,108.46,212.3,48.4,0.0,770.77
80.8943,0.0,0.0,0.0,0.0,0.0,0.0,0.0,0.0,14.74,46.2,20.02,164.45,142.78,107.03,218.79,49.83,0.0,763.84
80.9043,0.0,0.0,0.0,0.0,0.0,0.0,0.0,0.0,13.53,33.0,14.3,161.26,144.43,110.0,233.75,52.8,0.0,763.07
80.9143,0.0,0.0,0.0,0.0,0.0,0.0,0.0,0.0,13.53,24.75,12.87,159.72,144.43,111.54,240.68,52.8,0.0,760.32
80.9243,0.0,0.0,0.0,0.0,0.0,0.0,0.0,0.0,11.0,16.5,10.01,154.99,147.62,113.08,250.91,57.2,0.0,761.31
80.9343,0.0,0.0,0.0,0.0,0.0,0.0,0.0,0.0,8.58,14.85,8.58,147.07,147.62,113.08,259.6,58.74,0.0,758.12
80.9443,0.0,0.0,0.0,0.0,0.0,0.0,0.0,0.0,6.16,11.55,7.15,137.61,149.27,114.73,273.35,63.36,0.0,763.18
80.9543,0.0,0.0,0.0,0.0,0.0,0.0,0.0,0.0,4.84,11.55,7.15,128.15,149.27,116.49,286.99,67.98,0.0,772.42
80.9643,0.0,0.0,0.0,0.0,0.0,0.0,0.0,0.0,4.84,8.25,5.72,120.23,149.27,116.49,297.22,71.06,0.0,773.08
80.9743,0.0,0.0,0.0,0.0,0.0,0.0,0.0,0.0,3.63,9.9,4.29,109.34,149.27,116.49,309.1,77.11,0.0,779.13
80.9843,0.0,0.0,0.0,0.0,0.0,0.0,0.0,0.0,3.63,6.6,4.29,101.97,149.27,120.01,320.98,84.81,0.0,791.56
80.9943,0.0,0.0,2.75,0.0,0.0,0.0,0.0,0.0,2.42,6.6,4.29,92.95,147.62,120.01,334.62,93.94,2.75,802.45
81.0043,0.0,0.0,0.0,0.0,0.0,0.0,0.0,0.0,0.0,4.95,2.86,82.5,150.92,120.01,348.26,101.64,0.0,811.14
81.0143,0.0,0.0,0.0,0.0,0.0,0.0,0.0,0.0,0.0,4.95,2.86,76.56,152.46,118.25,361.9,109.34,0.0,826.32
81.0243,0.0,0.0,0.0,0.0,0.0,0.0,0.0,0.0,0.0,0.0,0.0,69.08,150.92,121.77,377.3,115.61,0.0,834.68
81.0343,0.0,0.0,0.0,0.0,0.0,0.0,0.0,0.0,0.0,3.3,2.86,57.2,150.92,120.01,392.7,120.34,0.0,847.33
81.0443,0.0,0.0,0.0,0.0,0.0,0.0,0.0,0.0,0.0,4.95,0.0,47.74,150.92,120.01,403.37,128.37,0.0,855.36
81.0543,5.06,0.0,0.0,0.0,0.0,0.0,0.0,0.0,0.0,0.0,0.0,38.17,149.27,118.25,417.78,131.56,5.06,855.03
81.0643,10.23,0.0,0.0,0.0,0.0,0.0,0.0,0.0,0.0,0.0,0.0,28.6,145.97,114.73,428.45,136.29,10.23,854.04
81.0743,22.33,0.0,0.0,3.52,0.0,0.0,0.0,0.0,0.0,0.0,2.86,20.68,141.13,108.46,440.99,139.48,25.85,853.6
81.0843,49.94,0.0,0.0,3.52,4.18,0.0,0.0,0.0,0.0,0.0,2.86,14.3,133.1,102.52,446.38,141.13,57.64,840.29
81.0943,75.68,0.0,0.0,3.52,4.18,2.53,0.0,0.0,0.0,0.0,0.0,9.46,126.61,94.93,440.99,139.48,85.91,811.47
81.1043,101.53,0.0,0.0,4.73,4.18,2.53,0.0,0.0,0.0,3.3,0.0,9.46,112.09,82.83,433.84,139.48,112.97,781.0
81.1143,136.4,40.48,84.26,5.83,4.18,5.17,0.0,2.75,0.0,3.3,0.0,9.46,95.04,69.3,415.91,134.75,279.07,727.76
81.1243,136.4,124.08,158.07,8.25,6.93,5.17,4.29,2.75,0.0,0.0,0.0,9.46,74.91,55.77,387.53,131.56,445.94,659.23
81.1343,127.6,166.1,215.27,48.4,11.11,7.81,4.29,6.82,0.0,0.0,2.86,12.65,59.51,44.99,331.21,128.37,587.4,579.59
81.1443,125.84,173.03,249.26,63.69,25.08,18.26,17.38,16.5,0.0,0.0,0.0,11.11,52.91,36.74,225.28,134.75,689.04,460.79
81.1543,125.84,169.51,272.47,65.12,36.19,31.46,44.88,20.68,0.0,0.0,0.0,12.65,39.71,29.59,120.89,134.75,766.15,337.59
81.1643,125.84,169.51,283.25,70.84,41.8,43.23,71.28,23.43,0.0,0.0,0.0,7.92,33.11,24.86,62.37,112.42,829.18,240.68
81.1743,127.6,171.27,292.6,69.41,45.98,51.15,93.61,26.18,0.0,0.0,0.0,7.92,26.4,16.61,37.18,77.11,877.8,165.22
81.1843,131.12,173.03,301.95,69.41,48.73,57.86,108.57,28.93,0.0,0.0,0.0,6.27,19.8,14.19,27.5,57.2,919.6,124.96
81.1943,134.64,176.55,305.69,69.41,52.91,60.72,117.81,30.36,0.0,0.0,0.0,4.73,14.85,9.46,22.0,46.86,948.09,97.9
81.2043,138.16,178.31,307.56,69.41,52.91,62.15,121.11,31.68,0.0,0.0,0.0,3.08,8.25,8.25,16.5,29.26,961.29,65.34
81.2143,141.57,180.07,309.43,69.41,51.48,62.15,125.84,31.68,0.0,0.0,0.0,3.08,4.95,5.83,12.32,16.06,971.63,42.24
81.2243,145.09,183.59,309.43,69.41,55.77,63.58,129.14,31.68,0.0,0.0,0.0,3.08,4.95,3.52,9.57,5.83,987.69,26.95
81.2343,143.33,183.59,305.69,67.98,52.91,63.58,129.14,33.11,0.0,0.0,0.0,3.08,4.95,3.52,8.25,5.83,979.33,25.63
81.2443,143.33,183.59,301.95,70.84,54.34,64.9,130.68,31.68,0.0,0.0,0.0,3.08,0.0,2.31,8.25,7.26,981.31,20.9
81.2543,138.16,180.07,294.47,72.27,52.91,63.58,127.49,30.36,0.0,0.0,0.0,3.08,0.0,3.52,6.82,5.83,959.31,19.25
81.2643,132.88,176.55,285.12,73.7,52.91,64.9,129.14,31.68,0.0,0.0,0.0,0.0,0.0,2.31,6.82,5.83,946.88,14.96
81.2743,124.19,169.51,274.23,73.7,52.91,64.9,127.49,30.36,0.0,0.0,0.0,0.0,0.0,0.0,6.82,4.4,917.29,11.22
81.2843,117.15,166.1,261.69,75.13,54.34,66.33,129.14,31.68,0.0,0.0,0.0,0.0,0.0,2.31,5.5,4.4,901.56,12.21
81.2943,106.7,157.63,249.26,76.56,54.34,66.33,127.49,31.68,0.0,0.0,0.0,0.0,0.0,2.31,5.5,4.4,869.99,12.21
81.3043,96.36,152.68,235.07,79.42,54.34,69.19,127.49,31.68,0.0,0.0,0.0,0.0,0.0,2.31,4.07,2.86,846.23,9.24
81.3143,87.78,144.21,220.77,82.28,54.34,70.62,130.68,30.36,0.0,0.0,0.0,0.0,0.0,2.31,4.07,4.4,821.04,10.78
81.3243,79.2,137.5,208.01,86.57,55.77,74.8,132.33,34.43,0.0,0.0,0.0,0.0,0.0,2.31,2.75,4.4,808.61,9.46
81.3343,72.27,129.14,195.14,89.43,55.77,77.66,135.52,34.43,0.0,0.0,0.0,0.0,0.0,0.0,2.75,4.4,789.36,7.15
81.3443,67.1,125.84,182.38,93.72,55.77,79.09,137.17,34.43,0.0,0.0,0.0,0.0,0.0,2.31,4.07,4.4,775.5,10.78
81.3543,61.93,119.13,173.25,96.58,57.2,80.52,142.01,37.18,0.0,0.0,0.0,0.0,0.0,0.0,5.5,0.0,767.8,5.5
81.3643,56.76,112.42,166.32,99.44,60.17,84.7,146.85,39.93,0.0,0.0,0.0,0.0,0.0,0.0,4.07,2.86,766.59,6.93
81.3743,55.11,105.82,158.07,103.73,64.57,86.13,153.23,41.36,0.0,0.0,0.0,0.0,0.0,0.0,0.0,2.86,768.02,2.86
81.3843,51.59,99.22,151.47,103.73,64.57,88.99,159.72,45.54,0.0,0.0,0.0,0.0,0.0,2.31,0.0,2.86,764.83,5.17
81.3943,49.94,92.73,143.33,108.02,68.97,93.17,169.29,49.61,0.0,0.0,0.0,0.0,0.0,0.0,2.75,2.86,775.06,5.61
81.4043,46.42,84.48,136.73,110.88,74.8,94.6,181.28,53.79,0.0,0.0,0.0,0.0,0.0,0.0,0.0,2.86,782.98,2.86
81.4143,44.77,76.34,126.94,113.96,77.77,98.89,191.84,57.97,0.0,0.0,0.0,0.0,0.0,0.0,2.75,2.86,788.48,5.61
81.4243,43.01,71.39,118.69,117.04,82.17,103.07,204.05,65.34,0.0,0.0,0.0,0.0,0.0,0.0,2.75,0.0,804.76,2.75
81.4343,39.6,64.9,109.12,120.12,88.11,107.36,218.13,69.85,0.0,0.0,0.0,0.0,0.0,0.0,0.0,2.86,817.19,2.86
81.4443,36.08,56.65,98.23,124.74,89.54,108.79,230.12,78.76,0.0,0.0,0.0,0.0,0.0,0.0,0.0,0.0,822.91,0.0
81.4543,34.43,46.97,88.88,126.28,96.91,114.62,242.11,87.78,0.0,0.0,0.0,0.0,0.0,0.0,0.0,4.4,837.98,4.4
81.4643,32.67,38.83,76.45,127.82,101.31,117.7,257.4,93.72,0.0,0.0,0.0,0.0,0.0,0.0,0.0,2.86,845.9,2.86
81.4743,29.26,30.69,60.94,130.9,107.25,122.32,272.69,105.6,0.0,0.0,0.0,0.0,0.0,0.0,2.75,4.4,859.65,7.15
81.4843,27.5,24.31,46.86,127.82,110.22,123.86,286.11,113.19,0.0,0.0,0.0,0.0,0.0,0.0,0.0,2.86,859.87,2.86
81.4943,25.74,17.82,34.43,126.28,115.28,125.4,302.72,123.97,0.0,0.0,0.0,0.0,0.0,0.0,2.75,0.0,871.64,2.75
81.5043,24.09,12.87,22.0,121.66,120.45,126.94,314.38,131.67,0.0,0.0,0.0,0.0,0.0,0.0,0.0,2.86,874.06,2.86
81.5143,20.57,11.33,17.93,117.04,120.45,130.02,329.34,140.91,0.0,0.0,0.0,0.0,0.0,0.0,0.0,0.0,887.59,0.0
81.5243,17.16,9.68,12.43,112.42,122.1,128.48,343.42,148.72,0.0,0.0,0.0,0.0,0.0,0.0,0.0,0.0,894.41,0.0
81.5343,13.75,8.03,11.0,105.16,122.1,131.45,356.18,157.96,0.0,0.0,0.0,0.0,0.0,0.0,0.0,2.86,905.63,2.86
81.5443,8.58,8.03,9.57,99.44,118.69,132.99,372.46,167.2,0.0,0.0,0.0,0.0,0.0,0.0,2.75,4.4,916.96,7.15
81.5543,3.41,6.38,8.25,89.43,118.69,134.53,383.35,178.97,0.0,0.0,0.0,0.0,0.0,0.0,0.0,2.86,923.01,2.86
81.5643,0.0,4.84,5.5,77.99,113.63,132.99,401.5,187.66,0.0,0.0,0.0,0.0,0.0,0.0,0.0,0.0,924.11,0.0
81.5743,0.0,3.19,5.5,67.98,111.87,132.99,414.15,201.52,0.0,0.0,0.0,0.0,0.0,0.0,0.0,2.86,937.2,2.86
81.5843,0.0,4.84,4.07,55.55,104.28,134.53,426.8,210.21,0.0,0.0,0.0,0.0,0.0,0.0,0.0,2.86,940.28,2.86
81.5943,0.0,3.19,4.07,47.3,96.91,132.99,437.69,220.55,2.42,0.0,0.0,0.0,0.0,0.0,0.0,0.0,942.7,2.42
81.6043,0.0,3.19,4.07,37.84,88.11,130.02,450.34,227.48,3.63,0.0,0.0,0.0,0.0,0.0,0.0,2.86,941.05,6.49
81.6143,0.0,3.19,2.75,27.17,79.31,125.4,459.36,234.3,6.16,0.0,0.0,0.0,0.0,0.0,0.0,0.0,931.48,6.16
81.6243,0.0,3.19,5.5,18.92,67.54,119.24,466.62,234.3,13.53,0.0,0.0,0.0,0.0,0.0,0.0,0.0,915.31,13.53
81.6343,0.0,3.19,5.5,11.77,52.91,108.79,472.01,237.71,24.64,0.0,0.0,0.0,0.0,0.0,0.0,0.0,891.88,24.64
81.6443,0.0,3.19,5.5,8.25,40.37,100.32,473.88,236.06,35.75,0.0,0.0,0.0,3.3,2.31,0.0,0.0,867.57,41.36
81.6543,0.0,3.19,5.5,5.83,30.58,87.56,464.75,227.48,51.7,0.0,0.0,0.0,4.95,3.52,0.0,2.86,824.89,63.03
81.6643,0.0,3.19,4.07,4.73,27.83,70.62,443.19,220.55,68.64,113.41,31.46,4.73,6.6,3.52,0.0,0.0,774.18,228.36
81.6743,0.0,3.19,4.07,3.52,27.83,53.79,399.63,210.21,64.57,198.11,116.05,31.79,11.55,7.04,8.25,2.86,702.24,440.22
81.6843,0.0,3.19,4.07,3.52,29.26,40.59,321.09,198.0,64.57,242.77,173.03,81.07,33.11,10.67,11.0,11.66,599.72,627.88
81.6943,0.0,3.19,2.75,3.52,26.4,28.82,207.57,189.42,71.28,251.68,225.28,92.95,49.61,14.19,13.75,14.63,461.67,733.37
81.7043,0.0,3.19,4.07,0.0,22.22,26.18,110.0,172.04,76.67,251.68,246.73,99.0,59.51,16.61,23.43,19.03,337.7,792.66
81.7143,0.0,4.84,2.75,2.31,20.9,23.54,56.43,136.29,75.35,251.68,253.33,103.4,61.05,21.34,34.43,22.0,247.06,822.58
81.7243,0.0,3.19,4.07,0.0,15.29,18.26,41.91,90.75,74.03,255.2,253.33,106.37,67.21,26.07,42.68,24.86,173.47,849.75
81.7343,0.0,3.19,2.75,0.0,12.54,14.41,30.36,62.37,72.6,258.72,250.03,112.42,65.67,30.8,49.61,23.43,125.62,863.28
81.7443,0.0,3.19,2.75,0.0,8.36,10.45,20.24,34.43,72.6,262.24,245.08,118.69,67.21,32.01,53.79,27.83,79.42,879.45
81.7543,0.0,3.19,0.0,0.0,5.5,5.17,15.84,15.18,72.6,267.52,240.13,123.42,67.21,36.74,56.54,26.4,44.88,890.56
81.7643,0.0,3.19,0.0,0.0,2.75,5.17,11.55,6.82,72.6,272.8,236.83,128.15,67.21,37.95,57.97,27.83,29.48,901.34
81.7743,0.0,0.0,0.0,0.0,0.0,3.85,8.69,4.07,71.28,274.56,230.23,131.34,70.29,37.95,60.94,26.4,16.61,902.99
81.7843,0.0,0.0,0.0,0.0,2.75,3.85,8.69,0.0,68.64,274.56,223.63,134.42,71.83,41.47,63.91,29.26,15.29,907.72
81.7943,0.0,0.0,0.0,0.0,2.75,0.0,5.72,2.75,63.25,269.28,215.38,139.15,74.91,43.89,72.82,29.26,11.22,907.94
81.8043,0.0,0.0,2.75,0.0,0.0,2.53,7.15,2.75,59.29,262.24,207.24,142.34,76.45,46.2,77.33,30.8,15.18,901.89
81.8143,0.0,0.0,2.75,0.0,0.0,2.53,5.72,2.75,53.02,251.68,199.1,143.99,79.64,49.83,87.78,30.8,13.75,895.84
81.8243,0.0,3.19,0.0,0.0,0.0,2.53,5.72,0.0,48.07,239.25,189.31,145.53,81.18,52.14,93.72,32.23,11.44,881.43
81.8343,0.0,0.0,0.0,0.0,0.0,0.0,5.72,0.0,41.91,226.93,176.33,145.53,85.8,55.77,99.66,32.23,5.72,864.16
81.8443,0.0,0.0,0.0,0.0,0.0,2.53,2.86,0.0,36.96,209.88,166.65,143.99,85.8,60.28,105.71,33.66,5.39,842.93
81.8543,0.0,0.0,0.0,0.0,0.0,2.53,4.29,0.0,33.22,198.11,155.87,148.72,90.42,61.71,113.19,35.2,6.82,836.44
81.8643,0.0,3.19,0.0,0.0,0.0,2.53,4.29,0.0,30.8,184.58,143.66,148.72,93.5,64.79,117.81,36.63,10.01,820.49
81.8743,0.0,0.0,0.0,0.0,0.0,0.0,4.29,0.0,29.59,176.11,134.42,148.72,95.04,67.76,123.97,36.63,4.29,812.24
81.8843,0.0,0.0,0.0,0.0,0.0,0.0,2.86,0.0,28.27,164.45,125.29,150.26,98.23,70.84,128.59,36.63,2.86,802.56
81.8943,0.0,0.0,0.0,0.0,0.0,2.53,0.0,0.0,25.85,154.55,116.05,151.8,101.31,72.27,136.18,38.06,2.53,796.07
81.9043,0.0,0.0,0.0,0.0,0.0,0.0,0.0,0.0,24.64,144.65,106.81,153.45,102.85,76.78,142.34,39.6,0.0,791.12
81.9143,0.0,0.0,2.75,0.0,0.0,0.0,2.86,0.0,23.43,136.51,99.0,153.45,107.47,81.4,145.42,39.6,5.61,786.28
81.9243,0.0,0.0,0.0,0.0,0.0,0.0,0.0,0.0,22.11,128.26,89.76,156.53,110.55,82.83,153.01,41.03,0.0,784.08
81.9343,0.0,0.0,0.0,0.0,0.0,0.0,0.0,0.0,20.9,118.36,78.87,159.72,112.09,85.91,159.17,42.46,0.0,777.48
81.9443,0.0,0.0,0.0,0.0,0.0,0.0,0.0,0.0,19.69,108.68,72.71,161.26,118.47,87.34,165.33,42.46,0.0,775.94
81.9543,0.0,0.0,0.0,0.0,0.0,0.0,0.0,0.0,18.48,97.9,63.36,162.91,123.31,90.42,175.01,39.6,0.0,770.99
81.9643,0.0,0.0,0.0,0.0,0.0,0.0,0.0,0.0,17.16,87.12,54.34,162.91,124.96,94.93,186.34,45.43,0.0,773.19
81.9743,0.0,0.0,0.0,0.0,0.0,0.0,0.0,0.0,15.95,74.8,45.76,166.1,128.15,99.44,197.67,46.86,0.0,774.73
81.9843,0.0,0.0,0.0,0.0,0.0,0.0,0.0,0.0,15.95,64.02,37.18,164.45,134.64,102.52,209.0,45.43,0.0,773.19
81.9943,0.0,0.0,0.0,0.0,0.0,0.0,0.0,0.0,14.74,51.15,28.6,162.91,141.13,105.49,215.49,49.83,0.0,769.34
82.0043,0.0,0.0,0.0,0.0,0.0,0.0,0.0,0.0,14.74,41.25,21.45,161.26,142.78,108.46,231.99,51.26,0.0,773.19
82.0143,0.0,0.0,0.0,0.0,0.0,0.0,0.0,0.0,14.74,31.35,15.73,158.18,145.97,108.46,245.74,55.77,0.0,775.94
82.0243,0.0,0.0,0.0,0.0,0.0,0.0,0.0,0.0,13.53,19.8,11.44,153.45,150.92,111.54,254.43,57.2,0.0,772.31
82.0343,0.0,0.0,0.0,0.0,0.0,0.0,0.0,0.0,9.79,14.85,10.01,147.07,152.46,111.54,269.83,61.82,0.0,777.37
82.0443,0.0,0.0,0.0,0.0,0.0,0.0,0.0,0.0,8.58,14.85,8.58,136.07,154.11,111.54,285.23,66.44,0.0,785.4
82.0543,0.0,0.0,2.75,0.0,0.0,0.0,0.0,0.0,4.84,11.55,7.15,129.69,155.76,114.73,298.87,71.06,2.75,793.65
82.0643,0.0,0.0,2.75,0.0,0.0,0.0,0.0,0.0,3.63,8.25,7.15,120.23,157.41,116.49,315.92,80.19,2.75,809.27
82.0743,0.0,0.0,0.0,0.0,0.0,0.0,0.0,0.0,3.63,8.25,4.29,112.42,158.95,114.73,331.21,87.89,0.0,821.37
82.0843,0.0,0.0,0.0,0.0,0.0,0.0,0.0,0.0,2.42,6.6,4.29,101.97,160.6,116.49,350.02,97.02,0.0,839.41
82.0943,0.0,0.0,0.0,0.0,0.0,0.0,0.0,0.0,0.0,3.3,2.86,92.95,162.25,116.49,363.66,103.18,0.0,844.69
82.1043,0.0,0.0,0.0,0.0,0.0,0.0,0.0,0.0,0.0,6.6,4.29,81.07,158.95,116.49,378.95,110.88,0.0,857.23
82.1143,3.41,0.0,0.0,0.0,0.0,0.0,0.0,0.0,0.0,3.3,0.0,69.08,160.6,118.25,394.46,118.8,3.41,864.49
82.1243,5.06,0.0,0.0,2.31,0.0,0.0,0.0,0.0,0.0,4.95,2.86,58.74,157.41,118.25,405.24,121.99,7.37,869.44
82.1343,11.99,0.0,0.0,2.31,0.0,0.0,0.0,0.0,0.0,3.3,2.86,49.39,152.46,116.49,417.78,129.91,14.3,872.19
82.1442,29.26,0.0,0.0,3.52,2.75,0.0,0.0,0.0,0.0,0.0,0.0,39.82,150.92,113.08,428.45,134.75,35.53,867.02
82.1542,49.94,0.0,0.0,2.31,2.75,0.0,2.86,0.0,0.0,3.3,2.86,30.25,144.43,111.54,435.6,136.29,57.86,864.27
82.1642,74.03,0.0,0.0,4.73,4.18,2.53,0.0,0.0,0.0,0.0,0.0,22.22,137.94,107.03,440.99,134.75,85.47,842.93
82.1742,94.71,0.0,0.0,3.52,5.5,2.53,2.86,0.0,0.0,3.3,2.86,14.3,126.61,97.9,442.75,134.75,109.12,822.47
82.1842,118.91,14.52,44.11,5.83,5.5,3.85,2.86,0.0,0.0,3.3,2.86,11.11,116.82,87.34,440.99,137.94,195.58,800.36
82.1942,120.67,77.99,104.5,5.83,5.5,5.17,2.86,2.75,0.0,3.3,0.0,11.11,99.77,73.81,424.93,134.75,325.27,747.67
82.2042,111.87,119.13,146.63,27.17,6.93,6.49,5.72,4.07,0.0,3.3,0.0,9.46,82.72,64.79,398.09,128.37,428.01,686.73
82.2142,103.29,140.91,176.88,44.88,15.29,7.81,7.15,6.82,0.0,3.3,2.86,9.46,61.05,50.93,365.31,125.18,503.03,618.09
82.2242,99.88,140.91,200.64,55.55,29.26,19.58,18.81,15.18,0.0,0.0,0.0,14.3,54.56,42.68,283.58,128.37,579.81,523.49
82.2342,101.53,142.56,218.9,59.4,33.44,34.1,41.91,17.93,0.0,0.0,0.0,14.3,41.36,33.22,165.33,134.75,649.77,388.96
82.2442,105.05,149.27,233.31,62.26,38.94,44.55,65.34,22.0,0.0,0.0,0.0,11.11,33.11,26.07,90.75,125.18,720.72,286.22
82.2542,110.22,152.68,247.5,60.83,44.55,52.47,86.13,23.43,0.0,3.3,0.0,7.92,29.81,22.44,42.68,92.51,777.81,198.66
82.2642,117.15,157.63,261.69,60.83,45.98,56.43,99.55,26.18,0.0,0.0,0.0,9.46,24.75,16.61,33.11,61.82,825.44,145.75
82.2742,122.43,161.04,270.6,60.83,50.16,59.29,107.03,27.5,0.0,0.0,0.0,6.27,18.15,10.67,24.75,51.26,858.88,111.1
82.2842,127.6,166.1,274.23,60.83,51.48,62.15,114.62,28.93,0.0,0.0,0.0,4.73,13.2,9.46,17.93,36.63,885.94,81.95
82.2942,132.88,169.51,281.38,62.26,51.48,62.15,119.46,28.93,0.0,0.0,0.0,3.08,9.9,8.25,15.18,22.0,908.05,58.41
82.3042,138.16,173.03,286.99,62.26,52.91,63.58,122.65,30.36,0.0,0.0,0.0,0.0,4.95,4.73,11.0,7.26,929.94,27.94
82.3142,141.57,173.03,288.86,63.69,52.91,66.33,125.84,30.36,0.0,0.0,0.0,3.08,4.95,4.73,8.25,7.26,942.59,28.27
82.3242,141.57,176.55,286.99,65.12,52.91,64.9,127.49,30.36,0.0,0.0,0.0,4.73,4.95,4.73,8.25,7.26,945.89,29.92
82.3342,139.92,174.79,285.12,63.69,55.77,67.76,129.14,33.11,0.0,0.0,0.0,0.0,3.3,3.52,8.25,7.26,949.3,22.33
82.3442,136.4,171.27,281.38,63.69,57.2,67.76,132.33,33.11,0.0,0.0,0.0,0.0,3.3,2.31,6.82,5.83,943.14,18.26
82.3542,131.12,166.1,274.23,62.26,57.2,70.62,133.98,33.11,0.0,0.0,0.0,0.0,3.3,2.31,5.5,5.83,928.62,16.94
82.3642,125.84,162.69,263.56,65.12,55.77,72.05,137.17,34.43,0.0,0.0,0.0,0.0,3.3,3.52,5.5,4.4,916.63,16.72
82.3742,117.15,155.98,256.41,65.12,57.2,72.05,137.17,34.43,0.0,0.0,0.0,0.0,0.0,2.31,5.5,2.86,895.51,10.67
82.3842,108.46,150.92,242.11,67.98,57.2,74.8,137.17,35.86,0.0,0.0,0.0,0.0,0.0,2.31,5.5,4.4,874.5,12.21
82.3942,99.88,142.56,231.44,69.41,55.77,76.23,138.71,35.86,0.0,0.0,0.0,0.0,0.0,2.31,5.5,4.4,849.86,12.21
82.4042,92.95,135.85,218.9,72.27,58.63,74.8,138.71,37.18,0.0,0.0,0.0,0.0,3.3,2.31,4.07,2.86,829.29,12.54
82.4142,82.61,130.79,206.14,76.56,58.63,79.09,142.01,37.18,0.0,0.0,0.0,0.0,0.0,2.31,5.5,0.0,813.01,7.81
82.4242,75.68,124.08,193.38,79.42,60.17,83.38,143.55,39.93,0.0,0.0,0.0,3.08,0.0,0.0,2.75,2.86,799.59,8.69
82.4342,68.86,117.37,178.75,83.71,61.6,83.38,146.85,41.36,0.0,0.0,0.0,0.0,0.0,0.0,4.07,2.86,781.88,6.93
82.4442,61.93,110.77,169.62,88.0,61.6,87.56,153.23,42.68,0.0,0.0,0.0,0.0,0.0,0.0,0.0,2.86,775.39,2.86
82.4542,58.52,100.87,158.07,90.86,64.57,90.42,161.26,46.86,0.0,0.0,0.0,0.0,0.0,0.0,0.0,0.0,771.43,0.0
82.4642,55.11,96.03,151.47,95.15,68.97,93.17,167.75,49.61,0.0,0.0,0.0,0.0,0.0,0.0,0.0,0.0,777.26,0.0
82.4742,51.59,89.43,143.33,98.01,71.94,94.6,174.24,53.79,0.0,0.0,0.0,0.0,0.0,0.0,2.75,2.86,776.93,5.61
82.4842,48.18,84.48,133.43,102.3,77.77,100.32,186.56,59.4,0.0,0.0,0.0,0.0,0.0,0.0,0.0,2.86,792.44,2.86
82.4942,46.42,76.34,125.29,106.59,79.31,104.5,197.12,63.91,0.0,0.0,0.0,0.0,0.0,2.31,0.0,2.86,799.48,5.17
82.5042,43.01,68.2,115.39,108.02,85.14,107.36,209.33,69.85,0.0,0.0,0.0,0.0,0.0,0.0,2.75,4.4,806.3,7.15
82.5142,39.6,59.95,106.04,110.88,89.54,110.22,219.89,75.79,0.0,0.0,0.0,0.0,0.0,0.0,0.0,2.86,811.91,2.86
82.5242,37.84,50.16,96.69,115.5,92.51,114.62,231.88,83.27,0.0,0.0,0.0,0.0,0.0,0.0,0.0,2.86,822.47,2.86
82.5342,34.43,43.67,85.8,117.04,96.91,116.16,245.52,89.21,0.0,0.0,0.0,0.0,0.0,0.0,0.0,2.86,828.74,2.86
82.5442,32.67,35.64,74.91,118.58,101.31,122.32,259.05,96.69,0.0,0.0,0.0,0.0,0.0,0.0,2.75,2.86,841.17,5.61
82.5542,30.91,29.15,60.94,120.12,107.25,123.86,274.45,105.6,0.0,0.0,0.0,0.0,0.0,2.31,0.0,2.86,852.28,5.17
82.5642,27.5,22.66,46.86,121.66,111.87,126.94,286.11,114.73,0.0,0.0,0.0,0.0,0.0,0.0,0.0,2.86,858.33,2.86
82.5742,25.74,16.17,34.43,118.58,115.28,131.45,297.77,122.43,0.0,0.0,0.0,0.0,0.0,0.0,2.75,2.86,861.85,5.61
82.5842,24.09,12.87,22.0,117.04,120.45,130.02,311.08,128.59,0.0,0.0,0.0,0.0,0.0,0.0,0.0,0.0,866.14,0.0
82.5942,22.33,11.33,17.93,109.45,122.1,132.99,324.39,139.37,0.0,0.0,0.0,0.0,0.0,0.0,0.0,2.86,879.89,2.86
82.6042,18.92,9.68,13.75,105.16,120.45,131.45,336.16,147.18,0.0,0.0,0.0,0.0,0.0,0.0,0.0,2.86,882.75,2.86
82.6142,13.75,8.03,11.0,96.58,122.1,134.53,354.31,156.42,0.0,0.0,0.0,0.0,0.0,0.0,0.0,2.86,896.72,2.86
82.6242,10.23,8.03,9.57,90.86,122.1,136.07,367.07,164.12,0.0,0.0,0.0,0.0,0.0,0.0,0.0,2.86,908.05,2.86
82.6342,3.41,4.84,8.25,80.85,120.45,134.53,381.59,177.21,0.0,0.0,0.0,0.0,0.0,0.0,0.0,0.0,911.13,0.0
82.6442,0.0,4.84,5.5,70.84,120.45,137.61,397.87,187.66,0.0,0.0,0.0,0.0,0.0,2.31,0.0,2.86,924.77,5.17
82.6542,0.0,3.19,5.5,59.4,115.28,136.07,410.52,196.35,0.0,0.0,0.0,0.0,0.0,0.0,0.0,2.86,926.31,2.86
82.6642,0.0,3.19,5.5,50.82,107.25,137.61,423.17,210.21,0.0,0.0,0.0,0.0,0.0,0.0,0.0,2.86,937.75,2.86
82.6742,0.0,4.84,4.07,43.67,102.85,137.61,434.06,218.79,0.0,0.0,0.0,0.0,0.0,0.0,0.0,0.0,945.89,0.0
82.6842,0.0,3.19,5.5,34.21,93.94,134.53,444.95,227.48,2.42,0.0,0.0,0.0,0.0,0.0,0.0,2.86,943.8,5.28
82.6942,0.0,3.19,5.5,24.75,83.71,130.02,455.73,234.3,3.63,0.0,0.0,0.0,0.0,0.0,0.0,0.0,937.2,3.63
82.7042,0.0,0.0,4.07,17.71,74.8,123.86,466.62,236.06,7.37,0.0,0.0,0.0,0.0,0.0,0.0,0.0,923.12,7.37
82.7142,0.0,3.19,5.5,9.46,60.17,117.7,470.25,239.47,17.16,0.0,0.0,3.08,0.0,2.31,0.0,0.0,905.74,22.55
82.7242,0.0,4.84,2.75,7.04,48.73,105.93,475.64,237.71,33.22,0.0,0.0,0.0,0.0,2.31,0.0,0.0,882.64,35.53
82.7342,0.0,3.19,4.07,5.83,34.76,91.85,470.25,234.3,49.28,0.0,0.0,4.73,0.0,3.52,2.75,2.86,844.25,63.14
82.7442,0.0,0.0,4.07,5.83,27.83,76.23,450.34,225.72,68.64,68.64,5.72,0.0,6.6,4.73,2.75,2.86,790.02,159.94
82.7542,0.0,3.19,4.07,4.73,29.26,59.29,415.91,213.62,83.38,169.4,83.49,9.46,9.9,4.73,4.07,0.0,730.07,364.43
82.7642,0.0,3.19,4.07,2.31,27.83,44.55,345.29,199.76,77.99,226.93,152.79,60.17,19.8,8.25,5.5,5.83,627.0,557.26
82.7742,0.0,3.19,4.07,3.52,26.4,34.1,235.29,189.42,80.74,246.29,208.89,87.01,34.76,12.98,8.25,13.2,495.99,692.12
82.7842,0.0,3.19,4.07,3.52,23.65,26.18,125.84,177.21,86.02,251.68,241.78,99.0,54.56,12.98,13.75,16.06,363.66,775.83
82.7942,0.0,3.19,4.07,0.0,20.9,23.54,63.8,147.18,87.34,249.81,259.93,104.94,61.05,16.61,23.43,19.03,262.68,822.14
82.8042,0.0,3.19,4.07,0.0,16.72,20.9,44.88,98.12,87.34,249.81,264.88,107.91,67.21,22.44,33.11,23.43,187.88,856.13
82.8142,0.0,3.19,2.75,0.0,13.86,15.73,30.36,66.88,86.02,251.68,263.23,115.5,68.75,28.38,41.36,22.0,132.77,876.92
82.8242,0.0,0.0,2.75,0.0,8.36,10.45,23.1,39.93,84.7,256.96,258.28,120.23,71.83,32.01,49.61,24.86,84.59,898.48
82.8342,0.0,0.0,2.75,0.0,4.18,7.81,17.38,17.93,83.38,262.24,253.33,128.15,73.37,34.32,55.11,26.4,50.05,916.3
82.8442,0.0,0.0,0.0,0.0,4.18,5.17,11.55,6.82,83.38,265.76,243.43,132.88,74.91,39.05,60.94,27.83,27.72,928.18
82.8542,0.0,0.0,0.0,0.0,2.75,2.53,8.69,2.75,80.74,272.8,235.18,139.15,76.45,40.26,63.91,27.83,16.72,936.32
82.8642,0.0,0.0,0.0,0.0,0.0,2.53,8.69,2.75,76.67,272.8,226.93,145.53,78.1,42.68,66.88,29.26,13.97,938.85
82.8742,0.0,0.0,0.0,0.0,0.0,2.53,7.15,0.0,72.6,269.28,217.03,147.07,76.45,44.99,69.85,27.83,9.68,925.1
82.8842,0.0,0.0,2.75,0.0,0.0,0.0,5.72,0.0,66.0,262.24,203.94,153.45,81.18,47.41,72.82,29.26,8.47,916.3
82.8942,0.0,3.19,0.0,0.0,0.0,0.0,5.72,2.75,59.29,253.44,194.26,154.99,84.26,49.83,77.33,30.8,11.66,904.2
82.9042,0.0,0.0,0.0,0.0,0.0,2.53,7.15,0.0,51.7,241.01,182.82,161.26,85.8,52.14,78.76,30.8,9.68,884.29
82.9142,0.0,0.0,2.75,0.0,2.75,0.0,5.72,0.0,46.86,228.69,169.73,162.91,87.34,53.35,86.24,30.8,11.22,865.92
82.9242,0.0,0.0,2.75,0.0,0.0,0.0,2.86,0.0,41.91,216.59,157.41,162.91,91.96,57.2,89.21,30.8,5.61,847.99
82.9342,0.0,3.19,0.0,0.0,0.0,0.0,2.86,0.0,38.17,208.23,148.28,167.75,91.96,57.2,92.29,30.8,6.05,834.68
82.9442,0.0,0.0,0.0,0.0,0.0,0.0,4.29,0.0,34.43,193.05,137.5,171.27,95.04,60.28,98.23,30.8,4.29,820.6
82.9542,0.0,0.0,2.75,0.0,0.0,2.53,4.29,0.0,32.01,186.23,125.29,178.09,96.69,63.25,101.2,30.8,9.57,813.56
82.9642,0.0,0.0,0.0,0.0,0.0,0.0,2.86,0.0,29.59,172.81,114.51,181.61,98.23,66.22,102.74,33.66,2.86,799.37
82.9742,0.0,0.0,0.0,0.0,0.0,0.0,2.86,0.0,28.27,161.15,103.73,186.78,99.77,69.3,107.14,35.2,2.86,791.34
82.9842,0.0,0.0,0.0,0.0,0.0,0.0,2.86,0.0,25.85,151.25,92.84,190.19,102.85,72.27,110.22,33.66,2.86,779.13
82.9942,0.0,0.0,0.0,0.0,0.0,0.0,2.86,0.0,24.64,141.35,81.95,193.71,105.93,75.35,114.73,35.2,2.86,772.86
83.0042,0.0,0.0,0.0,0.0,0.0,0.0,0.0,0.0,23.43,129.91,72.71,198.88,107.47,78.32,119.35,33.66,0.0,763.73
83.0142,0.0,0.0,0.0,0.0,0.0,0.0,0.0,0.0,20.9,118.36,64.9,204.05,112.09,82.83,123.97,38.06,0.0,765.16
83.0242,0.0,0.0,0.0,0.0,0.0,0.0,0.0,0.0,20.9,108.68,57.2,202.29,113.63,85.91,131.56,38.06,0.0,758.23
83.0342,0.0,0.0,0.0,0.0,0.0,0.0,0.0,0.0,18.48,96.36,50.05,209.22,120.12,88.88,140.8,39.6,0.0,763.51
83.0442,0.0,0.0,0.0,0.0,0.0,0.0,0.0,0.0,18.48,85.58,44.33,209.22,121.66,91.96,148.39,41.03,0.0,760.65
83.0542,0.0,0.0,0.0,0.0,0.0,0.0,0.0,0.0,17.16,73.26,37.18,210.98,129.8,96.47,159.17,41.03,0.0,765.05
83.0642,0.0,0.0,0.0,0.0,0.0,0.0,0.0,0.0,15.95,64.02,31.46,209.22,129.8,99.44,170.17,42.46,0.0,762.52
83.0742,0.0,0.0,0.0,0.0,0.0,0.0,0.0,0.0,15.95,52.8,22.88,207.46,136.29,103.95,179.85,42.46,0.0,761.64
83.0842,0.0,0.0,0.0,0.0,0.0,0.0,0.0,0.0,14.74,42.9,18.59,204.05,139.59,105.49,196.02,44.0,0.0,765.38
83.0942,0.0,0.0,0.0,0.0,0.0,0.0,0.0,0.0,14.74,33.0,14.3,197.12,142.78,110.0,212.3,46.86,0.0,771.1
83.1042,0.0,0.0,0.0,0.0,0.0,0.0,0.0,0.0,14.74,24.75,11.44,186.78,145.97,111.54,228.58,48.4,0.0,772.2
83.1142,0.0,0.0,0.0,0.0,0.0,0.0,0.0,0.0,11.0,18.15,8.58,176.44,145.97,116.49,244.09,49.83,0.0,770.55
83.1242,0.0,0.0,0.0,0.0,0.0,0.0,0.0,0.0,7.37,13.2,7.15,166.1,145.97,118.25,261.25,57.2,0.0,776.49
83.1342,0.0,0.0,2.75,0.0,0.0,0.0,0.0,0.0,6.16,13.2,5.72,156.53,150.92,120.01,275.0,60.28,2.75,787.82
83.1442,0.0,0.0,0.0,0.0,0.0,0.0,0.0,0.0,4.84,11.55,5.72,147.07,152.46,121.77,290.4,66.44,0.0,800.25
83.1542,0.0,0.0,2.75,0.0,0.0,0.0,0.0,0.0,3.63,8.25,4.29,139.15,152.46,123.42,307.34,74.14,2.75,812.68
83.1642,0.0,0.0,0.0,0.0,0.0,0.0,0.0,0.0,2.42,6.6,4.29,128.15,157.41,126.94,327.8,83.27,0.0,836.88
83.1742,0.0,0.0,0.0,0.0,0.0,0.0,0.0,0.0,2.42,6.6,4.29,113.96,158.95,130.46,343.2,87.89,0.0,847.77
83.1842,0.0,0.0,2.75,0.0,0.0,0.0,0.0,0.0,0.0,4.95,4.29,104.94,157.41,128.7,361.9,98.56,2.75,860.75
83.1942,0.0,0.0,2.75,0.0,0.0,0.0,0.0,0.0,0.0,3.3,2.86,92.95,155.76,132.22,378.95,107.8,2.75,873.84
83.2042,0.0,0.0,0.0,0.0,0.0,0.0,0.0,0.0,0.0,4.95,2.86,82.5,155.76,132.22,387.53,110.88,0.0,876.7
83.2142,0.0,0.0,0.0,0.0,0.0,0.0,0.0,0.0,0.0,4.95,0.0,72.16,152.46,132.22,407.0,120.34,0.0,889.13
83.2242,0.0,0.0,0.0,0.0,0.0,0.0,0.0,0.0,0.0,3.3,2.86,60.17,152.46,128.7,419.54,123.53,0.0,890.56
83.2342,5.06,0.0,0.0,0.0,0.0,0.0,0.0,0.0,0.0,3.3,2.86,44.55,147.62,125.18,432.08,125.18,5.06,880.77
83.2442,10.23,0.0,0.0,2.31,0.0,0.0,0.0,0.0,0.0,4.95,0.0,34.98,139.59,120.01,442.75,131.56,12.54,873.84
83.2542,25.74,0.0,0.0,2.31,0.0,0.0,0.0,0.0,0.0,3.3,2.86,23.87,134.64,113.08,448.25,126.72,28.05,852.72
83.2642,55.11,0.0,0.0,0.0,2.75,2.53,0.0,0.0,0.0,0.0,0.0,14.3,126.61,100.98,446.38,129.91,60.39,818.18
83.2742,82.61,0.0,0.0,4.73,5.5,2.53,0.0,0.0,0.0,0.0,2.86,12.65,112.09,90.42,435.6,123.53,95.37,777.15
83.2842,111.87,0.0,4.07,3.52,5.5,3.85,2.86,0.0,0.0,3.3,0.0,11.11,90.42,76.78,415.91,120.34,131.67,717.86
83.2942,143.33,87.78,101.31,4.73,5.5,5.17,4.29,4.07,0.0,0.0,0.0,12.65,71.83,60.28,382.36,113.96,356.18,641.08
83.3042,139.92,162.69,175.01,18.92,6.93,6.49,4.29,2.75,0.0,0.0,0.0,14.3,56.21,49.83,322.74,113.96,517.0,557.04
83.3142,139.92,199.43,233.31,54.34,12.54,10.45,7.15,6.82,0.0,0.0,0.0,12.65,47.96,39.05,220.44,121.99,663.96,442.09
83.3242,143.33,204.71,267.08,67.98,29.26,24.86,21.67,17.93,0.0,0.0,0.0,14.3,39.71,29.59,117.81,125.18,776.82,326.59
83.3342,146.85,202.95,283.25,73.7,34.76,36.74,43.45,22.0,0.0,0.0,0.0,11.11,33.11,23.65,55.11,100.1,843.7,223.08
83.3442,145.09,202.95,288.86,73.7,40.37,45.87,63.8,23.43,0.0,0.0,0.0,7.92,26.4,18.92,37.18,67.98,884.07,158.4
83.3542,145.09,202.95,294.47,76.56,43.12,53.79,78.76,23.43,0.0,0.0,0.0,7.92,19.8,12.98,27.5,51.26,918.17,119.46
83.3642,145.09,206.47,296.34,77.99,45.98,59.29,89.21,24.75,0.0,0.0,0.0,6.27,13.2,10.67,22.0,41.03,945.12,93.17
83.3742,146.85,211.75,296.34,80.85,47.3,60.72,98.12,26.18,0.0,0.0,0.0,4.73,9.9,7.04,16.5,24.86,968.11,63.03
83.3842,148.61,213.51,294.47,80.85,48.73,62.15,102.63,27.5,0.0,0.0,0.0,3.08,8.25,7.04,11.0,11.66,978.45,41.03
83.3942,148.61,215.27,294.47,80.85,48.73,62.15,104.06,27.5,0.0,0.0,0.0,3.08,4.95,3.52,9.57,5.83,981.64,26.95
83.4042,148.61,217.03,292.6,80.85,48.73,63.58,101.09,28.93,0.0,0.0,0.0,3.08,6.6,4.73,6.82,4.4,981.42,25.63
83.4142,146.85,215.27,283.25,79.42,48.73,60.72,99.55,27.5,0.0,0.0,0.0,0.0,3.3,4.73,8.25,2.86,961.29,19.14
83.4242,145.09,213.51,277.75,77.99,45.98,60.72,98.12,27.5,0.0,0.0,0.0,4.73,0.0,3.52,8.25,5.83,946.66,22.33
83.4342,139.92,208.23,268.84,79.42,45.98,59.29,93.61,27.5,0.0,0.0,0.0,0.0,3.3,3.52,5.5,4.4,922.79,16.72
83.4442,134.64,206.47,259.93,79.42,45.98,57.86,92.18,26.18,0.0,0.0,0.0,3.08,3.3,3.52,4.07,4.4,902.66,18.37
83.4542,125.84,201.19,249.26,79.42,45.98,57.86,89.21,26.18,0.0,0.0,0.0,0.0,3.3,3.52,2.75,0.0,874.94,9.57
83.4642,118.91,194.15,240.35,79.42,44.55,56.43,89.21,23.43,0.0,0.0,0.0,3.08,0.0,0.0,6.82,2.86,846.45,12.76
83.4742,110.22,188.87,229.68,79.42,45.98,56.43,87.67,24.75,0.0,0.0,0.0,3.08,0.0,2.31,2.75,2.86,823.02,11.0
83.4842,105.05,181.83,220.77,82.28,43.12,56.43,87.67,24.75,0.0,0.0,0.0,0.0,0.0,0.0,4.07,2.86,801.9,6.93
83.4942,99.88,178.31,213.4,82.28,45.98,57.86,87.67,26.18,0.0,0.0,0.0,3.08,3.3,0.0,4.07,2.86,791.56,13.31
83.5042,94.71,173.03,206.14,85.14,45.98,56.43,89.21,26.18,0.0,0.0,0.0,0.0,0.0,2.31,2.75,0.0,776.82,5.06
83.5142,89.54,167.75,200.64,86.57,45.98,60.72,89.21,26.18,0.0,0.0,0.0,0.0,0.0,0.0,4.07,4.4,766.59,8.47
83.5242,84.37,162.69,195.14,90.86,48.73,60.72,93.61,26.18,0.0,0.0,0.0,0.0,0.0,2.31,2.75,2.86,762.3,7.92
83.5342,82.61,159.39,191.51,93.72,45.98,63.58,96.58,26.18,0.0,0.0,0.0,0.0,0.0,0.0,2.75,2.86,759.55,5.61
83.5442,77.44,154.33,186.01,96.58,50.16,67.76,101.09,27.5,0.0,0.0,0.0,0.0,0.0,0.0,2.75,4.4,760.87,7.15
83.5542,74.03,149.27,180.51,98.01,51.48,69.19,105.6,26.18,0.0,0.0,0.0,0.0,0.0,0.0,0.0,2.86,754.27,2.86
83.5642,70.51,142.56,173.25,100.87,52.91,74.8,111.54,28.93,0.0,0.0,0.0,0.0,0.0,0.0,2.75,2.86,755.37,5.61
83.5741,67.1,135.85,169.62,103.73,55.77,77.66,117.81,30.36,0.0,0.0,0.0,0.0,0.0,0.0,2.75,2.86,757.9,5.61
83.5841,61.93,129.14,164.67,105.16,58.63,81.95,127.49,31.68,0.0,0.0,0.0,0.0,0.0,0.0,2.75,2.86,760.65,5.61
83.5941,60.17,122.43,159.72,108.02,61.6,86.13,137.17,34.43,0.0,0.0,0.0,0.0,0.0,0.0,2.75,0.0,769.67,2.75
83.6041,56.76,115.72,156.42,112.42,64.57,90.42,151.58,38.61,0.0,0.0,0.0,0.0,0.0,0.0,0.0,0.0,786.5,0.0
83.6141,53.35,107.47,148.28,117.04,70.4,97.46,164.45,45.54,0.0,0.0,0.0,0.0,0.0,0.0,0.0,2.86,803.99,2.86
83.6241,49.94,96.03,140.03,121.66,76.34,101.75,177.76,52.36,0.0,0.0,0.0,0.0,0.0,0.0,0.0,2.86,815.87,2.86
83.6341,46.42,86.13,128.59,126.28,80.74,107.36,193.6,59.4,0.0,0.0,0.0,0.0,0.0,0.0,0.0,2.86,828.52,2.86
83.6441,43.01,76.34,113.85,130.9,86.57,111.65,211.09,69.85,0.0,0.0,0.0,0.0,0.0,0.0,0.0,0.0,843.26,0.0
83.6541,37.84,64.9,98.23,137.17,91.08,114.62,225.06,78.76,0.0,0.0,0.0,0.0,0.0,0.0,2.75,2.86,847.66,5.61
83.6641,34.43,55.11,85.8,140.25,98.34,120.78,240.35,89.21,0.0,0.0,0.0,0.0,0.0,0.0,0.0,0.0,864.27,0.0
83.6741,32.67,45.32,71.83,144.87,104.28,125.4,255.64,99.66,0.0,0.0,0.0,0.0,0.0,0.0,0.0,0.0,879.67,0.0
83.6841,29.26,35.64,56.54,147.95,108.68,130.02,272.69,108.57,0.0,0.0,0.0,0.0,0.0,0.0,0.0,0.0,889.35,0.0
83.6941,27.5,24.31,41.36,149.49,113.63,134.53,287.76,119.35,0.0,0.0,0.0,0.0,0.0,0.0,0.0,0.0,897.93,0.0
83.7041,25.74,17.82,26.18,146.41,118.69,137.61,306.02,130.13,0.0,0.0,0.0,0.0,0.0,0.0,0.0,0.0,908.6,0.0
83.7141,20.57,14.52,17.93,140.25,122.1,139.15,326.04,144.1,0.0,0.0,0.0,0.0,0.0,0.0,0.0,2.86,924.66,2.86
83.7241,13.75,11.33,12.43,130.9,123.86,139.15,341.66,156.42,0.0,0.0,0.0,0.0,0.0,0.0,0.0,0.0,929.5,0.0
83.7341,10.23,9.68,11.0,117.04,122.1,142.23,363.44,167.2,0.0,0.0,0.0,0.0,0.0,0.0,0.0,0.0,942.92,0.0
83.7441,3.41,8.03,9.57,105.16,120.45,143.77,377.96,180.73,0.0,0.0,0.0,0.0,0.0,0.0,0.0,0.0,949.08,0.0
83.7541,0.0,4.84,6.82,89.43,117.04,143.77,397.87,192.83,0.0,0.0,0.0,0.0,0.0,0.0,0.0,0.0,952.6,0.0
83.7641,0.0,6.38,6.82,72.27,110.22,145.31,414.15,204.93,0.0,0.0,0.0,0.0,0.0,0.0,0.0,0.0,960.08,0.0
83.7741,0.0,3.19,5.5,57.97,104.28,143.77,434.06,213.62,3.63,0.0,0.0,0.0,0.0,0.0,0.0,0.0,962.39,3.63
83.7841,0.0,4.84,5.5,46.09,95.48,139.15,446.71,225.72,4.84,0.0,0.0,0.0,0.0,0.0,0.0,0.0,963.49,4.84
83.7941,0.0,4.84,4.07,33.11,85.14,134.53,459.36,232.65,11.0,0.0,0.0,0.0,0.0,0.0,0.0,0.0,953.7,11.0
83.8041,0.0,4.84,5.5,21.23,71.94,128.48,470.25,234.3,24.64,0.0,0.0,0.0,0.0,2.31,0.0,0.0,936.54,26.95
83.8141,0.0,4.84,5.5,12.98,57.2,119.24,468.38,234.3,39.38,0.0,0.0,3.08,3.3,2.31,0.0,0.0,902.44,48.07
83.8241,0.0,4.84,4.07,8.25,40.37,107.36,462.99,227.48,56.65,4.95,0.0,3.08,3.3,3.52,0.0,0.0,855.36,71.5
83.8341,0.0,4.84,4.07,7.04,29.26,91.85,443.19,217.14,77.99,68.64,7.15,6.27,4.95,4.73,2.75,2.86,797.39,175.34
83.8441,0.0,4.84,2.75,5.83,30.58,72.05,403.26,204.93,87.34,162.8,81.95,7.92,6.6,5.83,0.0,0.0,724.24,352.44
83.8541,0.0,4.84,5.5,4.73,29.26,51.15,324.39,192.83,77.99,220.0,149.82,49.39,14.85,8.25,6.82,5.83,612.7,532.95
83.8641,0.0,4.84,4.07,3.52,27.83,34.1,200.53,182.49,77.99,244.53,202.4,84.04,31.46,12.98,11.0,11.66,457.38,676.06
83.8741,0.0,4.84,4.07,3.52,23.65,24.86,102.63,168.74,82.06,248.05,240.13,99.0,54.56,12.98,13.75,16.06,332.31,766.59
83.8841,0.0,4.84,4.07,0.0,19.47,23.54,50.6,127.05,84.7,251.68,256.63,104.94,64.13,17.71,24.75,20.46,229.57,825.0
83.8941,0.0,4.84,4.07,0.0,13.86,18.26,37.62,81.73,84.7,251.68,266.53,109.34,65.67,23.65,37.18,23.43,160.38,862.18
83.9041,0.0,4.84,4.07,0.0,11.11,11.77,27.5,59.4,84.7,255.2,263.23,112.42,71.83,28.38,42.68,23.43,118.69,881.87
83.9141,0.0,3.19,4.07,0.0,8.36,10.45,17.38,28.93,83.38,256.96,259.93,117.15,71.83,29.59,49.61,26.4,72.38,894.85
83.9241,0.0,3.19,2.75,0.0,5.5,5.17,14.41,15.18,84.7,262.24,254.98,118.69,73.37,32.01,49.61,24.86,46.2,900.46
83.9341,0.0,3.19,0.0,0.0,2.75,3.85,8.69,2.75,84.7,264.0,250.03,124.96,74.91,32.01,53.79,23.43,21.23,907.83
83.9441,0.0,3.19,2.75,0.0,2.75,3.85,10.12,0.0,83.38,269.28,243.43,129.69,74.91,34.32,53.79,26.4,22.66,915.2
83.9541,0.0,3.19,0.0,0.0,0.0,3.85,7.15,2.75,80.74,269.28,233.53,134.42,78.1,35.53,57.97,27.83,16.94,917.4
83.9641,0.0,0.0,2.75,0.0,0.0,3.85,4.29,2.75,75.35,269.28,225.28,139.15,74.91,36.74,62.37,27.83,13.64,910.91
83.9741,0.0,3.19,0.0,0.0,0.0,2.53,5.72,2.75,68.64,260.48,215.38,140.8,81.18,41.47,65.34,29.26,14.19,902.55
83.9841,0.0,3.19,2.75,0.0,2.75,2.53,4.29,0.0,61.93,249.81,203.94,145.53,82.72,42.68,71.39,30.8,15.51,888.8
83.9941,0.0,3.19,2.75,0.0,0.0,0.0,4.29,0.0,56.65,241.01,195.8,148.72,82.72,46.2,72.82,27.83,10.23,871.75
84.0041,0.0,3.19,2.75,0.0,0.0,0.0,4.29,0.0,49.28,230.45,186.01,150.26,85.8,47.41,77.33,32.23,10.23,858.77
84.0141,0.0,3.19,2.75,0.0,0.0,2.53,2.86,0.0,44.33,216.59,171.38,151.8,85.8,47.41,81.84,29.26,11.33,828.41
84.0241,0.0,0.0,0.0,0.0,0.0,2.53,2.86,0.0,39.38,206.47,160.49,154.99,90.42,48.62,86.24,30.8,5.39,817.41
84.0341,0.0,0.0,2.75,0.0,0.0,2.53,0.0,0.0,34.43,191.29,146.74,159.72,90.42,50.93,90.75,30.8,5.28,795.08
84.0441,0.0,3.19,2.75,0.0,0.0,2.53,2.86,0.0,32.01,179.52,135.96,162.91,91.96,54.56,92.29,32.23,11.33,781.44
84.0541,0.0,3.19,0.0,0.0,0.0,2.53,2.86,0.0,30.8,171.05,122.21,164.45,95.04,53.35,96.69,33.66,8.58,767.25
84.0641,0.0,3.19,0.0,0.0,0.0,0.0,0.0,0.0,28.27,161.15,113.08,164.45,96.69,58.74,101.2,33.66,3.19,757.24
84.0741,0.0,3.19,2.75,0.0,0.0,0.0,0.0,0.0,27.06,147.95,103.73,169.51,99.77,60.28,107.14,35.2,5.94,750.64
84.0841,0.0,0.0,2.75,0.0,0.0,0.0,0.0,0.0,25.85,138.16,94.38,171.27,104.39,61.71,113.19,35.2,2.75,744.15
84.0941,0.0,0.0,0.0,0.0,0.0,0.0,0.0,0.0,23.43,124.96,85.03,169.51,105.93,67.76,119.35,38.06,0.0,734.03
84.1041,0.0,0.0,0.0,0.0,0.0,0.0,0.0,0.0,23.43,116.71,81.95,169.51,110.55,72.27,128.59,35.2,0.0,738.21
84.1141,0.0,0.0,0.0,0.0,0.0,0.0,0.0,0.0,22.11,105.6,77.33,171.27,115.28,73.81,137.72,39.6,0.0,742.72
84.1241,0.0,3.19,0.0,0.0,0.0,0.0,0.0,0.0,22.11,96.36,67.98,172.92,120.12,79.86,143.88,38.06,3.19,741.29
84.1341,0.0,3.19,0.0,0.0,0.0,0.0,0.0,0.0,20.9,87.12,63.36,169.51,123.31,82.83,157.63,42.46,3.19,747.12
84.1441,0.0,0.0,0.0,0.0,0.0,0.0,0.0,0.0,18.48,74.8,55.77,171.27,128.15,85.91,170.17,42.46,0.0,747.01
84.1541,0.0,0.0,0.0,0.0,0.0,0.0,0.0,0.0,18.48,64.02,48.62,167.75,133.1,90.42,183.15,44.0,0.0,749.54
84.1641,0.0,0.0,0.0,0.0,0.0,0.0,0.0,0.0,17.16,54.45,42.9,166.1,139.59,91.96,199.32,44.0,0.0,755.48
84.1741,0.0,0.0,2.75,0.0,0.0,0.0,0.0,0.0,15.95,42.9,34.32,159.72,145.97,96.47,217.14,48.4,2.75,760.87
84.1841,0.0,0.0,2.75,0.0,0.0,0.0,0.0,0.0,15.95,33.0,21.45,154.99,150.92,102.52,233.75,48.4,2.75,760.98
84.1941,0.0,0.0,2.75,0.0,0.0,0.0,0.0,0.0,14.74,23.1,15.73,150.26,154.11,103.95,256.08,55.77,2.75,773.74
84.2041,0.0,0.0,0.0,0.0,0.0,0.0,0.0,0.0,12.32,14.85,11.44,142.34,158.95,107.03,273.35,60.28,0.0,780.56
84.2141,0.0,3.19,0.0,0.0,0.0,0.0,0.0,0.0,8.58,14.85,8.58,132.88,163.9,108.46,286.99,67.98,3.19,792.22
84.2241,0.0,3.19,0.0,0.0,0.0,0.0,0.0,0.0,6.16,13.2,7.15,123.42,167.09,110.0,304.04,75.57,3.19,806.63
84.2341,0.0,0.0,0.0,0.0,0.0,0.0,0.0,0.0,4.84,9.9,5.72,118.69,167.09,111.54,326.15,83.27,0.0,827.2
84.2441,0.0,0.0,0.0,0.0,0.0,0.0,0.0,0.0,3.63,8.25,5.72,110.88,170.39,113.08,344.85,89.43,0.0,846.23
84.2541,0.0,0.0,0.0,0.0,0.0,0.0,0.0,0.0,2.42,4.95,4.29,99.0,172.15,116.49,363.66,101.64,0.0,864.6
84.2641,0.0,0.0,0.0,0.0,0.0,0.0,0.0,0.0,0.0,4.95,5.72,85.58,170.39,114.73,380.71,109.34,0.0,871.42
84.2741,0.0,0.0,0.0,0.0,0.0,0.0,0.0,0.0,0.0,4.95,4.29,73.59,167.09,116.49,394.46,113.96,0.0,874.83
84.2841,0.0,0.0,0.0,0.0,0.0,0.0,0.0,0.0,0.0,3.3,2.86,61.71,163.9,113.08,410.52,118.8,0.0,874.17
84.2941,3.41,0.0,0.0,0.0,0.0,0.0,0.0,0.0,0.0,4.95,4.29,47.74,158.95,113.08,419.54,125.18,3.41,873.73
84.3041,6.82,0.0,0.0,0.0,0.0,0.0,0.0,0.0,0.0,3.3,2.86,41.36,154.11,111.54,433.84,131.56,6.82,878.57
84.3141,13.75,0.0,0.0,0.0,0.0,0.0,0.0,0.0,0.0,3.3,2.86,31.79,149.27,110.0,440.99,136.29,13.75,874.5
84.3241,36.08,0.0,0.0,2.31,2.75,0.0,0.0,0.0,0.0,3.3,0.0,22.22,141.13,103.95,448.25,139.48,41.14,858.33
84.3341,63.69,0.0,0.0,2.31,4.18,0.0,0.0,0.0,0.0,4.95,2.86,12.65,131.45,96.47,455.51,141.13,70.18,845.02
84.3441,92.95,0.0,0.0,4.73,4.18,2.53,0.0,0.0,0.0,3.3,2.86,11.11,120.12,85.91,450.01,139.48,104.39,812.79
84.3541,122.43,0.0,0.0,5.83,5.5,2.53,0.0,0.0,0.0,3.3,2.86,9.46,102.85,73.81,437.36,134.75,136.29,764.39
84.3641,180.4,50.16,57.97,5.83,4.18,3.85,2.86,0.0,0.0,0.0,2.86,11.11,81.18,61.71,408.76,126.72,305.25,692.34
84.3741,175.01,129.14,121.99,8.25,5.5,6.49,0.0,4.07,0.0,3.3,2.86,12.65,59.51,49.83,373.89,120.34,450.45,622.38
84.3841,160.82,180.07,169.62,27.17,8.36,7.81,5.72,5.5,0.0,0.0,2.86,12.65,52.91,42.68,293.81,121.99,565.07,526.9
84.3941,155.54,202.95,202.51,56.76,18.04,13.09,10.12,11.0,0.0,0.0,0.0,12.65,44.66,33.22,179.85,125.18,670.01,395.56
84.4041,155.54,204.71,229.68,69.41,29.26,35.42,26.07,20.68,0.0,0.0,2.86,12.65,36.41,26.07,96.69,118.8,770.77,293.48
84.4141,157.3,206.47,243.98,70.84,34.76,48.51,47.74,22.0,0.0,0.0,0.0,11.11,28.05,21.34,45.54,90.97,831.6,197.01
84.4241,159.06,206.47,252.89,73.7,37.62,56.43,71.28,26.18,0.0,3.3,0.0,9.46,23.1,15.4,33.11,60.28,883.63,144.65
84.4341,162.58,208.23,261.69,73.7,41.8,63.58,86.13,26.18,0.0,0.0,0.0,7.92,19.8,11.77,24.75,48.4,923.89,112.64
84.4441,166.1,211.75,263.56,75.13,43.12,64.9,96.58,30.36,0.0,3.3,0.0,3.08,13.2,9.46,20.68,36.63,951.5,86.35
84.4541,169.62,213.51,267.08,75.13,45.98,66.33,101.09,31.68,0.0,3.3,0.0,0.0,9.9,8.25,12.32,23.43,970.42,57.2
84.4641,171.38,217.03,265.32,76.56,47.3,70.62,105.6,30.36,0.0,0.0,0.0,0.0,6.6,5.83,9.57,10.23,984.17,32.23
84.4741,173.14,218.79,265.32,76.56,45.98,69.19,108.57,31.68,0.0,0.0,0.0,4.73,3.3,3.52,9.57,5.83,989.23,26.95
84.4841,173.14,217.03,263.56,76.56,44.55,69.19,107.03,30.36,0.0,0.0,0.0,3.08,4.95,3.52,8.25,5.83,981.42,25.63
84.4941,169.62,217.03,256.41,75.13,47.3,67.76,105.6,30.36,0.0,0.0,0.0,4.73,0.0,3.52,8.25,2.86,969.21,19.36
84.5041,164.34,211.75,249.26,77.99,45.98,69.19,102.63,30.36,0.0,0.0,0.0,3.08,3.3,2.31,6.82,2.86,951.5,18.37
84.5141,155.54,209.99,236.83,80.85,44.55,70.62,104.06,30.36,0.0,0.0,0.0,3.08,3.3,2.31,6.82,0.0,932.8,15.51
84.5241,145.09,202.95,226.16,85.14,45.98,72.05,102.63,30.36,0.0,0.0,0.0,0.0,3.3,3.52,4.07,4.4,910.36,15.29
84.5341,132.88,199.43,208.01,88.0,45.98,74.8,101.09,28.93,0.0,0.0,0.0,0.0,0.0,2.31,5.5,4.4,879.12,12.21
84.5441,120.67,192.39,195.14,92.29,45.98,76.23,99.55,30.36,0.0,0.0,0.0,3.08,3.3,3.52,4.07,2.86,852.61,16.83
84.5541,108.46,185.35,182.38,98.01,45.98,79.09,96.58,28.93,0.0,0.0,0.0,3.08,0.0,2.31,5.5,4.4,824.78,15.29
84.5641,98.12,178.31,167.97,103.73,45.98,80.52,96.58,30.36,0.0,0.0,0.0,0.0,0.0,2.31,4.07,2.86,801.57,9.24
84.5741,87.78,169.51,158.07,108.02,45.98,81.95,99.55,31.68,0.0,0.0,0.0,0.0,0.0,0.0,4.07,0.0,782.54,4.07
84.5841,79.2,162.69,146.63,113.96,44.55,83.38,101.09,31.68,0.0,0.0,0.0,3.08,0.0,0.0,4.07,2.86,763.18,10.01
84.5941,70.51,154.33,136.73,121.66,47.3,87.56,102.63,31.68,0.0,0.0,0.0,0.0,0.0,0.0,2.75,2.86,752.4,5.61
84.6041,63.69,147.62,130.24,127.82,48.73,88.99,107.03,33.11,0.0,0.0,0.0,0.0,0.0,0.0,0.0,2.86,747.23,2.86
84.6141,58.52,139.26,123.64,130.9,52.91,93.17,113.08,34.43,0.0,0.0,0.0,0.0,0.0,0.0,2.75,2.86,745.91,5.61
84.6241,55.11,130.79,118.69,135.63,52.91,97.46,117.81,34.43,0.0,0.0,0.0,0.0,0.0,0.0,0.0,2.86,742.83,2.86
84.6341,51.59,124.08,112.2,141.79,57.2,101.75,127.49,35.86,0.0,0.0,0.0,0.0,0.0,0.0,0.0,2.86,751.96,2.86
84.6441,48.18,115.72,109.12,144.87,60.17,104.5,133.98,41.36,0.0,0.0,0.0,0.0,0.0,0.0,0.0,0.0,757.9,0.0
84.6541,46.42,107.47,104.5,147.95,61.6,107.36,143.55,42.68,0.0,0.0,0.0,3.08,0.0,0.0,0.0,2.86,761.53,5.94
84.6641,44.77,100.87,99.77,152.68,66.0,113.08,151.58,48.29,0.0,0.0,0.0,0.0,0.0,2.31,0.0,0.0,777.04,2.31
84.6741,43.01,92.73,91.96,154.22,70.4,116.16,161.26,52.36,0.0,0.0,0.0,0.0,0.0,0.0,2.75,2.86,782.1,5.61
84.6841,41.25,84.48,88.88,158.84,74.8,119.24,169.29,57.97,0.0,0.0,0.0,0.0,0.0,0.0,2.75,4.4,794.75,7.15
84.6941,37.84,76.34,79.53,161.92,77.77,123.86,181.28,63.91,0.0,0.0,0.0,0.0,0.0,0.0,0.0,0.0,802.45,0.0
84.7041,36.08,68.2,74.91,163.46,80.74,126.94,191.84,71.28,0.0,0.0,0.0,0.0,0.0,0.0,0.0,2.86,813.45,2.86
84.7141,34.43,58.3,64.02,168.19,85.14,130.02,204.05,78.76,0.0,0.0,0.0,0.0,0.0,0.0,0.0,2.86,822.91,2.86
84.7241,32.67,48.62,55.22,168.19,89.54,132.99,216.37,89.21,0.0,0.0,0.0,0.0,0.0,0.0,0.0,0.0,832.81,0.0
84.7341,29.26,38.83,45.54,171.38,95.48,134.53,231.88,98.12,0.0,0.0,0.0,0.0,0.0,0.0,0.0,2.86,845.02,2.86
84.7441,27.5,30.69,34.43,169.73,98.34,137.61,248.93,108.57,0.0,0.0,0.0,0.0,0.0,0.0,0.0,0.0,855.8,0.0
84.7541,25.74,22.66,22.0,165.0,102.85,139.15,260.81,119.35,0.0,0.0,0.0,0.0,0.0,0.0,0.0,4.4,857.56,4.4
84.7641,20.57,16.17,12.43,158.84,107.25,143.77,281.16,131.67,0.0,0.0,0.0,0.0,0.0,0.0,0.0,0.0,871.86,0.0
84.7741,15.4,11.33,9.57,154.22,108.68,145.31,296.12,144.1,0.0,0.0,0.0,0.0,0.0,0.0,0.0,0.0,884.73,0.0
84.7841,11.99,8.03,8.25,147.95,108.68,146.85,311.08,153.34,0.0,0.0,0.0,0.0,0.0,0.0,0.0,0.0,896.17,0.0
84.7941,6.82,8.03,5.5,140.25,108.68,149.82,326.04,164.12,0.0,0.0,0.0,0.0,0.0,0.0,0.0,2.86,909.26,2.86
84.8041,3.41,6.38,6.82,132.55,108.68,151.36,339.79,175.56,0.0,0.0,0.0,0.0,0.0,0.0,0.0,0.0,924.55,0.0
84.8141,0.0,6.38,5.5,118.58,104.28,154.44,356.18,185.9,0.0,0.0,0.0,0.0,0.0,0.0,0.0,0.0,931.26,0.0
84.8241,0.0,3.19,4.07,102.3,102.85,154.44,374.33,198.0,0.0,0.0,0.0,0.0,0.0,0.0,0.0,2.86,939.18,2.86
84.8341,0.0,4.84,5.5,85.14,96.91,152.9,386.98,210.21,0.0,0.0,0.0,0.0,0.0,0.0,0.0,0.0,942.48,0.0
84.8441,0.0,4.84,4.07,72.27,89.54,152.9,397.87,217.14,2.42,0.0,0.0,0.0,0.0,0.0,0.0,0.0,938.63,2.42
84.8541,0.0,4.84,2.75,57.97,82.17,151.36,408.76,220.55,4.84,0.0,0.0,0.0,0.0,0.0,0.0,0.0,928.4,4.84
84.8641,0.0,4.84,4.07,46.09,71.94,148.39,415.91,225.72,7.37,0.0,0.0,0.0,0.0,0.0,0.0,0.0,916.96,7.37
84.8741,0.0,3.19,2.75,35.42,60.17,145.31,417.78,225.72,15.95,0.0,0.0,0.0,0.0,0.0,0.0,0.0,890.34,15.95
84.8841,0.0,3.19,2.75,22.44,50.16,137.61,419.54,224.07,33.22,0.0,0.0,3.08,4.95,0.0,2.75,0.0,859.76,44.0
84.8941,0.0,3.19,2.75,12.98,40.37,123.86,415.91,217.14,48.07,0.0,0.0,3.08,4.95,3.52,0.0,2.86,816.2,62.48
84.9041,0.0,4.84,2.75,9.46,30.58,105.93,397.87,208.45,71.28,4.95,0.0,6.27,6.6,3.52,2.75,2.86,759.88,98.23
84.9141,0.0,3.19,4.07,8.25,29.26,84.7,363.44,199.76,117.26,126.61,47.19,6.27,8.25,4.73,2.75,2.86,692.67,315.92
84.9241,0.0,4.84,2.75,5.83,29.26,59.29,296.12,191.07,110.22,221.65,142.12,11.11,9.9,3.52,4.07,0.0,589.16,502.59
84.9341,0.0,3.19,4.07,4.73,26.4,41.91,184.8,185.9,96.8,271.04,215.38,69.08,16.5,9.46,8.25,8.8,451.0,695.31
84.9441,0.0,4.84,0.0,2.31,22.22,27.5,95.15,184.14,94.05,279.73,273.13,97.46,34.76,14.19,9.57,13.2,336.16,816.09
84.9541,0.0,4.84,0.0,0.0,18.04,23.54,52.14,142.56,96.8,278.08,298.54,107.91,51.26,14.19,15.18,14.63,241.12,876.59
84.9641,0.0,4.84,2.75,0.0,13.86,20.9,39.05,92.18,94.05,272.8,308.88,110.88,61.05,20.13,26.18,22.0,173.58,915.97
84.9741,0.0,0.0,2.75,0.0,11.11,15.73,27.5,69.85,90.09,267.52,305.36,117.15,67.21,23.65,38.61,23.43,126.94,933.02
84.9841,0.0,3.19,2.75,0.0,8.36,11.77,18.81,44.11,86.02,264.0,298.54,120.23,68.75,29.59,48.29,24.86,88.99,940.28
84.9941,0.0,3.19,0.0,0.0,5.5,7.81,14.41,23.43,86.02,267.52,296.78,120.23,70.29,32.01,55.11,26.4,54.34,954.36
85.004,0.0,3.19,0.0,0.0,2.75,6.49,10.12,6.82,87.34,269.28,293.37,120.23,71.83,34.32,60.94,23.43,29.37,960.74
85.014,0.0,3.19,0.0,0.0,2.75,5.17,7.15,0.0,87.34,267.52,291.61,120.23,71.83,34.32,68.31,27.83,18.26,968.99
85.024,0.0,3.19,0.0,0.0,0.0,5.17,5.72,2.75,87.34,265.76,286.44,115.5,73.37,35.53,71.39,26.4,16.83,961.73
85.034,0.0,0.0,0.0,0.0,2.75,3.85,5.72,2.75,83.38,264.0,278.08,117.15,76.45,35.53,74.36,23.43,15.07,952.38
85.044,0.0,3.19,0.0,0.0,0.0,3.85,5.72,2.75,77.99,255.2,266.53,117.15,78.1,36.74,80.3,27.83,15.51,939.84
85.054,0.0,0.0,0.0,0.0,0.0,3.85,2.86,0.0,71.28,246.29,258.28,117.15,78.1,40.26,83.27,29.26,6.71,923.89
85.064,0.0,3.19,0.0,0.0,0.0,2.53,4.29,0.0,66.0,233.97,251.68,117.15,78.1,42.68,90.75,29.26,10.01,909.59
85.074,0.0,0.0,0.0,0.0,0.0,2.53,2.86,0.0,60.61,221.65,240.13,115.5,82.72,44.99,96.69,27.83,5.39,890.12
85.084,0.0,0.0,0.0,0.0,0.0,2.53,2.86,0.0,55.44,208.23,231.88,113.96,84.26,46.2,107.14,29.26,5.39,876.37
85.094,0.0,3.19,0.0,0.0,0.0,2.53,0.0,0.0,51.7,196.35,223.63,112.42,85.8,50.93,110.22,30.8,5.72,861.85
85.104,0.0,0.0,0.0,0.0,0.0,2.53,2.86,0.0,46.86,184.58,215.38,109.34,87.34,52.14,120.89,32.23,5.39,848.76
85.114,0.0,0.0,0.0,0.0,0.0,3.85,0.0,0.0,43.12,172.81,205.59,109.34,91.96,55.77,128.59,33.66,3.85,840.84
85.124,0.0,0.0,0.0,0.0,0.0,2.53,0.0,0.0,40.7,162.8,199.1,107.91,91.96,58.74,136.18,33.66,2.53,831.05
85.134,0.0,0.0,0.0,0.0,0.0,2.53,0.0,0.0,38.17,154.55,189.31,103.4,95.04,63.25,143.88,35.2,2.53,822.8
85.144,0.0,0.0,2.75,0.0,0.0,0.0,0.0,0.0,35.75,144.65,177.87,103.4,98.23,66.22,156.09,35.2,2.75,817.41
85.154,0.0,0.0,0.0,0.0,0.0,0.0,0.0,0.0,33.22,131.56,169.73,104.94,102.85,69.3,165.33,35.2,0.0,812.13
85.164,0.0,0.0,0.0,0.0,0.0,0.0,0.0,0.0,29.59,120.01,160.49,104.94,107.47,70.84,181.5,38.06,0.0,812.9
85.174,0.0,0.0,0.0,0.0,0.0,0.0,0.0,0.0,28.27,108.68,148.28,104.94,112.09,75.35,196.02,39.6,0.0,813.23
85.184,0.0,0.0,0.0,0.0,0.0,0.0,0.0,0.0,25.85,99.44,137.5,103.4,116.82,81.4,209.0,39.6,0.0,813.01
85.194,0.0,0.0,0.0,0.0,0.0,0.0,0.0,0.0,24.64,91.74,125.29,104.94,123.31,84.37,220.44,45.43,0.0,820.16
85.204,0.0,3.19,0.0,0.0,0.0,0.0,0.0,0.0,23.43,79.42,109.89,106.37,129.8,87.34,233.75,44.0,3.19,814.0
85.214,0.0,0.0,0.0,0.0,0.0,0.0,0.0,0.0,20.9,68.64,95.92,107.91,136.29,90.42,245.74,51.26,0.0,817.08
85.224,0.0,0.0,0.0,0.0,0.0,0.0,0.0,0.0,18.48,54.45,78.87,107.91,142.78,91.96,259.6,54.23,0.0,808.28
85.234,0.0,0.0,0.0,0.0,0.0,0.0,0.0,0.0,17.16,44.55,64.9,107.91,144.43,96.47,273.35,58.74,0.0,807.51
85.244,0.0,0.0,0.0,0.0,0.0,0.0,0.0,0.0,15.95,34.65,48.62,103.4,147.62,97.9,285.23,61.82,0.0,795.19
85.254,0.0,0.0,0.0,0.0,0.0,0.0,0.0,0.0,14.74,24.75,35.75,103.4,152.46,99.44,297.22,66.44,0.0,794.2
85.264,0.0,0.0,0.0,0.0,0.0,0.0,0.0,0.0,13.53,19.8,21.45,101.97,157.41,100.98,309.1,71.06,0.0,795.3
85.274,0.0,3.19,0.0,0.0,0.0,0.0,0.0,0.0,12.32,13.2,12.87,97.46,160.6,103.95,319.33,72.6,3.19,792.33
85.284,0.0,0.0,0.0,0.0,0.0,0.0,0.0,0.0,8.58,13.2,8.58,91.52,162.25,105.49,332.97,78.65,0.0,801.24
85.294,0.0,0.0,0.0,0.0,0.0,0.0,0.0,0.0,6.16,9.9,10.01,84.04,162.25,105.49,353.43,87.89,0.0,819.17
85.304,0.0,0.0,2.75,0.0,0.0,0.0,0.0,0.0,3.63,8.25,7.15,76.56,162.25,105.49,367.07,95.48,2.75,825.88
85.314,0.0,0.0,0.0,0.0,0.0,0.0,0.0,0.0,2.42,6.6,7.15,66.11,162.25,105.49,380.71,100.1,0.0,830.83
85.324,0.0,0.0,0.0,0.0,0.0,0.0,0.0,0.0,2.42,4.95,7.15,58.74,158.95,105.49,396.22,107.8,0.0,841.72
85.334,0.0,0.0,0.0,0.0,0.0,0.0,0.0,0.0,0.0,4.95,5.72,49.39,158.95,103.95,407.0,110.88,0.0,840.84
85.344,0.0,0.0,0.0,0.0,0.0,0.0,0.0,0.0,2.42,4.95,5.72,41.36,152.46,100.98,423.06,120.34,0.0,851.29
85.354,0.0,0.0,0.0,0.0,0.0,0.0,0.0,0.0,0.0,4.95,4.29,31.79,150.92,100.98,437.36,123.53,0.0,853.82
85.364,3.41,0.0,0.0,0.0,0.0,0.0,0.0,0.0,0.0,0.0,4.29,28.6,144.43,100.98,448.25,134.75,3.41,861.3
85.374,8.58,0.0,0.0,0.0,0.0,0.0,0.0,0.0,0.0,3.3,2.86,20.68,142.78,99.44,457.27,141.13,8.58,867.46
85.384,15.4,0.0,0.0,2.31,0.0,0.0,0.0,0.0,0.0,0.0,4.29,15.84,137.94,93.39,471.79,145.97,17.71,869.22
85.394,39.6,0.0,0.0,3.52,2.75,0.0,0.0,0.0,0.0,0.0,2.86,9.46,129.8,91.96,475.42,147.51,45.87,857.01
85.404,65.34,0.0,0.0,2.31,4.18,0.0,0.0,0.0,0.0,3.3,4.29,7.92,118.47,82.83,482.68,145.97,71.83,845.46
85.414,91.19,0.0,0.0,4.73,5.5,2.53,0.0,0.0,0.0,3.3,2.86,7.92,104.39,72.27,480.92,147.51,103.95,819.17
85.424,122.43,11.33,26.18,5.83,5.5,2.53,0.0,0.0,0.0,0.0,2.86,6.27,88.88,61.71,468.16,139.48,173.8,767.36
85.434,138.16,100.87,107.58,5.83,5.5,6.49,2.86,0.0,0.0,0.0,2.86,7.92,68.75,50.93,446.38,137.94,367.29,714.78
85.444,129.36,161.04,163.02,20.02,8.36,5.17,4.29,4.07,0.0,3.3,2.86,9.46,54.56,44.99,405.24,126.72,495.33,647.13
85.454,122.43,188.87,206.14,50.82,8.36,7.81,4.29,5.5,0.0,3.3,2.86,9.46,51.26,35.53,331.21,128.37,594.22,561.99
85.464,120.67,190.63,231.44,70.84,20.9,14.41,11.55,12.32,0.0,0.0,2.86,12.65,46.31,29.59,205.81,125.18,672.76,422.4
85.474,120.67,190.63,247.5,73.7,30.58,30.14,33.22,20.68,0.0,3.3,2.86,11.11,36.41,26.07,105.71,120.34,747.12,305.8
85.484,124.19,190.63,263.56,80.85,34.76,44.55,55.0,20.68,0.0,0.0,2.86,9.46,28.05,22.44,51.04,97.02,814.22,210.87
85.494,125.84,195.91,274.23,79.42,37.62,51.15,75.79,23.43,0.0,0.0,2.86,7.92,21.45,16.61,33.11,64.9,863.39,146.85
85.504,131.12,199.43,281.38,82.28,43.12,57.86,89.21,26.18,0.0,0.0,0.0,4.73,18.15,9.46,24.75,49.83,910.58,106.92
85.514,134.64,201.19,285.12,80.85,45.98,60.72,98.12,27.5,0.0,0.0,2.86,4.73,11.55,8.25,19.25,36.63,934.12,83.27
85.524,138.16,204.71,288.86,80.85,47.3,63.58,104.06,26.18,0.0,0.0,2.86,3.08,8.25,5.83,15.18,20.46,953.7,55.66
85.534,139.92,208.23,286.99,80.85,47.3,63.58,108.57,27.5,0.0,0.0,0.0,4.73,6.6,4.73,12.32,5.83,962.94,34.21
85.544,141.57,208.23,286.99,80.85,48.73,63.58,108.57,28.93,0.0,0.0,0.0,0.0,4.95,4.73,8.25,4.4,967.45,22.33
85.554,139.92,209.99,283.25,82.28,47.3,63.58,110.0,27.5,0.0,0.0,0.0,0.0,4.95,3.52,8.25,5.83,963.82,22.55
85.564,138.16,204.71,277.75,82.28,45.98,64.9,110.0,28.93,0.0,0.0,0.0,3.08,4.95,2.31,9.57,5.83,952.71,25.74
85.574,132.88,202.95,272.47,82.28,47.3,66.33,110.0,26.18,0.0,0.0,0.0,3.08,0.0,3.52,6.82,5.83,940.39,19.25
85.584,127.6,195.91,263.56,80.85,47.3,66.33,107.03,27.5,0.0,0.0,0.0,0.0,3.3,2.31,8.25,4.4,916.08,18.26
85.594,120.67,190.63,252.89,82.28,45.98,63.58,105.6,27.5,0.0,0.0,0.0,0.0,3.3,2.31,5.5,5.83,889.13,16.94
85.604,111.87,183.59,240.35,82.28,47.3,64.9,105.6,27.5,0.0,0.0,0.0,3.08,0.0,3.52,6.82,5.83,863.39,19.25
85.614,105.05,178.31,229.68,82.28,47.3,64.9,105.6,27.5,0.0,0.0,0.0,0.0,0.0,2.31,4.07,4.4,840.62,10.78
85.624,96.36,169.51,218.9,85.14,44.55,64.9,105.6,27.5,0.0,0.0,0.0,0.0,0.0,2.31,4.07,0.0,812.46,6.38
85.634,87.78,161.04,208.01,86.57,47.3,67.76,108.57,26.18,0.0,0.0,0.0,0.0,0.0,2.31,5.5,0.0,793.21,7.81
85.644,80.85,155.98,197.01,89.43,47.3,70.62,110.0,27.5,0.0,0.0,0.0,0.0,0.0,0.0,4.07,0.0,778.69,4.07
85.654,75.68,147.62,189.64,89.43,48.73,73.48,113.08,28.93,0.0,0.0,0.0,3.08,0.0,2.31,5.5,2.86,766.59,13.75
85.664,70.51,139.26,178.75,93.72,50.16,76.23,117.81,27.5,0.0,0.0,0.0,0.0,0.0,0.0,4.07,2.86,753.94,6.93
85.674,65.34,134.2,171.38,95.15,51.48,79.09,122.65,28.93,0.0,0.0,0.0,0.0,0.0,2.31,0.0,0.0,748.22,2.31
85.684,60.17,127.49,163.02,99.44,52.91,81.95,129.14,31.68,0.0,0.0,0.0,0.0,0.0,0.0,0.0,2.86,745.8,2.86
85.694,56.76,119.13,158.07,102.3,57.2,86.13,137.17,33.11,0.0,0.0,0.0,0.0,0.0,0.0,4.07,4.4,749.87,8.47
85.704,53.35,110.77,151.47,106.59,60.17,90.42,148.39,37.18,0.0,0.0,0.0,0.0,0.0,0.0,0.0,2.86,758.34,2.86
85.714,51.59,104.17,141.68,108.02,64.57,94.6,159.72,41.36,0.0,0.0,0.0,0.0,0.0,0.0,2.75,2.86,765.71,5.61
85.724,48.18,96.03,136.73,112.42,67.54,98.89,167.75,45.54,0.0,0.0,0.0,0.0,0.0,0.0,2.75,2.86,773.08,5.61
85.734,46.42,87.78,130.24,115.5,71.94,103.07,181.28,53.79,0.0,0.0,0.0,0.0,0.0,0.0,0.0,4.4,790.02,4.4
85.744,43.01,79.64,118.69,120.12,77.77,107.36,197.12,59.4,0.0,0.0,0.0,0.0,0.0,0.0,4.07,2.86,803.11,6.93
85.754,39.6,69.74,107.58,124.74,83.71,111.65,212.85,71.28,0.0,0.0,0.0,0.0,0.0,0.0,0.0,0.0,821.15,0.0
85.764,36.08,59.95,96.69,126.28,88.11,116.16,230.12,80.3,0.0,0.0,0.0,0.0,0.0,0.0,2.75,4.4,833.69,7.15
85.774,34.43,46.97,84.26,130.9,93.94,120.78,245.52,90.75,0.0,0.0,0.0,0.0,0.0,0.0,2.75,0.0,847.55,2.75
85.784,32.67,37.18,70.18,132.55,96.91,123.86,260.81,99.66,0.0,0.0,0.0,0.0,0.0,0.0,2.75,2.86,853.82,5.61
85.794,29.26,30.69,55.22,130.9,104.28,125.4,274.45,107.14,0.0,0.0,0.0,0.0,0.0,0.0,2.75,2.86,857.34,5.61
85.804,27.5,22.66,42.79,130.9,108.68,131.45,289.41,119.35,0.0,0.0,0.0,0.0,0.0,0.0,0.0,0.0,872.74,0.0
85.814,25.74,16.17,27.61,129.36,111.87,132.99,304.37,127.05,0.0,0.0,0.0,0.0,0.0,0.0,0.0,2.86,875.16,2.86
85.824,22.33,12.87,20.68,124.74,115.28,136.07,321.09,137.83,0.0,0.0,0.0,0.0,0.0,0.0,2.75,2.86,890.89,5.61
85.834,18.92,12.87,15.18,117.04,117.04,134.53,338.03,151.8,0.0,0.0,0.0,0.0,0.0,0.0,0.0,2.86,905.41,2.86
85.844,13.75,9.68,12.43,106.59,117.04,136.07,356.18,164.12,0.0,0.0,0.0,0.0,0.0,0.0,0.0,2.86,915.86,2.86
85.854,8.58,8.03,11.0,95.15,118.69,136.07,374.33,175.56,0.0,0.0,0.0,0.0,0.0,0.0,0.0,2.86,927.41,2.86
85.864,3.41,6.38,8.25,79.42,118.69,136.07,390.61,187.66,0.0,0.0,0.0,0.0,0.0,0.0,0.0,0.0,930.49,0.0
85.874,0.0,3.19,5.5,66.55,111.87,137.61,408.76,201.52,0.0,0.0,0.0,0.0,0.0,0.0,0.0,2.86,935.0,2.86
85.884,0.0,4.84,5.5,56.76,108.68,137.61,421.41,210.21,0.0,0.0,0.0,0.0,0.0,0.0,0.0,2.86,945.01,2.86
85.894,0.0,4.84,4.07,47.3,101.31,136.07,437.69,218.79,0.0,0.0,0.0,0.0,0.0,0.0,0.0,0.0,950.07,0.0
85.904,0.0,4.84,4.07,37.84,93.94,134.53,448.58,227.48,0.0,0.0,0.0,0.0,0.0,0.0,0.0,2.86,951.28,2.86
85.914,0.0,4.84,4.07,28.38,83.71,130.02,461.23,236.06,3.63,0.0,0.0,0.0,0.0,0.0,0.0,0.0,948.31,3.63
85.924,0.0,4.84,5.5,20.02,71.94,123.86,473.88,241.23,4.84,0.0,0.0,0.0,0.0,0.0,0.0,0.0,941.27,4.84
85.934,0.0,4.84,5.5,10.56,61.6,116.16,479.27,242.88,14.74,0.0,0.0,0.0,0.0,0.0,0.0,0.0,920.81,14.74
85.944,0.0,3.19,2.75,7.04,47.3,103.07,481.03,244.64,29.59,0.0,0.0,0.0,3.3,0.0,0.0,2.86,889.02,35.75
85.954,0.0,4.84,4.07,5.83,32.01,91.85,479.27,239.47,46.86,0.0,0.0,4.73,3.3,2.31,0.0,2.86,857.34,60.06
85.964,0.0,3.19,4.07,4.73,27.83,77.66,462.99,230.89,69.96,9.9,0.0,4.73,4.95,4.73,4.07,0.0,811.36,98.34
85.974,0.0,4.84,4.07,3.52,27.83,59.29,430.43,215.38,104.83,144.65,50.05,7.92,6.6,5.83,2.75,4.4,745.36,327.03
85.984,0.0,3.19,5.5,2.31,27.83,45.87,376.09,204.93,100.76,235.73,140.58,9.46,11.55,5.83,4.07,4.4,665.72,512.38
85.994,0.0,4.84,5.5,3.52,27.83,31.46,276.1,192.83,94.05,278.08,205.59,73.59,18.15,11.77,6.82,8.8,542.08,696.85
86.004,0.0,4.84,4.07,3.52,25.08,26.18,158.07,180.73,92.73,278.08,251.68,95.92,38.06,15.4,13.75,13.2,402.49,798.82
86.014,0.0,4.84,4.07,2.31,22.22,23.54,80.19,157.96,94.05,278.08,271.48,104.94,47.96,15.4,15.18,16.06,295.13,843.15
86.024,0.0,4.84,4.07,0.0,16.72,20.9,47.74,108.57,90.09,274.56,278.08,109.34,57.97,17.71,19.25,19.03,202.84,866.03
86.034,0.0,4.84,2.75,0.0,13.86,15.73,36.19,72.82,87.34,272.8,273.13,115.5,61.05,20.13,31.68,23.43,146.19,885.06
86.044,0.0,3.19,2.75,0.0,9.68,11.77,24.53,44.11,84.7,274.56,268.18,120.23,64.13,24.86,37.18,22.0,96.03,895.84
86.054,0.0,3.19,4.07,0.0,5.5,7.81,17.38,20.68,86.02,279.73,264.88,123.42,62.59,26.07,39.93,23.43,58.63,906.07
86.064,0.0,3.19,2.75,0.0,4.18,3.85,12.98,9.57,86.02,284.79,256.63,126.61,65.67,27.28,41.36,24.86,36.52,913.22
86.074,0.0,3.19,2.75,0.0,2.75,2.53,8.69,4.07,88.77,291.5,254.98,126.61,64.13,27.28,39.93,24.86,23.98,918.06
86.084,0.0,3.19,0.0,0.0,4.18,2.53,8.69,4.07,90.09,298.21,248.38,129.69,64.13,27.28,41.36,23.43,22.66,922.57
86.094,0.0,0.0,0.0,0.0,0.0,2.53,7.15,2.75,87.34,299.97,238.48,132.88,64.13,28.38,39.93,24.86,12.43,915.97
86.104,0.0,0.0,0.0,0.0,2.75,3.85,7.15,0.0,82.06,296.56,226.93,137.61,65.67,29.59,41.36,24.86,13.75,904.64
86.114,0.0,0.0,0.0,0.0,0.0,0.0,5.72,2.75,76.67,294.91,215.38,139.15,65.67,30.8,45.54,26.4,8.47,894.52
86.124,0.0,3.19,2.75,0.0,0.0,3.85,4.29,0.0,68.64,284.79,203.94,143.99,68.75,32.01,46.86,24.86,14.08,873.84
86.134,0.0,3.19,0.0,0.0,0.0,2.53,4.29,0.0,61.93,279.73,194.26,150.26,70.29,33.22,49.61,27.83,10.01,867.13
86.144,0.0,0.0,0.0,0.0,0.0,0.0,4.29,0.0,56.65,267.52,182.82,153.45,71.83,34.32,49.61,24.86,4.29,841.06
86.154,0.0,0.0,0.0,0.0,0.0,2.53,4.29,0.0,50.49,255.2,173.03,156.53,74.91,34.32,53.79,27.83,6.82,826.1
86.164,0.0,3.19,2.75,0.0,0.0,0.0,2.86,0.0,45.54,244.53,163.57,159.72,76.45,39.05,57.97,24.86,8.8,811.69
86.174,0.0,0.0,0.0,0.0,0.0,0.0,2.86,0.0,39.38,230.45,152.79,164.45,79.64,41.47,63.91,29.26,2.86,801.35
86.184,0.0,3.19,0.0,0.0,0.0,0.0,0.0,0.0,36.96,221.65,146.74,171.27,79.64,42.68,65.34,27.83,3.19,792.11
86.194,0.0,0.0,2.75,0.0,0.0,0.0,0.0,0.0,34.43,211.53,139.04,174.68,82.72,46.2,71.39,30.8,2.75,790.79
86.204,0.0,0.0,0.0,0.0,0.0,0.0,0.0,0.0,33.22,203.17,128.37,179.85,84.26,48.62,72.82,30.8,0.0,781.11
86.214,0.0,3.19,0.0,0.0,0.0,0.0,0.0,0.0,30.8,191.29,122.21,185.02,87.34,50.93,75.79,30.8,3.19,774.18
86.224,0.0,0.0,0.0,0.0,0.0,0.0,0.0,0.0,29.59,181.17,114.51,188.54,87.34,52.14,83.27,33.66,0.0,770.22
86.234,0.0,0.0,0.0,0.0,0.0,0.0,0.0,0.0,28.27,171.05,106.81,191.95,88.88,55.77,89.21,33.66,0.0,765.6
86.244,0.0,0.0,0.0,0.0,0.0,0.0,0.0,0.0,25.85,156.2,97.46,193.71,93.5,58.74,95.26,33.66,0.0,754.38
86.254,0.0,3.19,0.0,0.0,0.0,0.0,0.0,0.0,24.64,144.65,94.38,191.95,93.5,63.25,107.14,36.63,3.19,756.14
86.264,0.0,0.0,2.75,0.0,0.0,0.0,0.0,0.0,24.64,131.56,91.3,188.54,101.31,70.84,119.35,38.06,2.75,765.6
86.274,0.0,3.19,0.0,0.0,0.0,0.0,0.0,0.0,23.43,120.01,86.68,183.37,104.39,75.35,133.1,39.6,3.19,765.93
86.284,0.0,0.0,0.0,0.0,0.0,0.0,0.0,0.0,22.11,104.06,83.49,178.09,109.01,79.86,146.96,39.6,0.0,763.18
86.294,0.0,0.0,0.0,0.0,0.0,0.0,0.0,0.0,20.9,93.28,80.41,167.75,115.28,87.34,162.25,42.46,0.0,769.67
86.304,0.0,3.19,0.0,0.0,0.0,0.0,0.0,0.0,19.69,80.96,75.79,164.45,121.66,90.42,181.5,44.0,3.19,778.47
86.314,0.0,3.19,2.75,0.0,0.0,0.0,0.0,0.0,18.48,68.64,69.52,161.26,129.8,96.47,202.51,46.86,5.94,793.54
86.324,0.0,0.0,0.0,0.0,0.0,0.0,0.0,0.0,17.16,56.1,61.82,161.26,134.64,100.98,218.79,51.26,0.0,802.01
86.334,0.0,0.0,0.0,0.0,0.0,0.0,0.0,0.0,15.95,44.55,51.48,158.18,142.78,103.95,237.16,57.2,0.0,811.25
86.344,0.0,0.0,0.0,0.0,0.0,0.0,0.0,0.0,15.95,37.95,40.04,154.99,147.62,108.46,250.91,61.82,0.0,817.74
86.354,0.0,3.19,2.75,0.0,0.0,0.0,0.0,0.0,14.74,31.35,28.6,151.8,155.76,110.0,268.18,64.9,5.94,825.33
86.364,0.0,0.0,2.75,0.0,0.0,0.0,0.0,0.0,14.74,21.45,20.02,153.45,158.95,113.08,283.58,75.57,2.75,840.84
86.374,0.0,3.19,0.0,0.0,0.0,0.0,0.0,0.0,13.53,18.15,12.87,150.26,162.25,114.73,300.63,80.19,3.19,852.61
86.384,0.0,0.0,2.75,0.0,0.0,0.0,0.0,0.0,7.37,11.55,7.15,143.99,168.74,118.25,317.57,87.89,2.75,862.51
86.394,0.0,0.0,0.0,0.0,0.0,0.0,0.0,0.0,6.16,13.2,8.58,131.34,168.74,118.25,334.62,97.02,0.0,877.91
86.404,0.0,0.0,0.0,0.0,0.0,0.0,0.0,0.0,3.63,8.25,7.15,121.88,172.15,120.01,353.43,104.72,0.0,891.22
86.414,0.0,0.0,0.0,0.0,0.0,0.0,0.0,0.0,2.42,6.6,7.15,107.91,168.74,118.25,372.13,112.42,0.0,895.62
86.424,0.0,0.0,0.0,0.0,0.0,0.0,0.0,0.0,2.42,6.6,5.72,91.52,170.39,120.01,385.77,120.34,0.0,902.77
86.4339,3.41,0.0,0.0,0.0,0.0,0.0,0.0,0.0,0.0,4.95,4.29,79.53,165.44,116.49,403.37,125.18,3.41,899.25
86.4439,5.06,0.0,0.0,0.0,0.0,0.0,0.0,0.0,0.0,4.95,2.86,66.11,162.25,116.49,412.39,129.91,5.06,894.96
86.4539,10.23,0.0,0.0,2.31,0.0,0.0,0.0,0.0,0.0,3.3,4.29,54.12,157.41,113.08,426.69,134.75,12.54,893.64
86.4639,22.33,0.0,0.0,2.31,2.75,0.0,0.0,0.0,0.0,4.95,4.29,46.2,149.27,110.0,435.6,139.48,27.39,889.79
86.4739,48.18,0.0,0.0,3.52,2.75,2.53,0.0,0.0,0.0,0.0,4.29,34.98,142.78,108.46,440.99,141.13,56.98,872.63
86.4839,74.03,0.0,0.0,2.31,4.18,2.53,0.0,0.0,0.0,3.3,4.29,23.87,131.45,99.44,446.38,142.78,83.05,851.51
86.4939,98.12,0.0,0.0,3.52,5.5,3.85,0.0,0.0,0.0,3.3,2.86,14.3,118.47,91.96,442.75,139.48,110.99,813.12
86.5039,132.88,24.31,52.47,5.83,5.5,2.53,0.0,0.0,0.0,3.3,2.86,12.65,104.39,79.86,432.08,134.75,223.52,769.89
86.5139,136.4,102.52,120.34,5.83,5.5,3.85,2.86,2.75,0.0,3.3,2.86,11.11,84.26,66.22,408.76,126.72,380.05,703.23
86.5239,125.84,149.27,169.62,27.17,5.5,3.85,2.86,4.07,0.0,0.0,2.86,12.65,62.59,52.14,375.54,120.34,488.18,626.12
86.5339,118.91,164.34,208.01,49.61,8.36,9.13,4.29,6.82,0.0,3.3,2.86,11.11,52.91,42.68,307.34,117.15,569.47,537.35
86.5439,115.39,166.1,233.31,60.83,26.4,18.26,14.41,13.75,0.0,3.3,2.86,12.65,46.31,34.32,196.02,120.34,648.45,415.8
86.5539,115.39,164.34,247.5,67.98,30.58,34.1,36.19,20.68,0.0,0.0,2.86,12.65,36.41,26.07,99.66,117.15,716.76,294.8
86.5639,117.15,169.51,261.69,69.41,37.62,44.55,60.83,22.0,0.0,3.3,0.0,9.46,28.05,21.34,45.54,90.97,782.76,198.66
86.5739,120.67,171.27,274.23,69.41,41.8,51.15,80.19,24.75,0.0,0.0,0.0,9.46,23.1,16.61,30.36,60.28,833.47,139.81
86.5839,124.19,171.27,285.12,69.41,43.12,53.79,93.61,24.75,0.0,0.0,2.86,4.73,18.15,12.98,23.43,44.0,865.26,106.15
86.5939,129.36,176.55,288.86,69.41,47.3,57.86,102.63,27.5,0.0,0.0,0.0,6.27,14.85,9.46,16.5,33.66,899.47,80.74
86.6039,132.88,180.07,294.47,67.98,48.73,59.29,110.0,27.5,0.0,0.0,0.0,4.73,9.9,5.83,13.75,20.46,920.92,54.67
86.6139,138.16,181.83,296.34,67.98,50.16,62.15,114.62,26.18,0.0,0.0,0.0,3.08,6.6,4.73,11.0,8.8,937.42,34.21
86.6239,139.92,185.35,296.34,66.55,50.16,62.15,114.62,27.5,0.0,0.0,2.86,3.08,4.95,2.31,9.57,4.4,942.59,27.17
86.6339,141.57,187.11,296.34,67.98,51.48,62.15,116.27,27.5,0.0,0.0,0.0,3.08,3.3,3.52,8.25,4.4,950.4,22.55
86.6439,141.57,187.11,290.73,67.98,51.48,62.15,117.81,28.93,0.0,0.0,0.0,0.0,3.3,3.52,5.5,4.4,947.76,16.72
86.6539,139.92,185.35,288.86,69.41,51.48,62.15,117.81,28.93,0.0,0.0,0.0,3.08,0.0,3.52,6.82,5.83,943.91,19.25
86.6639,134.64,183.59,281.38,67.98,51.48,62.15,117.81,28.93,0.0,0.0,0.0,3.08,0.0,0.0,6.82,4.4,927.96,14.3
86.6739,129.36,176.55,272.47,69.41,51.48,63.58,116.27,28.93,0.0,0.0,0.0,3.08,0.0,2.31,5.5,0.0,908.05,10.89
86.6839,122.43,174.79,261.69,72.27,51.48,63.58,117.81,28.93,0.0,0.0,0.0,3.08,0.0,2.31,5.5,4.4,892.98,15.29
86.6939,113.63,167.75,252.89,73.7,51.48,66.33,117.81,28.93,0.0,0.0,0.0,3.08,0.0,0.0,4.07,4.4,872.52,11.55
86.7039,106.7,162.69,243.98,75.13,52.91,67.76,117.81,28.93,0.0,0.0,0.0,3.08,0.0,0.0,4.07,2.86,855.91,10.01
86.7139,98.12,157.63,231.44,77.99,51.48,69.19,119.46,28.93,0.0,0.0,0.0,3.08,0.0,2.31,0.0,0.0,834.24,5.39
86.7239,91.19,152.68,222.64,80.85,51.48,69.19,121.11,28.93,0.0,0.0,0.0,0.0,0.0,0.0,4.07,2.86,818.07,6.93
86.7339,84.37,144.21,211.64,83.71,52.91,73.48,121.11,30.36,0.0,0.0,0.0,3.08,0.0,0.0,4.07,0.0,801.79,7.15
86.7439,79.2,140.91,202.51,88.0,51.48,73.48,124.3,30.36,0.0,0.0,0.0,0.0,0.0,0.0,0.0,2.86,790.24,2.86
86.7539,72.27,134.2,193.38,90.86,55.77,77.66,129.14,30.36,0.0,0.0,0.0,0.0,0.0,2.31,0.0,2.86,783.64,5.17
86.7639,67.1,127.49,184.14,92.29,57.2,81.95,132.33,31.68,0.0,0.0,0.0,0.0,0.0,0.0,0.0,2.86,774.18,2.86
86.7739,61.93,119.13,180.51,95.15,60.17,83.38,140.36,34.43,0.0,0.0,0.0,0.0,0.0,2.31,0.0,0.0,775.06,2.31
86.7839,60.17,114.07,171.38,98.01,61.6,87.56,146.85,34.43,0.0,0.0,0.0,0.0,0.0,0.0,0.0,2.86,774.07,2.86
86.7939,56.76,107.47,164.67,102.3,64.57,90.42,151.58,38.61,0.0,0.0,0.0,0.0,0.0,0.0,0.0,0.0,776.38,0.0
86.8039,53.35,100.87,154.77,105.16,67.54,93.17,158.07,41.36,0.0,0.0,0.0,0.0,0.0,0.0,2.75,0.0,774.29,2.75
86.8139,51.59,94.38,151.47,108.02,70.4,93.17,164.45,44.11,0.0,0.0,0.0,0.0,0.0,0.0,2.75,2.86,777.59,5.61
86.8239,48.18,89.43,140.03,112.42,74.8,98.89,174.24,48.29,0.0,0.0,0.0,0.0,0.0,0.0,2.75,0.0,786.28,2.75
86.8339,46.42,79.64,133.43,117.04,77.77,101.75,186.56,55.11,0.0,0.0,0.0,0.0,0.0,0.0,2.75,2.86,797.72,5.61
86.8439,43.01,73.04,123.64,121.66,82.17,104.5,197.12,59.4,0.0,0.0,0.0,0.0,0.0,0.0,0.0,2.86,804.54,2.86
86.8539,39.6,64.9,112.2,124.74,85.14,110.22,207.57,65.34,0.0,0.0,0.0,0.0,0.0,0.0,0.0,0.0,809.71,0.0
86.8639,36.08,55.11,102.85,127.82,89.54,113.08,221.65,72.82,0.0,0.0,0.0,0.0,0.0,0.0,0.0,2.86,818.95,2.86
86.8739,34.43,46.97,91.96,129.36,92.51,114.62,235.29,80.3,0.0,0.0,0.0,0.0,0.0,0.0,0.0,0.0,825.44,0.0
86.8839,32.67,37.18,77.99,134.09,98.34,120.78,247.17,90.75,0.0,0.0,0.0,0.0,0.0,0.0,0.0,0.0,838.97,0.0
86.8939,29.26,32.34,67.1,132.55,101.31,123.86,260.81,98.12,0.0,0.0,0.0,0.0,0.0,0.0,0.0,0.0,845.35,0.0
86.9039,27.5,24.31,52.47,137.17,108.68,126.94,272.69,107.14,0.0,0.0,0.0,0.0,0.0,0.0,0.0,0.0,856.9,0.0
86.9139,25.74,19.36,40.04,135.63,113.63,130.02,287.76,117.81,0.0,0.0,0.0,0.0,0.0,0.0,0.0,0.0,869.99,0.0
86.9239,24.09,14.52,27.61,134.09,118.69,131.45,306.02,128.59,0.0,0.0,0.0,0.0,0.0,0.0,0.0,0.0,885.06,0.0
86.9339,20.57,11.33,19.25,132.55,120.45,134.53,321.09,136.29,0.0,0.0,0.0,0.0,0.0,0.0,0.0,0.0,896.06,0.0
86.9439,18.92,11.33,15.18,127.82,122.1,137.61,336.16,147.18,0.0,0.0,0.0,0.0,0.0,0.0,0.0,2.86,916.3,2.86
86.9539,13.75,9.68,12.43,120.12,122.1,139.15,354.31,159.5,0.0,0.0,0.0,0.0,0.0,0.0,0.0,0.0,931.04,0.0
86.9639,8.58,8.03,11.0,112.42,122.1,139.15,367.07,170.39,0.0,0.0,0.0,0.0,0.0,0.0,0.0,0.0,938.74,0.0
86.9739,0.0,4.84,6.82,102.3,118.69,143.77,383.35,180.73,0.0,0.0,0.0,0.0,0.0,0.0,0.0,0.0,940.5,0.0
86.9839,0.0,4.84,5.5,92.29,117.04,145.31,394.24,194.59,0.0,0.0,0.0,0.0,0.0,0.0,0.0,2.86,953.81,2.86
86.9939,0.0,4.84,5.5,79.42,110.22,145.31,406.89,203.28,2.42,0.0,0.0,0.0,0.0,0.0,0.0,0.0,955.46,2.42
87.0039,0.0,4.84,5.5,65.12,101.31,145.31,419.54,211.86,3.63,0.0,0.0,0.0,0.0,0.0,0.0,0.0,953.48,3.63
87.0139,0.0,4.84,5.5,52.03,93.94,143.77,432.3,218.79,6.16,0.0,0.0,0.0,0.0,0.0,0.0,0.0,951.17,6.16
87.0239,0.0,3.19,4.07,41.36,83.71,137.61,441.32,222.31,11.0,0.0,0.0,0.0,0.0,0.0,0.0,0.0,933.57,11.0
87.0339,0.0,3.19,4.07,29.48,71.94,132.99,450.34,225.72,23.43,0.0,0.0,3.08,0.0,0.0,0.0,0.0,917.73,26.51
87.0439,0.0,4.84,5.5,16.5,58.63,122.32,453.97,227.48,39.38,0.0,0.0,3.08,3.3,0.0,0.0,0.0,889.24,45.76
87.0539,0.0,4.84,5.5,9.46,45.98,111.65,453.97,220.55,54.23,0.0,0.0,3.08,3.3,3.52,0.0,2.86,851.95,66.99
87.0639,0.0,4.84,4.07,7.04,32.01,96.03,441.32,213.62,80.74,14.85,0.0,4.73,4.95,4.73,2.75,2.86,798.93,115.61
87.0739,0.0,3.19,4.07,7.04,27.83,77.66,410.52,204.93,118.69,144.65,51.48,6.27,4.95,4.73,4.07,2.86,735.24,337.7
87.0839,0.0,4.84,5.5,5.83,27.83,56.43,352.55,191.07,104.83,228.69,129.91,11.11,8.25,4.73,4.07,2.86,644.05,494.45
87.0939,0.0,3.19,5.5,4.73,27.83,40.59,252.23,182.49,90.09,276.43,189.31,67.65,13.2,10.67,9.57,8.8,516.56,665.72
87.1039,0.0,4.84,4.07,2.31,23.65,27.5,138.71,173.8,86.02,288.2,231.88,99.0,31.46,14.19,12.32,13.2,374.88,776.27
87.1139,0.0,4.84,4.07,2.31,19.47,23.54,66.77,145.64,87.34,288.2,253.33,110.88,47.96,15.4,13.75,13.2,266.64,830.06
87.1239,0.0,3.19,2.75,2.31,16.72,20.9,43.45,93.72,86.02,288.2,261.58,120.23,56.21,17.71,16.5,16.06,183.04,862.51
87.1339,0.0,4.84,0.0,0.0,12.54,15.73,30.36,66.88,83.38,286.44,259.93,123.42,61.05,21.34,27.5,22.0,130.35,885.06
87.1439,0.0,3.19,2.75,0.0,6.93,10.45,20.24,42.68,79.31,283.14,253.33,131.34,65.67,26.07,33.11,22.0,86.24,893.97
87.1539,0.0,3.19,0.0,0.0,5.5,7.81,12.98,16.5,77.99,288.2,248.38,136.07,68.75,28.38,39.93,23.43,45.98,911.13
87.1639,0.0,3.19,2.75,0.0,2.75,3.85,10.12,5.5,76.67,286.44,241.78,140.8,68.75,33.22,42.68,22.0,28.16,912.34
87.1739,0.0,3.19,0.0,0.0,4.18,2.53,8.69,4.07,75.35,291.5,238.48,145.53,68.75,33.22,46.86,24.86,22.66,924.55
87.1839,0.0,3.19,0.0,0.0,2.75,2.53,8.69,0.0,72.6,291.5,230.23,151.8,73.37,35.53,49.61,24.86,17.16,929.5
87.1939,0.0,3.19,0.0,0.0,0.0,3.85,7.15,2.75,68.64,288.2,220.33,158.18,76.45,36.74,53.79,26.4,16.94,928.73
87.2039,0.0,3.19,0.0,0.0,2.75,3.85,4.29,0.0,61.93,283.14,212.19,162.91,78.1,40.26,57.97,26.4,14.08,922.9
87.2139,0.0,0.0,2.75,0.0,0.0,2.53,5.72,0.0,56.65,274.56,199.1,167.75,81.18,43.89,60.94,27.83,11.0,911.9
87.2239,0.0,3.19,2.75,0.0,0.0,3.85,4.29,0.0,51.7,265.76,190.96,171.27,82.72,44.99,65.34,27.83,14.08,900.57
87.2339,0.0,3.19,2.75,0.0,0.0,2.53,4.29,0.0,46.86,256.96,179.52,171.27,82.72,47.41,68.31,27.83,12.76,880.88
87.2439,0.0,0.0,2.75,0.0,0.0,0.0,4.29,0.0,41.91,244.53,168.19,176.44,85.8,48.62,72.82,29.26,7.04,867.57
87.2539,0.0,0.0,2.75,0.0,0.0,0.0,4.29,0.0,38.17,233.97,158.95,176.44,85.8,49.83,72.82,27.83,7.04,843.81
87.2639,0.0,0.0,0.0,0.0,0.0,2.53,2.86,0.0,35.75,221.65,148.28,183.37,88.88,52.14,75.79,29.26,5.39,835.12
87.2739,0.0,0.0,0.0,0.0,0.0,0.0,2.86,0.0,32.01,208.23,135.96,188.54,87.34,53.35,80.3,30.8,2.86,816.53
87.2839,0.0,0.0,0.0,0.0,0.0,0.0,2.86,0.0,30.8,196.35,122.21,195.47,88.88,55.77,81.84,32.23,2.86,803.55
87.2939,0.0,3.19,0.0,0.0,0.0,0.0,2.86,0.0,28.27,184.58,109.89,198.88,93.5,55.77,83.27,32.23,6.05,786.39
87.3039,0.0,0.0,0.0,0.0,0.0,0.0,2.86,0.0,27.06,174.46,97.46,202.29,91.96,60.28,84.81,30.8,2.86,769.12
87.3139,0.0,0.0,0.0,0.0,0.0,0.0,0.0,0.0,24.64,162.8,88.22,202.29,95.04,61.71,89.21,32.23,0.0,756.14
87.3239,0.0,0.0,2.75,0.0,0.0,0.0,0.0,0.0,23.43,149.6,80.41,207.46,98.23,64.79,95.26,33.66,2.75,752.84
87.3339,0.0,0.0,0.0,0.0,0.0,0.0,0.0,0.0,22.11,136.51,71.06,207.46,98.23,69.3,102.74,35.2,0.0,742.61
87.3439,0.0,0.0,0.0,0.0,0.0,0.0,0.0,0.0,20.9,121.66,66.44,207.46,104.39,72.27,111.65,35.2,0.0,739.97
87.3539,0.0,0.0,0.0,0.0,0.0,0.0,0.0,0.0,19.69,107.14,60.28,204.05,105.93,78.32,123.97,38.06,0.0,737.44
87.3639,0.0,0.0,0.0,0.0,0.0,0.0,0.0,0.0,18.48,93.28,57.2,195.47,112.09,82.83,137.72,36.63,0.0,733.7
87.3739,0.0,0.0,0.0,0.0,0.0,0.0,0.0,0.0,18.48,80.96,54.34,191.95,113.63,87.34,151.47,39.6,0.0,737.77
87.3839,0.0,0.0,2.75,0.0,0.0,0.0,0.0,0.0,18.48,71.72,50.05,181.61,123.31,91.96,168.52,42.46,2.75,748.11
87.3939,0.0,0.0,0.0,0.0,0.0,0.0,0.0,0.0,17.16,62.48,45.76,178.09,128.15,96.47,183.15,42.46,0.0,753.72
87.4039,0.0,0.0,0.0,0.0,0.0,0.0,0.0,0.0,15.95,51.15,42.9,174.68,131.45,100.98,202.51,45.43,0.0,765.05
87.4139,0.0,0.0,0.0,0.0,0.0,0.0,0.0,0.0,15.95,44.55,37.18,169.51,136.29,105.49,220.44,48.4,0.0,777.81
87.4239,0.0,0.0,0.0,0.0,0.0,0.0,0.0,0.0,14.74,34.65,28.6,167.75,142.78,108.46,237.16,51.26,0.0,785.4
87.4339,0.0,0.0,0.0,0.0,0.0,0.0,0.0,0.0,14.74,28.05,20.02,161.26,150.92,111.54,249.26,54.23,0.0,790.02
87.4439,0.0,0.0,0.0,0.0,0.0,0.0,0.0,0.0,14.74,19.8,14.3,161.26,154.11,113.08,269.83,57.2,0.0,804.32
87.4539,0.0,0.0,0.0,0.0,0.0,0.0,0.0,0.0,11.0,16.5,10.01,154.99,158.95,114.73,283.58,66.44,0.0,816.2
87.4639,0.0,0.0,2.75,0.0,0.0,0.0,0.0,0.0,7.37,13.2,8.58,150.26,157.41,118.25,298.87,71.06,2.75,825.0
87.4739,0.0,0.0,0.0,0.0,0.0,0.0,0.0,0.0,4.84,9.9,8.58,142.34,160.6,121.77,312.51,77.11,0.0,837.65
87.4839,0.0,0.0,2.75,0.0,0.0,0.0,0.0,0.0,3.63,8.25,7.15,132.88,157.41,123.42,329.56,86.35,2.75,848.65
87.4939,0.0,0.0,0.0,0.0,0.0,0.0,0.0,0.0,3.63,8.25,2.86,118.69,160.6,125.18,343.2,93.94,0.0,856.35
87.5039,0.0,0.0,0.0,0.0,0.0,0.0,0.0,0.0,2.42,6.6,5.72,103.4,160.6,123.42,361.9,101.64,0.0,865.7
87.5139,0.0,0.0,0.0,0.0,0.0,0.0,0.0,0.0,0.0,6.6,4.29,91.52,158.95,123.42,375.54,107.8,0.0,868.12
87.5239,0.0,0.0,0.0,0.0,0.0,0.0,0.0,0.0,0.0,4.95,4.29,79.53,155.76,125.18,385.77,112.42,0.0,867.9
87.5339,0.0,0.0,0.0,0.0,0.0,0.0,0.0,0.0,0.0,3.3,2.86,67.65,152.46,123.42,398.09,118.8,0.0,866.58
87.5439,0.0,0.0,0.0,0.0,0.0,0.0,0.0,0.0,0.0,4.95,2.86,55.77,147.62,121.77,408.76,121.99,0.0,863.72
87.5539,3.41,0.0,0.0,0.0,0.0,0.0,0.0,0.0,0.0,4.95,2.86,46.2,141.13,118.25,421.3,125.18,3.41,859.87
87.5639,8.58,0.0,0.0,0.0,2.75,0.0,0.0,0.0,0.0,3.3,2.86,34.98,136.29,114.73,430.21,128.37,11.33,850.74
87.5739,22.33,0.0,0.0,0.0,0.0,0.0,0.0,0.0,0.0,3.3,2.86,27.06,128.15,108.46,430.21,129.91,22.33,829.95
87.5839,55.11,0.0,0.0,2.31,2.75,2.53,0.0,0.0,0.0,3.3,0.0,15.84,118.47,102.52,430.21,126.72,62.7,797.06
87.5939,86.02,0.0,0.0,3.52,4.18,2.53,0.0,0.0,0.0,0.0,0.0,12.65,107.47,93.39,426.69,126.72,96.25,766.92
87.6039,113.63,0.0,0.0,3.52,4.18,3.85,0.0,0.0,0.0,0.0,2.86,12.65,90.42,78.32,408.76,121.99,125.18,715.0
87.6139,152.13,48.62,73.37,5.83,5.5,2.53,2.86,2.75,0.0,3.3,2.86,9.46,73.37,66.22,385.77,113.96,293.59,654.94
87.6239,148.61,134.2,144.98,7.04,4.18,3.85,2.86,0.0,0.0,0.0,2.86,11.11,56.21,55.77,350.02,107.8,445.72,583.77
87.6339,134.64,181.83,202.51,37.84,8.36,7.81,4.29,2.75,0.0,0.0,0.0,14.3,49.61,44.99,275.0,113.96,580.03,497.86
87.6439,129.36,190.63,247.5,60.83,20.9,13.09,10.12,12.32,0.0,3.3,2.86,12.65,43.01,36.74,165.33,120.34,684.75,384.23
87.6539,131.12,188.87,272.47,67.98,32.01,30.14,33.22,20.68,0.0,0.0,2.86,12.65,33.11,24.86,90.75,117.15,776.49,281.38
87.6639,131.12,188.87,288.86,73.7,37.62,44.55,57.86,22.0,0.0,0.0,0.0,11.11,28.05,21.34,45.54,92.51,844.58,198.55
87.6739,132.88,188.87,301.95,72.27,43.12,52.47,81.73,26.18,0.0,3.3,0.0,6.27,23.1,16.61,33.11,63.36,899.47,145.75
87.6839,134.64,188.87,311.3,72.27,47.3,59.29,99.55,27.5,0.0,0.0,0.0,6.27,18.15,12.98,26.18,49.83,940.72,113.41
87.6939,138.16,190.63,311.3,70.84,51.48,62.15,111.54,27.5,0.0,0.0,0.0,7.92,14.85,8.25,20.68,39.6,963.6,91.3
87.7039,139.92,190.63,315.04,72.27,50.16,63.58,117.81,30.36,0.0,0.0,0.0,4.73,8.25,7.04,13.75,24.86,979.77,58.63
87.7139,141.57,192.39,313.17,70.84,52.91,63.58,121.11,31.68,0.0,0.0,0.0,4.73,8.25,4.73,9.57,11.66,987.25,38.94
87.7239,141.57,192.39,311.3,69.41,51.48,63.58,121.11,28.93,0.0,0.0,0.0,4.73,3.3,3.52,9.57,5.83,979.77,26.95
87.7339,139.92,192.39,305.69,69.41,52.91,66.33,122.65,30.36,0.0,0.0,0.0,3.08,3.3,3.52,8.25,4.4,979.66,22.55
87.7439,138.16,188.87,298.21,69.41,52.91,64.9,121.11,28.93,0.0,0.0,0.0,0.0,3.3,2.31,8.25,4.4,962.5,18.26
87.7539,131.12,185.35,290.73,69.41,52.91,64.9,121.11,28.93,0.0,0.0,0.0,3.08,3.3,0.0,6.82,4.4,944.46,17.6
87.7639,124.19,180.07,277.75,70.84,51.48,66.33,121.11,28.93,0.0,0.0,0.0,3.08,3.3,3.52,4.07,4.4,920.7,18.37
87.7739,115.39,173.03,267.08,70.84,52.91,66.33,122.65,28.93,0.0,0.0,0.0,3.08,0.0,2.31,5.5,2.86,897.16,13.75
87.7839,106.7,167.75,256.41,73.7,52.91,69.19,122.65,30.36,0.0,0.0,0.0,0.0,0.0,2.31,4.07,2.86,879.67,9.24
87.7939,101.53,161.04,247.5,73.7,52.91,69.19,122.65,30.36,0.0,0.0,0.0,3.08,0.0,0.0,2.75,0.0,858.88,5.83
87.8039,92.95,154.33,235.07,76.56,54.34,70.62,127.49,28.93,0.0,0.0,0.0,0.0,0.0,0.0,5.5,2.86,840.29,8.36
87.8139,87.78,150.92,227.92,75.13,51.48,72.05,127.49,31.68,0.0,0.0,0.0,0.0,0.0,2.31,0.0,0.0,824.45,2.31
87.8239,82.61,144.21,217.14,77.99,54.34,74.8,132.33,31.68,0.0,0.0,0.0,3.08,3.3,0.0,4.07,2.86,815.1,13.31
87.8339,77.44,140.91,208.01,82.28,54.34,76.23,133.98,33.11,0.0,0.0,0.0,3.08,0.0,0.0,4.07,2.86,806.3,10.01
87.8439,72.27,134.2,200.64,83.71,57.2,77.66,138.71,33.11,0.0,0.0,0.0,0.0,0.0,0.0,4.07,0.0,797.5,4.07
87.8539,68.86,129.14,193.38,86.57,60.17,80.52,143.55,34.43,0.0,0.0,0.0,0.0,0.0,0.0,4.07,0.0,796.62,4.07
87.8638,63.69,122.43,184.14,90.86,61.6,81.95,146.85,37.18,0.0,0.0,0.0,0.0,0.0,0.0,0.0,0.0,788.7,0.0
87.8738,60.17,117.37,175.01,95.15,64.57,87.56,153.23,39.93,0.0,0.0,0.0,0.0,0.0,0.0,2.75,2.86,792.99,5.61
87.8838,58.52,110.77,167.97,98.01,67.54,88.99,159.72,41.36,0.0,0.0,0.0,0.0,0.0,0.0,2.75,4.4,792.88,7.15
87.8938,55.11,104.17,159.72,100.87,67.54,93.17,169.29,46.86,0.0,0.0,0.0,0.0,0.0,0.0,0.0,0.0,796.73,0.0
87.9038,51.59,97.68,153.12,103.73,71.94,97.46,177.76,49.61,0.0,0.0,0.0,0.0,0.0,0.0,0.0,0.0,802.89,0.0
87.9138,49.94,89.43,144.98,106.59,74.8,100.32,186.56,53.79,0.0,0.0,0.0,3.08,0.0,0.0,0.0,0.0,806.41,3.08
87.9238,48.18,84.48,136.73,109.45,77.77,103.07,191.84,59.4,0.0,0.0,0.0,0.0,0.0,0.0,0.0,2.86,810.92,2.86
87.9338,44.77,76.34,126.94,112.42,82.17,105.93,205.81,63.91,0.0,0.0,0.0,0.0,0.0,0.0,2.75,2.86,818.29,5.61
87.9438,43.01,69.74,120.34,115.5,85.14,107.36,216.37,69.85,0.0,0.0,0.0,3.08,0.0,0.0,0.0,2.86,827.31,5.94
87.9538,39.6,61.6,109.12,118.58,88.11,111.65,226.71,74.36,0.0,0.0,0.0,0.0,0.0,0.0,0.0,0.0,829.73,0.0
87.9638,36.08,53.46,99.77,120.12,92.51,114.62,235.29,81.73,0.0,0.0,0.0,0.0,0.0,0.0,0.0,0.0,833.58,0.0
87.9738,34.43,46.97,90.42,123.2,98.34,119.24,248.93,89.21,0.0,0.0,0.0,0.0,0.0,0.0,0.0,0.0,850.74,0.0
87.9838,30.91,38.83,76.45,124.74,102.85,120.78,262.46,96.69,0.0,0.0,0.0,0.0,0.0,0.0,0.0,0.0,853.71,0.0
87.9938,29.26,32.34,62.48,126.28,104.28,125.4,276.1,105.6,0.0,0.0,0.0,0.0,0.0,0.0,0.0,0.0,861.74,0.0
88.0038,27.5,24.31,51.04,126.28,107.25,126.94,289.41,113.19,0.0,0.0,0.0,0.0,0.0,0.0,0.0,0.0,865.92,0.0
88.0138,24.09,17.82,38.61,126.28,113.63,130.02,301.07,123.97,0.0,0.0,0.0,0.0,0.0,0.0,0.0,0.0,875.49,0.0
88.0238,24.09,12.87,23.43,121.66,117.04,132.99,312.73,130.13,0.0,0.0,0.0,0.0,0.0,0.0,0.0,0.0,874.94,0.0
88.0338,20.57,12.87,19.25,117.04,118.69,132.99,329.34,142.56,0.0,0.0,0.0,0.0,0.0,0.0,0.0,0.0,893.31,0.0
88.0438,17.16,11.33,15.18,110.88,122.1,136.07,339.79,148.72,0.0,0.0,0.0,0.0,0.0,0.0,0.0,0.0,901.23,0.0
88.0538,13.75,8.03,12.43,108.02,118.69,136.07,356.18,157.96,0.0,0.0,0.0,0.0,0.0,0.0,0.0,0.0,911.13,0.0
88.0638,10.23,9.68,11.0,100.87,120.45,137.61,370.7,167.2,0.0,0.0,0.0,0.0,0.0,0.0,0.0,0.0,927.74,0.0
88.0738,3.41,4.84,6.82,88.0,118.69,139.15,386.98,177.21,0.0,0.0,0.0,0.0,0.0,0.0,0.0,0.0,925.1,0.0
88.0838,0.0,4.84,6.82,73.7,115.28,139.15,399.63,191.07,0.0,0.0,0.0,0.0,0.0,0.0,0.0,0.0,930.49,0.0
88.0938,0.0,4.84,6.82,60.83,108.68,139.15,415.91,201.52,0.0,0.0,0.0,0.0,0.0,0.0,0.0,0.0,937.75,0.0
88.1038,0.0,4.84,5.5,50.82,102.85,137.61,428.67,211.86,2.42,0.0,0.0,0.0,0.0,0.0,0.0,0.0,942.15,2.42
88.1138,0.0,4.84,4.07,41.36,95.48,136.07,437.69,217.14,3.63,0.0,0.0,0.0,0.0,0.0,0.0,0.0,936.65,3.63
88.1238,0.0,4.84,4.07,33.11,85.14,131.45,446.71,225.72,6.16,0.0,0.0,0.0,0.0,0.0,0.0,0.0,931.04,6.16
88.1338,0.0,3.19,4.07,23.65,74.8,128.48,450.34,230.89,12.32,0.0,0.0,0.0,0.0,0.0,0.0,0.0,915.42,12.32
88.1438,0.0,4.84,5.5,14.19,63.03,119.24,457.6,230.89,24.64,0.0,0.0,0.0,0.0,0.0,0.0,0.0,895.29,24.64
88.1538,0.0,3.19,5.5,9.46,50.16,110.22,457.6,229.13,36.96,0.0,0.0,3.08,0.0,0.0,0.0,0.0,865.26,40.04
88.1638,0.0,3.19,4.07,5.83,37.62,97.46,453.97,224.07,51.7,0.0,0.0,4.73,4.95,3.52,0.0,0.0,826.21,64.9
88.1738,0.0,0.0,4.07,5.83,26.4,83.38,439.56,215.38,75.35,8.25,0.0,4.73,4.95,4.73,0.0,0.0,774.62,98.01
88.1838,0.0,4.84,4.07,4.73,26.4,63.58,410.52,204.93,102.08,134.86,55.77,4.73,8.25,3.52,2.75,0.0,719.07,311.96
88.1938,0.0,4.84,5.5,3.52,27.83,44.55,352.55,194.59,91.41,211.53,125.29,7.92,11.55,5.83,2.75,2.86,633.38,459.14
88.2038,0.0,4.84,4.07,4.73,27.83,35.42,259.05,187.66,82.06,262.24,184.47,61.71,16.5,10.67,5.5,5.83,523.6,628.98
88.2138,0.0,4.84,2.75,3.52,25.08,26.18,148.39,180.73,82.06,274.56,228.58,89.98,31.46,12.98,12.32,11.66,391.49,743.6
88.2238,0.0,4.84,0.0,0.0,22.22,24.86,80.19,161.04,86.02,278.08,253.33,100.43,44.66,14.19,11.0,16.06,293.15,803.77
88.2338,0.0,3.19,2.75,0.0,18.04,22.22,47.74,116.27,86.02,278.08,264.88,107.91,59.51,15.4,19.25,17.6,210.21,848.65
88.2438,0.0,3.19,4.07,0.0,15.29,17.05,37.62,83.27,86.02,276.43,271.48,110.88,62.59,18.92,26.18,20.46,160.49,872.96
88.2538,0.0,3.19,0.0,0.0,9.68,14.41,26.07,53.79,86.02,281.38,273.13,110.88,65.67,22.44,33.11,20.46,107.14,893.09
88.2638,0.0,3.19,2.75,0.0,6.93,9.13,18.81,27.5,87.34,284.79,273.13,115.5,67.21,24.86,39.93,23.43,68.31,916.19
88.2738,0.0,3.19,2.75,0.0,2.75,5.17,12.98,15.18,88.77,286.44,273.13,117.15,65.67,26.07,44.11,23.43,42.02,924.77
88.2838,0.0,0.0,2.75,0.0,2.75,3.85,7.15,5.5,91.41,291.5,273.13,117.15,70.29,24.86,45.54,24.86,22.0,938.74
88.2938,0.0,0.0,0.0,0.0,0.0,3.85,8.69,2.75,94.05,294.91,271.48,113.96,70.29,26.07,45.54,24.86,15.29,941.16
88.3038,0.0,0.0,0.0,0.0,0.0,3.85,7.15,2.75,92.73,294.91,266.53,115.5,70.29,27.28,46.86,23.43,13.75,937.53
88.3138,0.0,0.0,2.75,0.0,0.0,2.53,5.72,0.0,88.77,289.85,258.28,120.23,71.83,27.28,49.61,24.86,11.0,930.71
88.3238,0.0,3.19,2.75,0.0,0.0,0.0,5.72,2.75,83.38,286.44,246.73,121.88,73.37,29.59,49.61,24.86,14.41,915.86
88.3338,0.0,0.0,0.0,0.0,0.0,2.53,5.72,0.0,76.67,278.08,238.48,124.96,74.91,32.01,53.79,26.4,8.25,905.3
88.3438,0.0,0.0,0.0,0.0,0.0,0.0,2.86,2.75,69.96,271.04,228.58,124.96,76.45,33.22,59.4,26.4,5.61,890.01
88.3538,0.0,3.19,0.0,0.0,0.0,0.0,4.29,0.0,61.93,258.72,213.73,129.69,79.64,34.32,60.94,24.86,7.48,863.83
88.3638,0.0,3.19,0.0,0.0,0.0,0.0,2.86,0.0,56.65,253.44,205.59,132.88,79.64,36.74,65.34,26.4,6.05,856.68
88.3738,0.0,0.0,0.0,0.0,0.0,2.53,4.29,0.0,50.49,241.01,194.26,139.15,81.18,37.95,69.85,27.83,6.82,841.72
88.3838,0.0,0.0,0.0,0.0,0.0,0.0,2.86,0.0,46.86,230.45,181.17,143.99,82.72,40.26,71.39,29.26,2.86,826.1
88.3938,0.0,0.0,2.75,0.0,0.0,2.53,2.86,0.0,43.12,223.41,173.03,147.07,85.8,42.68,74.36,27.83,8.14,817.3
88.4038,0.0,0.0,0.0,0.0,0.0,0.0,0.0,0.0,39.38,214.94,160.49,150.26,87.34,44.99,78.76,29.26,0.0,805.42
88.4138,0.0,0.0,0.0,0.0,0.0,2.53,0.0,0.0,36.96,204.82,149.82,156.53,88.88,46.2,83.27,30.8,2.53,797.28
88.4238,0.0,3.19,0.0,0.0,0.0,2.53,2.86,0.0,34.43,194.7,139.04,159.72,91.96,49.83,87.78,32.23,8.58,789.69
88.4338,0.0,0.0,0.0,0.0,0.0,0.0,0.0,0.0,33.22,184.58,131.45,166.1,91.96,53.35,93.72,30.8,0.0,785.18
88.4438,0.0,3.19,0.0,0.0,0.0,0.0,0.0,0.0,30.8,174.46,123.75,171.27,95.04,53.35,99.66,33.66,3.19,781.99
88.4538,0.0,0.0,0.0,0.0,0.0,0.0,0.0,0.0,29.59,164.45,117.59,172.92,96.69,60.28,105.71,33.66,0.0,780.89
88.4638,0.0,0.0,2.75,0.0,0.0,0.0,0.0,0.0,28.27,156.2,109.89,172.92,101.31,63.25,111.65,32.23,2.75,775.72
88.4738,0.0,0.0,0.0,0.0,0.0,0.0,0.0,0.0,27.06,146.3,105.27,178.09,104.39,67.76,120.89,35.2,0.0,784.96
88.4838,0.0,3.19,0.0,0.0,0.0,0.0,0.0,0.0,25.85,131.56,95.92,176.44,109.01,72.27,127.05,38.06,3.19,776.16
88.4938,0.0,3.19,0.0,0.0,0.0,0.0,0.0,0.0,24.64,120.01,91.3,179.85,110.55,76.78,139.26,38.06,3.19,780.45
88.5038,0.0,0.0,0.0,0.0,0.0,0.0,0.0,0.0,22.11,107.14,81.95,179.85,118.47,82.83,151.47,41.03,0.0,784.85
88.5138,0.0,0.0,0.0,0.0,0.0,0.0,0.0,0.0,20.9,93.28,75.79,178.09,123.31,90.42,163.79,42.46,0.0,788.04
88.5238,0.0,0.0,0.0,0.0,0.0,0.0,0.0,0.0,20.9,82.5,64.9,172.92,129.8,94.93,186.34,44.0,0.0,796.29
88.5338,0.0,0.0,0.0,0.0,0.0,0.0,0.0,0.0,18.48,68.64,57.2,171.27,136.29,100.98,202.51,48.4,0.0,803.77
88.5438,0.0,0.0,0.0,0.0,0.0,0.0,0.0,0.0,17.16,56.1,47.19,171.27,142.78,103.95,220.44,51.26,0.0,810.15
88.5538,0.0,0.0,0.0,0.0,0.0,0.0,0.0,0.0,17.16,47.85,37.18,166.1,149.27,110.0,231.99,54.23,0.0,813.78
88.5638,0.0,0.0,0.0,0.0,0.0,0.0,0.0,0.0,17.16,37.95,27.17,167.75,152.46,110.0,249.26,61.82,0.0,823.57
88.5738,0.0,0.0,2.75,0.0,0.0,0.0,0.0,0.0,15.95,29.7,18.59,167.75,157.41,114.73,261.25,63.36,2.75,828.74
88.5838,0.0,0.0,2.75,0.0,0.0,0.0,0.0,0.0,14.74,19.8,14.3,166.1,160.6,116.49,275.0,71.06,2.75,838.09
88.5938,0.0,0.0,2.75,0.0,0.0,0.0,0.0,0.0,11.0,16.5,10.01,161.26,163.9,121.77,288.64,78.65,2.75,851.73
88.6038,0.0,0.0,0.0,0.0,0.0,0.0,0.0,0.0,7.37,14.85,10.01,156.53,162.25,123.42,305.69,86.35,0.0,866.47
88.6138,0.0,0.0,0.0,0.0,0.0,0.0,0.0,0.0,6.16,13.2,8.58,148.72,163.9,125.18,319.33,89.43,0.0,874.5
88.6238,0.0,0.0,0.0,0.0,0.0,0.0,0.0,0.0,4.84,9.9,5.72,140.8,165.44,126.94,329.56,98.56,0.0,881.76
88.6338,0.0,0.0,0.0,0.0,0.0,0.0,0.0,0.0,3.63,8.25,5.72,128.15,162.25,128.7,344.85,106.26,0.0,887.81
88.6438,3.41,0.0,0.0,0.0,0.0,0.0,0.0,0.0,2.42,6.6,5.72,117.15,160.6,128.7,356.84,110.88,3.41,888.91
88.6538,5.06,0.0,0.0,0.0,0.0,0.0,0.0,0.0,2.42,6.6,4.29,106.37,155.76,128.7,372.13,115.61,5.06,891.88
88.6638,10.23,0.0,0.0,0.0,0.0,0.0,0.0,0.0,0.0,3.3,4.29,88.55,155.76,128.7,384.12,121.99,10.23,886.71
88.6738,24.09,0.0,0.0,0.0,2.75,0.0,0.0,0.0,0.0,3.3,4.29,73.59,149.27,125.18,398.09,125.18,26.84,878.9
88.6838,41.25,0.0,0.0,3.52,2.75,0.0,0.0,0.0,0.0,3.3,4.29,60.17,142.78,121.77,405.24,128.37,47.52,865.92
88.6938,61.93,0.0,0.0,2.31,4.18,2.53,0.0,0.0,0.0,4.95,4.29,47.74,134.64,118.25,412.39,131.56,70.95,853.82
88.7038,80.85,0.0,0.0,3.52,4.18,2.53,0.0,0.0,0.0,3.3,2.86,33.44,129.8,113.08,410.52,133.1,91.08,826.1
88.7138,99.88,0.0,0.0,4.73,4.18,2.53,0.0,0.0,0.0,3.3,2.86,22.22,116.82,105.49,410.52,133.1,111.32,794.31
88.7238,108.46,45.32,71.83,5.83,5.5,5.17,2.86,2.75,0.0,0.0,2.86,12.65,105.93,91.96,403.37,129.91,247.72,746.68
88.7338,105.05,99.22,115.39,11.77,5.5,6.49,4.29,4.07,0.0,0.0,2.86,12.65,87.34,76.78,387.53,125.18,351.78,692.34
88.7438,101.53,122.43,153.12,40.15,8.36,5.17,5.72,5.5,0.0,3.3,2.86,12.65,67.21,63.25,361.9,118.8,441.98,629.97
88.7538,99.88,130.79,178.75,53.13,18.04,9.13,7.15,8.25,0.0,0.0,2.86,14.3,51.26,50.93,322.74,118.8,505.12,560.89
88.7638,101.53,134.2,198.77,56.76,32.01,23.54,26.07,16.5,0.0,3.3,2.86,12.65,46.31,40.26,231.99,123.53,589.38,460.9
88.7738,105.05,139.26,222.64,60.83,36.19,37.95,49.17,20.68,0.0,0.0,2.86,12.65,38.06,29.59,130.02,128.37,671.77,341.55
88.7838,111.87,145.97,243.98,62.26,41.8,47.19,69.74,20.68,0.0,0.0,2.86,12.65,31.46,22.44,66.88,110.88,743.49,247.17
88.7938,118.91,152.68,258.17,62.26,44.55,52.47,84.7,23.43,0.0,0.0,2.86,7.92,28.05,18.92,37.18,78.65,797.17,173.58
88.8038,125.84,155.98,270.6,62.26,47.3,59.29,98.12,26.18,0.0,0.0,0.0,7.92,21.45,15.4,26.18,54.23,845.57,125.18
88.8138,131.12,159.39,277.75,63.69,48.73,62.15,107.03,26.18,0.0,3.3,0.0,6.27,14.85,10.67,22.0,45.43,876.04,102.52
88.8238,136.4,164.34,285.12,60.83,48.73,67.76,111.54,27.5,0.0,0.0,0.0,6.27,13.2,8.25,16.5,29.26,902.22,73.48
88.8338,139.92,166.1,290.73,63.69,50.16,69.19,114.62,27.5,0.0,0.0,0.0,4.73,6.6,5.83,13.75,17.6,921.91,48.51
88.8438,145.09,169.51,294.47,62.26,51.48,69.19,117.81,27.5,0.0,0.0,0.0,3.08,4.95,4.73,9.57,5.83,937.31,28.16
88.8538,145.09,171.27,294.47,62.26,51.48,72.05,119.46,30.36,0.0,0.0,0.0,0.0,4.95,2.31,9.57,5.83,946.44,22.66
88.8638,145.09,171.27,294.47,62.26,51.48,70.62,122.65,30.36,0.0,0.0,0.0,0.0,3.3,4.73,6.82,5.83,948.2,20.68
88.8738,143.33,167.75,288.86,63.69,50.16,70.62,124.3,28.93,0.0,0.0,0.0,0.0,0.0,2.31,5.5,4.4,937.64,12.21
88.8838,139.92,164.34,283.25,63.69,52.91,70.62,124.3,30.36,0.0,0.0,0.0,0.0,3.3,2.31,5.5,2.86,929.39,13.97
88.8938,134.64,161.04,275.99,62.26,52.91,72.05,122.65,28.93,0.0,0.0,0.0,0.0,3.3,0.0,5.5,4.4,910.47,13.2
88.9038,129.36,157.63,267.08,63.69,52.91,70.62,124.3,28.93,0.0,0.0,0.0,0.0,3.3,3.52,2.75,2.86,894.52,12.43
88.9138,124.19,152.68,258.17,63.69,51.48,72.05,122.65,30.36,0.0,0.0,0.0,4.73,0.0,0.0,5.5,4.4,875.27,14.63
88.9238,117.15,147.62,249.26,65.12,52.91,73.48,124.3,30.36,0.0,0.0,0.0,0.0,0.0,2.31,4.07,2.86,860.2,9.24
88.9338,110.22,142.56,240.35,66.55,52.91,74.8,125.84,28.93,0.0,0.0,0.0,0.0,0.0,2.31,5.5,2.86,842.16,10.67
88.9438,105.05,137.5,229.68,67.98,52.91,74.8,129.14,31.68,0.0,0.0,0.0,0.0,0.0,3.52,0.0,0.0,828.74,3.52
88.9538,98.12,130.79,224.4,69.41,54.34,79.09,132.33,31.68,0.0,0.0,0.0,0.0,0.0,2.31,0.0,0.0,820.16,2.31
88.9638,92.95,127.49,218.9,70.84,57.2,80.52,137.17,33.11,0.0,0.0,0.0,0.0,0.0,0.0,2.75,2.86,818.18,5.61
88.9738,87.78,122.43,209.77,75.13,57.2,83.38,142.01,31.68,0.0,0.0,0.0,0.0,0.0,0.0,4.07,0.0,809.38,4.07
88.9838,82.61,117.37,202.51,76.56,61.6,84.7,148.39,34.43,0.0,0.0,0.0,0.0,0.0,0.0,2.75,2.86,808.17,5.61
88.9938,77.44,112.42,197.01,80.85,63.03,88.99,153.23,37.18,0.0,0.0,0.0,0.0,0.0,0.0,2.75,2.86,810.15,5.61
89.0038,72.27,107.47,187.88,85.14,66.0,90.42,161.26,41.36,0.0,0.0,0.0,0.0,0.0,0.0,2.75,2.86,811.8,5.61
89.0138,67.1,102.52,180.51,89.43,68.97,96.03,167.75,42.68,0.0,0.0,0.0,0.0,0.0,0.0,0.0,0.0,814.99,0.0
89.0238,61.93,96.03,169.62,93.72,71.94,98.89,176.0,48.29,0.0,0.0,0.0,0.0,0.0,0.0,0.0,0.0,816.42,0.0
89.0338,58.52,91.08,159.72,98.01,76.34,103.07,186.56,52.36,0.0,0.0,0.0,3.08,0.0,0.0,2.75,2.86,825.66,8.69
89.0438,55.11,86.13,148.28,103.73,79.31,105.93,193.6,56.54,0.0,0.0,0.0,0.0,0.0,0.0,0.0,0.0,828.63,0.0
89.0538,51.59,79.64,140.03,106.59,82.17,110.22,202.29,60.94,0.0,0.0,0.0,0.0,0.0,0.0,2.75,2.86,833.47,5.61
89.0638,48.18,73.04,126.94,110.88,88.11,111.65,214.61,65.34,0.0,0.0,0.0,0.0,0.0,0.0,0.0,0.0,838.75,0.0
89.0738,44.77,64.9,117.04,117.04,91.08,117.7,226.71,74.36,0.0,0.0,0.0,0.0,0.0,0.0,2.75,0.0,853.6,2.75
89.0838,41.25,55.11,104.5,117.04,95.48,119.24,238.7,83.27,0.0,0.0,0.0,0.0,0.0,0.0,0.0,0.0,854.59,0.0
89.0938,37.84,45.32,90.42,120.12,99.88,123.86,252.23,92.18,0.0,0.0,0.0,0.0,0.0,0.0,0.0,0.0,861.85,0.0
89.1038,34.43,35.64,73.37,123.2,105.71,128.48,264.22,99.66,0.0,0.0,0.0,0.0,0.0,0.0,0.0,0.0,864.71,0.0
89.1138,30.91,27.5,59.4,124.74,110.22,131.45,281.16,110.11,0.0,0.0,0.0,0.0,0.0,0.0,0.0,0.0,875.49,0.0
89.1238,29.26,19.36,44.11,121.66,113.63,134.53,292.82,117.81,0.0,0.0,0.0,0.0,0.0,0.0,0.0,0.0,873.18,0.0
89.1338,27.5,16.17,33.11,123.2,118.69,136.07,304.37,123.97,0.0,0.0,0.0,0.0,0.0,0.0,0.0,0.0,883.08,0.0
89.1438,25.74,12.87,22.0,120.12,120.45,136.07,314.38,131.67,0.0,0.0,0.0,0.0,0.0,0.0,0.0,0.0,883.3,0.0
89.1538,22.33,11.33,16.5,113.96,122.1,136.07,329.34,142.56,0.0,0.0,0.0,0.0,0.0,0.0,0.0,0.0,894.19,0.0
89.1638,17.16,9.68,13.75,108.02,122.1,139.15,343.42,150.26,0.0,0.0,0.0,0.0,0.0,0.0,0.0,0.0,903.54,0.0
89.1738,11.99,9.68,11.0,98.01,120.45,140.69,357.94,159.5,0.0,0.0,0.0,0.0,0.0,0.0,0.0,0.0,909.26,0.0
89.1838,5.06,6.38,9.57,85.14,118.69,140.69,372.46,172.04,0.0,0.0,0.0,0.0,0.0,0.0,0.0,0.0,910.03,0.0
89.1938,0.0,6.38,6.82,72.27,115.28,139.15,385.22,180.73,0.0,0.0,0.0,0.0,0.0,0.0,0.0,0.0,905.85,0.0
89.2038,0.0,4.84,5.5,60.83,111.87,139.15,397.87,191.07,0.0,0.0,0.0,0.0,0.0,0.0,0.0,0.0,911.13,0.0
89.2138,0.0,4.84,6.82,52.03,105.71,140.69,405.13,201.52,2.42,0.0,0.0,0.0,0.0,0.0,0.0,0.0,916.74,2.42
89.2238,0.0,4.84,5.5,44.88,96.91,139.15,414.15,206.69,3.63,0.0,0.0,0.0,0.0,0.0,0.0,0.0,912.12,3.63
89.2338,0.0,4.84,5.5,34.21,89.54,134.53,425.04,215.38,4.84,0.0,0.0,0.0,0.0,0.0,0.0,0.0,909.04,4.84
89.2438,0.0,4.84,4.07,27.17,80.74,131.45,430.43,217.14,12.32,0.0,0.0,0.0,0.0,0.0,0.0,0.0,895.84,12.32
89.2538,0.0,3.19,5.5,16.5,68.97,122.32,439.56,222.31,25.85,0.0,0.0,0.0,0.0,0.0,0.0,0.0,878.35,25.85
89.2638,0.0,3.19,5.5,9.46,58.63,114.62,441.32,224.07,40.7,0.0,0.0,3.08,3.3,2.31,0.0,0.0,856.79,49.39
89.2738,0.0,0.0,4.07,8.25,43.12,100.32,441.32,220.55,60.61,3.3,0.0,3.08,4.95,3.52,0.0,0.0,817.63,75.46
89.2838,0.0,4.84,4.07,5.83,30.58,86.13,435.93,217.14,79.31,47.85,4.29,6.27,8.25,4.73,0.0,2.86,784.52,153.56
89.2937,0.0,4.84,4.07,5.83,25.08,67.76,410.52,206.69,91.41,167.75,75.79,4.73,9.9,4.73,2.75,0.0,724.79,357.06
89.3037,0.0,4.84,4.07,4.73,25.08,49.83,361.57,192.83,80.74,232.21,145.2,50.93,16.5,8.25,6.82,4.4,642.95,545.05
89.3137,0.0,3.19,4.07,3.52,26.4,34.1,276.1,180.73,79.31,260.48,202.4,88.55,31.46,12.98,12.32,13.2,528.11,700.7
89.3237,0.0,3.19,2.75,2.31,22.22,24.86,167.75,165.66,83.38,262.24,238.48,103.4,49.61,14.19,13.75,14.63,388.74,779.68
89.3337,0.0,4.84,4.07,2.31,18.04,22.22,83.16,144.1,83.38,262.24,254.98,109.34,62.59,15.4,20.68,17.6,278.74,826.21
89.3437,0.0,3.19,2.75,2.31,16.72,19.58,46.31,102.63,82.06,262.24,259.93,113.96,68.75,20.13,28.93,22.0,193.49,858.0
89.3537,0.0,0.0,4.07,0.0,12.54,15.73,33.22,66.88,80.74,265.76,254.98,121.88,70.29,23.65,37.18,22.0,132.44,876.48
89.3637,0.0,3.19,2.75,0.0,9.68,10.45,23.1,41.36,76.67,264.0,248.38,129.69,71.83,28.38,45.54,24.86,90.53,889.35
89.3737,0.0,0.0,0.0,0.0,6.93,6.49,17.38,16.5,75.35,271.04,243.43,134.42,73.37,33.22,48.29,24.86,47.3,903.98
89.3837,0.0,0.0,2.75,0.0,4.18,5.17,11.55,8.25,74.03,276.43,235.18,140.8,73.37,34.32,53.79,23.43,31.9,911.35
89.3937,0.0,3.19,2.75,0.0,0.0,3.85,10.12,4.07,71.28,278.08,228.58,143.99,74.91,36.74,55.11,26.4,23.98,915.09
89.4037,0.0,0.0,0.0,0.0,4.18,2.53,7.15,2.75,68.64,278.08,218.68,151.8,76.45,40.26,56.54,27.83,16.61,918.28
89.4137,0.0,0.0,0.0,0.0,2.75,2.53,7.15,0.0,64.57,276.43,212.19,156.53,78.1,41.47,60.94,27.83,12.43,918.06
89.4237,0.0,3.19,0.0,0.0,0.0,0.0,7.15,2.75,59.29,269.28,202.4,162.91,81.18,44.99,63.91,29.26,13.09,913.22
89.4337,0.0,0.0,2.75,0.0,0.0,2.53,4.29,2.75,54.23,264.0,192.61,167.75,82.72,46.2,66.88,29.26,12.32,903.65
89.4437,0.0,0.0,2.75,0.0,0.0,0.0,5.72,0.0,49.28,255.2,182.82,169.51,84.26,47.41,72.82,29.26,8.47,890.56
89.4537,0.0,0.0,2.75,0.0,0.0,2.53,4.29,0.0,45.54,246.29,173.03,169.51,85.8,47.41,75.79,30.8,9.57,874.17
89.4637,0.0,0.0,0.0,0.0,0.0,2.53,4.29,0.0,41.91,235.73,165.11,174.68,87.34,50.93,75.79,29.26,6.82,860.75
89.4737,0.0,0.0,0.0,0.0,0.0,2.53,4.29,0.0,38.17,221.65,155.87,176.44,87.34,52.14,80.3,30.8,6.82,842.71
89.4837,0.0,0.0,2.75,0.0,0.0,0.0,0.0,0.0,35.75,213.29,145.2,179.85,90.42,50.93,83.27,32.23,2.75,830.94
89.4937,0.0,0.0,2.75,0.0,0.0,0.0,0.0,0.0,33.22,201.41,135.96,183.37,90.42,53.35,84.81,32.23,2.75,814.77
89.5037,0.0,0.0,0.0,0.0,0.0,2.53,2.86,0.0,32.01,194.7,125.29,185.02,91.96,54.56,84.81,32.23,5.39,800.58
89.5137,0.0,0.0,0.0,0.0,0.0,2.53,2.86,0.0,29.59,182.93,114.51,186.78,91.96,58.74,90.75,32.23,5.39,787.49
89.5237,0.0,0.0,2.75,0.0,0.0,2.53,0.0,0.0,28.27,171.05,106.81,193.71,95.04,60.28,93.72,33.66,5.28,782.54
89.5337,0.0,0.0,0.0,0.0,0.0,0.0,0.0,0.0,27.06,161.15,99.0,195.47,95.04,63.25,95.26,35.2,0.0,771.43
89.5437,0.0,0.0,0.0,0.0,0.0,0.0,0.0,0.0,25.85,151.25,89.76,195.47,99.77,63.25,102.74,36.63,0.0,764.72
89.5537,0.0,0.0,2.75,0.0,0.0,0.0,0.0,0.0,24.64,143.0,86.68,193.71,102.85,69.3,108.68,35.2,2.75,764.06
89.5637,0.0,0.0,2.75,0.0,0.0,0.0,0.0,0.0,24.64,131.56,80.41,191.95,102.85,73.81,119.35,35.2,2.75,759.77
89.5737,0.0,0.0,2.75,0.0,0.0,0.0,0.0,0.0,23.43,121.66,78.87,191.95,107.47,78.32,128.59,38.06,2.75,768.35
89.5837,0.0,0.0,2.75,0.0,0.0,0.0,0.0,0.0,22.11,108.68,74.25,191.95,110.55,82.83,137.72,41.03,2.75,769.12
89.5937,0.0,0.0,0.0,0.0,0.0,0.0,0.0,0.0,20.9,100.98,72.71,188.54,116.82,85.91,149.93,41.03,0.0,776.82
89.6037,0.0,0.0,2.75,0.0,0.0,0.0,0.0,0.0,20.9,94.82,69.52,188.54,120.12,91.96,162.25,44.0,2.75,792.11
89.6137,0.0,0.0,0.0,0.0,0.0,0.0,0.0,0.0,19.69,85.58,66.44,193.71,126.61,97.9,171.71,44.0,0.0,805.64
89.6237,0.0,0.0,0.0,0.0,0.0,0.0,0.0,0.0,18.48,79.42,58.74,191.95,129.8,100.98,187.99,48.4,0.0,815.76
89.6337,0.0,0.0,0.0,0.0,0.0,0.0,0.0,0.0,17.16,70.18,51.48,193.71,136.29,107.03,200.97,49.83,0.0,826.65
89.6437,0.0,0.0,0.0,0.0,0.0,0.0,0.0,0.0,15.95,59.4,41.47,191.95,141.13,111.54,213.95,52.8,0.0,828.19
89.6537,0.0,0.0,0.0,0.0,0.0,0.0,0.0,0.0,15.95,52.8,34.32,193.71,145.97,111.54,223.63,57.2,0.0,835.12
89.6637,0.0,0.0,0.0,0.0,0.0,0.0,0.0,0.0,14.74,42.9,24.31,193.71,147.62,116.49,233.75,60.28,0.0,833.8
89.6737,0.0,0.0,2.75,0.0,0.0,0.0,0.0,0.0,14.74,34.65,18.59,191.95,150.92,118.25,242.33,64.9,2.75,836.33
89.6837,0.0,0.0,2.75,0.0,0.0,0.0,0.0,0.0,13.53,23.1,12.87,191.95,152.46,123.42,254.43,71.06,2.75,842.82
89.6937,0.0,0.0,2.75,0.0,0.0,0.0,0.0,0.0,11.0,16.5,10.01,185.02,152.46,125.18,271.59,75.57,2.75,847.33
89.7037,0.0,0.0,0.0,0.0,0.0,0.0,0.0,0.0,8.58,16.5,8.58,172.92,155.76,126.94,285.23,83.27,0.0,857.78
89.7137,0.0,0.0,0.0,0.0,0.0,0.0,0.0,0.0,6.16,9.9,5.72,161.26,158.95,126.94,302.28,92.51,0.0,863.72
89.7237,0.0,0.0,2.75,0.0,0.0,0.0,0.0,0.0,4.84,8.25,4.29,148.72,158.95,128.7,317.57,95.48,2.75,866.8
89.7337,0.0,0.0,0.0,0.0,0.0,0.0,0.0,0.0,3.63,9.9,5.72,134.42,157.41,126.94,331.21,104.72,0.0,873.95
89.7437,0.0,0.0,0.0,0.0,0.0,0.0,0.0,0.0,2.42,8.25,4.29,120.23,155.76,128.7,339.79,109.34,0.0,868.78
89.7537,0.0,0.0,0.0,0.0,0.0,0.0,0.0,0.0,0.0,4.95,4.29,109.34,152.46,128.7,351.67,115.61,0.0,867.02
89.7637,0.0,0.0,0.0,0.0,0.0,0.0,0.0,0.0,0.0,4.95,4.29,97.46,150.92,130.46,361.9,123.53,0.0,873.51
89.7737,3.41,0.0,0.0,0.0,0.0,0.0,0.0,0.0,0.0,4.95,2.86,82.5,145.97,128.7,373.89,128.37,3.41,867.24
89.7837,8.58,0.0,0.0,0.0,0.0,0.0,0.0,0.0,0.0,0.0,2.86,69.08,144.43,123.42,385.77,133.1,8.58,858.66
89.7937,15.4,0.0,0.0,2.31,2.75,2.53,0.0,0.0,0.0,4.95,2.86,52.58,137.94,123.42,390.94,137.94,22.99,850.63
89.8037,39.6,0.0,0.0,2.31,0.0,0.0,0.0,0.0,0.0,3.3,0.0,43.01,131.45,116.49,399.85,141.13,41.91,835.23
89.8137,61.93,0.0,0.0,2.31,4.18,2.53,0.0,0.0,0.0,3.3,0.0,31.79,123.31,111.54,398.09,139.48,70.95,807.51
89.8237,84.37,3.19,0.0,4.73,5.5,3.85,0.0,0.0,0.0,0.0,2.86,22.22,112.09,103.95,396.22,141.13,101.64,778.47
89.8337,115.39,61.6,52.47,4.73,5.5,3.85,0.0,0.0,0.0,3.3,2.86,12.65,102.85,93.39,390.94,141.13,243.54,747.12
89.8437,117.15,127.49,106.04,7.04,6.93,3.85,2.86,2.75,0.0,0.0,2.86,12.65,84.26,79.86,380.71,137.94,374.11,698.28
89.8537,113.63,162.69,148.28,38.94,6.93,6.49,2.86,4.07,0.0,0.0,0.0,12.65,70.29,64.79,360.25,134.75,483.89,642.73
89.8637,111.87,173.03,184.14,56.76,11.11,7.81,5.72,6.82,0.0,0.0,0.0,12.65,51.26,52.14,319.33,133.1,557.26,568.48
89.8737,111.87,173.03,209.77,63.69,27.83,20.9,18.81,15.18,0.0,3.3,0.0,11.11,46.31,41.47,235.51,134.75,641.08,472.45
89.8837,115.39,176.55,233.31,69.41,33.44,35.42,41.91,20.68,0.0,3.3,2.86,12.65,38.06,33.22,133.1,142.78,726.11,365.97
89.8937,122.43,180.07,256.41,69.41,40.37,47.19,65.34,23.43,0.0,0.0,2.86,11.11,29.81,24.86,75.79,126.72,804.65,271.15
89.9037,127.6,185.35,272.47,67.98,44.55,53.79,86.13,26.18,0.0,0.0,0.0,11.11,26.4,20.13,38.61,90.97,864.05,187.22
89.9137,132.88,187.11,281.38,69.41,50.16,57.86,99.55,27.5,0.0,0.0,2.86,9.46,21.45,14.19,30.36,60.28,905.85,138.6
89.9237,139.92,190.63,290.73,69.41,50.16,60.72,107.03,30.36,0.0,0.0,0.0,7.92,16.5,9.46,22.0,46.86,938.96,102.74
89.9337,141.57,195.91,290.73,72.27,50.16,63.58,110.0,30.36,0.0,0.0,0.0,6.27,9.9,8.25,16.5,32.23,954.58,73.15
89.9437,145.09,199.43,288.86,73.7,51.48,64.9,114.62,33.11,0.0,0.0,0.0,0.0,8.25,7.04,12.32,19.03,971.19,46.64
89.9537,145.09,202.95,290.73,73.7,52.91,64.9,116.27,33.11,0.0,0.0,0.0,6.27,3.3,4.73,8.25,4.4,979.66,26.95
89.9637,145.09,204.71,286.99,76.56,54.34,66.33,117.81,33.11,0.0,0.0,0.0,3.08,4.95,3.52,8.25,4.4,984.94,24.2
89.9737,143.33,204.71,281.38,77.99,52.91,69.19,117.81,35.86,0.0,0.0,0.0,4.73,4.95,2.31,6.82,5.83,983.18,24.64
89.9837,138.16,201.19,275.99,79.42,54.34,69.19,122.65,35.86,0.0,0.0,0.0,0.0,3.3,3.52,8.25,4.4,976.8,19.47
89.9937,134.64,197.67,268.84,79.42,54.34,70.62,122.65,34.43,0.0,0.0,0.0,0.0,3.3,3.52,6.82,2.86,962.61,16.5
90.0037,127.6,194.15,259.93,82.28,54.34,72.05,124.3,35.86,0.0,0.0,0.0,3.08,3.3,3.52,5.5,5.83,950.51,21.23
90.0137,120.67,188.87,249.26,82.28,55.77,72.05,125.84,34.43,0.0,0.0,0.0,4.73,3.3,3.52,2.75,0.0,929.17,14.3
90.0237,113.63,183.59,238.59,83.71,55.77,73.48,125.84,35.86,0.0,0.0,0.0,3.08,0.0,2.31,2.75,2.86,910.47,11.0
90.0337,106.7,176.55,229.68,88.0,55.77,74.8,127.49,35.86,0.0,0.0,0.0,0.0,0.0,0.0,4.07,2.86,894.85,6.93
90.0437,98.12,171.27,220.77,90.86,55.77,76.23,129.14,37.18,0.0,0.0,0.0,3.08,0.0,2.31,4.07,2.86,879.34,12.32
90.0537,91.19,164.34,209.77,92.29,55.77,79.09,129.14,38.61,0.0,0.0,0.0,3.08,0.0,0.0,0.0,2.86,860.2,5.94
90.0637,84.37,159.39,197.01,95.15,57.2,80.52,133.98,38.61,0.0,0.0,0.0,0.0,0.0,0.0,2.75,2.86,846.23,5.61
90.0737,77.44,152.68,187.88,98.01,61.6,81.95,135.52,38.61,0.0,0.0,0.0,0.0,0.0,0.0,2.75,0.0,833.69,2.75
90.0837,72.27,145.97,182.38,103.73,60.17,84.7,142.01,42.68,0.0,0.0,0.0,0.0,0.0,0.0,2.75,2.86,833.91,5.61
90.0937,67.1,139.26,176.88,103.73,64.57,88.99,146.85,44.11,0.0,0.0,0.0,3.08,0.0,0.0,2.75,2.86,831.49,8.69
90.1037,61.93,132.55,167.97,106.59,66.0,90.42,148.39,45.54,0.0,0.0,0.0,0.0,0.0,0.0,0.0,2.86,819.39,2.86
90.1137,56.76,125.84,161.37,109.45,68.97,91.85,156.42,49.61,0.0,0.0,0.0,0.0,0.0,0.0,0.0,2.86,820.27,2.86
90.1237,55.11,120.78,156.42,110.88,71.94,93.17,162.91,52.36,0.0,0.0,0.0,0.0,0.0,0.0,2.75,2.86,823.57,5.61
90.1337,53.35,112.42,151.47,110.88,73.37,96.03,170.94,56.54,0.0,0.0,0.0,0.0,0.0,0.0,2.75,2.86,825.0,5.61
90.1437,51.59,105.82,146.63,113.96,77.77,97.46,177.76,60.94,0.0,0.0,0.0,0.0,0.0,0.0,0.0,2.86,831.93,2.86
90.1537,46.42,99.22,140.03,115.5,80.74,101.75,188.32,65.34,0.0,0.0,0.0,0.0,0.0,0.0,0.0,2.86,837.32,2.86
90.1637,46.42,94.38,131.89,117.04,83.71,103.07,198.77,71.28,0.0,0.0,0.0,0.0,0.0,0.0,0.0,2.86,846.56,2.86
90.1737,44.77,87.78,125.29,120.12,88.11,105.93,207.57,75.79,0.0,0.0,0.0,0.0,0.0,0.0,2.75,2.86,855.36,5.61
90.1837,43.01,77.99,117.04,121.66,92.51,107.36,218.13,81.73,0.0,0.0,0.0,0.0,0.0,0.0,0.0,0.0,859.43,0.0
90.1937,39.6,73.04,107.58,123.2,95.48,113.08,228.47,89.21,0.0,0.0,0.0,0.0,0.0,0.0,0.0,0.0,869.66,0.0
90.2037,37.84,64.9,99.77,126.28,101.31,114.62,238.7,95.15,0.0,0.0,0.0,0.0,0.0,0.0,0.0,2.86,878.57,2.86
90.2137,36.08,56.65,90.42,127.82,105.71,116.16,250.58,102.63,0.0,0.0,0.0,0.0,0.0,0.0,0.0,0.0,886.05,0.0
90.2237,34.43,46.97,79.53,130.9,108.68,120.78,257.4,108.57,0.0,0.0,0.0,0.0,0.0,0.0,0.0,0.0,887.26,0.0
90.2337,30.91,40.48,67.1,134.09,113.63,123.86,269.28,116.27,0.0,0.0,0.0,0.0,0.0,0.0,0.0,0.0,895.62,0.0
90.2437,29.26,32.34,55.22,134.09,117.04,123.86,279.51,122.43,0.0,0.0,0.0,0.0,0.0,0.0,0.0,2.86,893.75,2.86
90.2537,25.74,24.31,44.11,132.55,118.69,128.48,289.41,128.59,0.0,0.0,0.0,0.0,0.0,0.0,0.0,0.0,891.88,0.0
90.2637,25.74,21.01,31.68,130.9,122.1,128.48,297.77,133.21,0.0,0.0,0.0,0.0,0.0,0.0,0.0,0.0,890.89,0.0
90.2737,24.09,16.17,23.43,130.9,123.86,130.02,309.43,140.91,0.0,0.0,0.0,0.0,0.0,0.0,0.0,0.0,898.81,0.0
90.2837,22.33,12.87,17.93,126.28,125.51,130.02,316.03,144.1,0.0,0.0,0.0,0.0,0.0,0.0,0.0,0.0,895.07,0.0
90.2937,17.16,11.33,13.75,121.66,123.86,132.99,326.04,154.88,0.0,0.0,0.0,0.0,0.0,0.0,0.0,0.0,901.67,0.0
90.3037,13.75,11.33,12.43,117.04,122.1,136.07,336.16,161.04,0.0,0.0,0.0,0.0,0.0,0.0,0.0,2.86,909.92,2.86
90.3137,8.58,9.68,11.0,109.45,122.1,136.07,348.92,170.39,0.0,0.0,0.0,0.0,0.0,0.0,0.0,0.0,916.19,0.0
90.3237,5.06,4.84,8.25,103.73,118.69,137.61,357.94,175.56,0.0,0.0,0.0,0.0,0.0,0.0,0.0,0.0,911.68,0.0
90.3337,0.0,4.84,8.25,90.86,117.04,139.15,368.83,184.14,2.42,0.0,0.0,0.0,0.0,0.0,0.0,0.0,913.11,2.42
90.3437,0.0,4.84,6.82,77.99,111.87,140.69,374.33,191.07,3.63,0.0,0.0,0.0,0.0,0.0,0.0,0.0,907.61,3.63
90.3537,0.0,4.84,5.5,67.98,105.71,139.15,383.35,198.0,4.84,0.0,0.0,0.0,0.0,0.0,0.0,0.0,904.53,4.84
90.3637,0.0,4.84,5.5,56.76,101.31,137.61,390.61,199.76,12.32,0.0,0.0,0.0,0.0,0.0,0.0,0.0,896.39,12.32
90.3737,0.0,4.84,4.07,46.09,92.51,136.07,399.63,206.69,23.43,0.0,0.0,0.0,0.0,0.0,0.0,0.0,889.9,23.43
90.3837,0.0,3.19,5.5,37.84,85.14,131.45,403.26,210.21,30.8,0.0,0.0,3.08,3.3,2.31,0.0,0.0,876.59,39.49
90.3937,0.0,4.84,4.07,27.17,76.34,126.94,412.39,213.62,43.12,0.0,0.0,3.08,3.3,0.0,0.0,0.0,865.37,49.5
90.4037,0.0,3.19,5.5,17.71,66.0,122.32,414.15,215.38,57.97,31.35,0.0,3.08,6.6,2.31,0.0,0.0,844.25,101.31
90.4137,0.0,3.19,5.5,10.56,52.91,111.65,415.91,213.62,67.32,131.56,48.62,6.27,8.25,3.52,0.0,0.0,813.34,265.54
90.4237,0.0,3.19,4.07,8.25,38.94,101.75,410.52,208.45,61.93,186.23,108.35,41.36,14.85,7.04,4.07,5.83,775.17,429.66
90.4337,0.0,4.84,5.5,7.04,27.83,84.7,397.87,201.52,61.93,209.88,148.28,67.65,29.81,10.67,8.25,10.23,729.3,546.7
90.4437,0.0,4.84,4.07,5.83,25.08,64.9,363.44,192.83,63.25,209.88,169.73,78.1,43.01,11.77,8.25,10.23,660.99,594.22
90.4537,0.0,4.84,4.07,4.73,25.08,45.87,301.07,182.49,61.93,208.23,176.33,82.5,54.56,11.77,11.0,14.63,568.15,620.95
90.4637,0.0,4.84,2.75,3.52,25.08,32.78,202.29,172.04,57.97,208.23,184.47,91.52,59.51,12.98,17.93,17.6,443.3,650.21
90.4737,0.0,3.19,2.75,0.0,20.9,26.18,111.54,161.04,56.65,208.23,189.31,95.92,67.21,15.4,30.36,20.46,325.6,683.54
90.4837,0.0,3.19,4.07,2.31,18.04,23.54,59.4,133.21,57.97,214.94,199.1,101.97,67.21,20.13,39.93,23.43,243.76,724.68
90.4937,0.0,3.19,4.07,0.0,15.29,19.58,40.48,90.75,60.61,221.65,205.59,107.91,70.29,23.65,48.29,24.86,173.36,762.85
90.5037,0.0,3.19,2.75,0.0,11.11,15.73,28.93,66.88,64.57,230.45,208.89,110.88,74.91,27.28,55.11,23.43,128.59,795.52
90.5137,0.0,3.19,2.75,0.0,6.93,11.77,21.67,46.86,64.57,233.97,208.89,117.15,78.1,30.8,60.94,23.43,93.17,817.85
90.5237,0.0,4.84,0.0,0.0,5.5,6.49,14.41,23.43,63.25,237.49,207.24,126.61,79.64,35.53,72.82,24.86,54.67,847.44
90.5337,0.0,3.19,0.0,0.0,5.5,3.85,10.12,11.0,61.93,237.49,207.24,131.34,84.26,39.05,81.84,27.83,33.66,870.98
90.5437,0.0,3.19,0.0,0.0,0.0,3.85,10.12,4.07,59.29,237.49,202.4,139.15,88.88,44.99,92.29,30.8,21.23,895.29
90.5537,0.0,3.19,0.0,0.0,0.0,2.53,8.69,4.07,57.97,237.49,200.75,145.53,90.42,48.62,96.69,30.8,18.48,908.27
90.5637,0.0,0.0,0.0,0.0,2.75,2.53,5.72,0.0,55.44,237.49,195.8,148.72,95.04,52.14,104.17,33.66,11.0,922.46
90.5737,0.0,0.0,2.75,0.0,0.0,2.53,5.72,2.75,51.7,232.21,187.66,154.99,96.69,54.56,111.65,32.23,13.75,921.69
90.5837,0.0,0.0,0.0,0.0,0.0,2.53,5.72,0.0,46.86,226.93,176.33,161.26,99.77,60.28,114.73,33.66,8.25,919.82
90.5937,0.0,3.19,0.0,0.0,0.0,2.53,4.29,0.0,41.91,214.94,165.11,166.1,101.31,63.25,120.89,35.2,10.01,908.71
90.6037,0.0,3.19,0.0,0.0,0.0,2.53,4.29,0.0,38.17,203.17,155.87,169.51,104.39,66.22,125.51,36.63,10.01,899.47
90.6137,0.0,3.19,2.75,0.0,0.0,2.53,4.29,0.0,34.43,194.7,145.2,171.27,107.47,66.22,128.59,36.63,12.76,884.51
90.6237,0.0,3.19,0.0,0.0,0.0,0.0,4.29,0.0,32.01,181.17,132.88,176.44,109.01,73.81,131.56,38.06,7.48,874.94
90.6337,0.0,0.0,2.75,0.0,0.0,2.53,0.0,0.0,30.8,174.46,122.21,174.68,112.09,75.35,134.64,36.63,5.28,860.86
90.6437,0.0,3.19,2.75,0.0,0.0,2.53,2.86,0.0,28.27,161.15,109.89,178.09,113.63,76.78,140.8,38.06,11.33,846.67
90.6537,0.0,3.19,2.75,0.0,0.0,2.53,2.86,0.0,27.06,151.25,97.46,181.61,116.82,79.86,142.34,38.06,11.33,834.46
90.6637,0.0,0.0,2.75,0.0,0.0,0.0,0.0,0.0,24.64,136.51,85.03,185.02,120.12,81.4,146.96,39.6,2.75,819.28
90.6737,0.0,0.0,2.75,0.0,0.0,0.0,0.0,0.0,23.43,126.61,75.79,186.78,123.31,82.83,153.01,41.03,2.75,812.79
90.6837,0.0,3.19,0.0,0.0,0.0,0.0,0.0,0.0,22.11,115.06,66.44,190.19,124.96,85.91,154.55,41.03,3.19,800.25
90.6937,0.0,0.0,0.0,0.0,0.0,0.0,0.0,0.0,20.9,104.06,57.2,191.95,126.61,85.91,160.71,39.6,0.0,786.94
90.7037,0.0,3.19,0.0,0.0,0.0,0.0,0.0,0.0,18.48,91.74,48.62,190.19,131.45,88.88,166.87,42.46,3.19,778.69
90.7137,0.0,0.0,2.75,0.0,0.0,0.0,0.0,0.0,18.48,84.04,44.33,190.19,131.45,91.96,173.36,42.46,2.75,776.27
90.7236,0.0,0.0,0.0,0.0,0.0,0.0,0.0,0.0,15.95,73.26,38.61,195.47,133.1,93.39,179.85,44.0,0.0,773.63
90.7336,0.0,0.0,0.0,0.0,0.0,0.0,0.0,0.0,15.95,64.02,30.03,191.95,139.59,97.9,184.69,42.46,0.0,766.59
90.7436,0.0,0.0,0.0,0.0,0.0,0.0,0.0,0.0,14.74,56.1,25.74,193.71,141.13,97.9,196.02,45.43,0.0,770.77
90.7536,0.0,0.0,0.0,0.0,0.0,0.0,0.0,0.0,14.74,51.15,22.88,190.19,142.78,99.44,204.16,45.43,0.0,770.77
90.7636,0.0,0.0,0.0,0.0,0.0,0.0,0.0,0.0,14.74,42.9,18.59,188.54,142.78,105.49,213.95,46.86,0.0,773.85
90.7736,0.0,0.0,0.0,0.0,0.0,0.0,0.0,0.0,14.74,34.65,15.73,183.37,147.62,105.49,223.63,48.4,0.0,773.63
90.7836,0.0,0.0,0.0,0.0,0.0,0.0,0.0,0.0,13.53,29.7,12.87,178.09,147.62,108.46,231.99,49.83,0.0,772.09
90.7936,0.0,0.0,0.0,0.0,0.0,0.0,0.0,0.0,12.32,23.1,11.44,171.27,147.62,108.46,244.09,52.8,0.0,771.1
90.8036,0.0,0.0,2.75,0.0,0.0,0.0,0.0,0.0,9.79,18.15,10.01,162.91,150.92,108.46,256.08,55.77,2.75,772.09
90.8136,0.0,0.0,2.75,0.0,0.0,0.0,0.0,0.0,8.58,14.85,7.15,156.53,150.92,107.03,264.66,58.74,2.75,768.46
90.8236,0.0,0.0,2.75,0.0,0.0,0.0,0.0,0.0,7.37,13.2,8.58,148.72,152.46,110.0,278.52,63.36,2.75,782.21
90.8336,0.0,0.0,0.0,0.0,0.0,0.0,0.0,0.0,7.37,11.55,4.29,142.34,155.76,111.54,288.64,64.9,0.0,786.39
90.8436,0.0,3.19,2.75,0.0,0.0,0.0,0.0,0.0,6.16,11.55,5.72,134.42,157.41,108.46,298.87,69.52,5.94,792.11
90.8536,0.0,0.0,0.0,0.0,0.0,0.0,0.0,0.0,4.84,8.25,5.72,129.69,158.95,110.0,307.34,72.6,0.0,797.39
90.8636,0.0,0.0,0.0,0.0,0.0,0.0,0.0,0.0,3.63,8.25,5.72,124.96,158.95,113.08,317.57,77.11,0.0,809.27
90.8736,0.0,0.0,0.0,0.0,0.0,0.0,0.0,0.0,3.63,6.6,4.29,118.69,162.25,114.73,324.39,77.11,0.0,811.69
90.8836,0.0,0.0,0.0,0.0,0.0,0.0,0.0,0.0,3.63,8.25,4.29,109.34,158.95,113.08,338.03,84.81,0.0,820.38
90.8936,3.41,0.0,0.0,0.0,0.0,0.0,0.0,0.0,2.42,6.6,2.86,104.94,160.6,113.08,344.85,86.35,3.41,821.7
90.9036,5.06,0.0,0.0,0.0,0.0,0.0,0.0,0.0,0.0,3.3,4.29,100.43,157.41,114.73,355.08,90.97,5.06,826.21
90.9136,6.82,0.0,0.0,0.0,0.0,0.0,0.0,0.0,0.0,4.95,2.86,92.95,157.41,114.73,365.31,95.48,6.82,833.69
90.9236,13.75,0.0,0.0,0.0,0.0,0.0,0.0,0.0,0.0,0.0,0.0,84.04,154.11,116.49,372.13,100.1,13.75,826.87
90.9336,29.26,0.0,0.0,0.0,0.0,0.0,0.0,0.0,0.0,3.3,2.86,76.56,150.92,114.73,377.3,103.18,29.26,828.85
90.9436,43.01,0.0,0.0,2.31,4.18,0.0,0.0,0.0,0.0,0.0,2.86,67.65,147.62,114.73,382.36,106.26,49.5,821.48
90.9536,61.93,0.0,0.0,2.31,4.18,0.0,0.0,0.0,0.0,0.0,0.0,57.2,141.13,110.0,389.18,107.8,68.42,805.31
90.9636,77.44,0.0,0.0,2.31,2.75,2.53,0.0,0.0,0.0,3.3,2.86,44.55,136.29,110.0,394.46,107.8,85.03,799.26
90.9736,94.71,12.87,37.29,4.73,5.5,2.53,0.0,0.0,0.0,0.0,2.86,38.17,128.15,103.95,390.94,112.42,157.63,776.49
90.9836,94.71,63.25,93.61,7.04,6.93,5.17,2.86,4.07,0.0,0.0,0.0,27.06,120.12,97.9,390.94,110.88,277.64,746.9
90.9936,91.19,99.22,130.24,40.15,8.36,6.49,4.29,5.5,0.0,3.3,0.0,15.84,109.01,88.88,384.12,107.8,385.44,708.95
91.0036,89.54,112.42,158.07,52.03,19.47,10.45,7.15,8.25,0.0,0.0,0.0,12.65,96.69,76.78,375.54,104.72,457.38,666.38
91.0136,89.54,114.07,175.01,56.76,30.58,22.22,21.67,16.5,0.0,0.0,0.0,11.11,81.18,60.28,355.08,100.1,526.35,607.75
91.0236,91.19,117.37,187.88,60.83,36.19,32.78,43.45,19.25,0.0,0.0,0.0,11.11,61.05,48.62,324.39,93.94,588.94,539.11
91.0336,92.95,122.43,200.64,63.69,38.94,44.55,62.37,20.68,0.0,0.0,0.0,14.3,46.31,41.47,269.83,97.02,646.25,468.93
91.0436,96.36,127.49,213.4,63.69,41.8,49.83,80.19,23.43,0.0,0.0,0.0,12.65,41.36,33.22,176.66,104.72,696.19,368.61
91.0536,101.53,135.85,226.16,65.12,45.98,55.11,93.61,24.75,0.0,0.0,0.0,11.11,34.76,22.44,99.66,106.26,748.11,274.23
91.0636,110.22,142.56,236.83,65.12,48.73,59.29,101.09,24.75,0.0,0.0,0.0,11.11,28.05,20.13,52.36,87.89,788.59,199.54
91.0736,115.39,147.62,245.74,67.98,50.16,60.72,108.57,26.18,0.0,3.3,0.0,9.46,21.45,15.4,30.36,61.82,822.36,141.79
91.0836,122.43,152.68,252.89,67.98,50.16,63.58,114.62,27.5,0.0,0.0,0.0,7.92,19.8,12.98,22.0,44.0,851.84,106.7
91.0936,125.84,155.98,256.41,69.41,50.16,66.33,121.11,28.93,0.0,0.0,0.0,7.92,13.2,10.67,19.25,36.63,874.17,87.67
91.1036,129.36,159.39,261.69,70.84,51.48,67.76,124.3,30.36,0.0,0.0,0.0,4.73,13.2,9.46,13.75,23.43,895.18,64.57
91.1136,131.12,162.69,263.56,72.27,54.34,67.76,127.49,30.36,0.0,0.0,0.0,4.73,8.25,7.04,12.32,13.2,909.59,45.54
91.1236,132.88,164.34,267.08,72.27,55.77,72.05,133.98,33.11,0.0,0.0,0.0,4.73,6.6,4.73,9.57,4.4,931.48,30.03
91.1336,132.88,164.34,265.32,73.7,55.77,72.05,135.52,31.68,0.0,0.0,0.0,3.08,3.3,4.73,6.82,4.4,931.26,22.33
91.1436,129.36,161.04,259.93,76.56,55.77,74.8,135.52,31.68,0.0,0.0,0.0,0.0,3.3,3.52,8.25,4.4,924.66,19.47
91.1536,127.6,161.04,256.41,76.56,57.2,76.23,137.17,31.68,0.0,0.0,0.0,3.08,3.3,3.52,5.5,2.86,923.89,18.26
91.1636,122.43,159.39,252.89,76.56,55.77,76.23,138.71,33.11,0.0,0.0,0.0,3.08,4.95,3.52,6.82,2.86,915.09,21.23
91.1736,118.91,157.63,242.11,79.42,57.2,77.66,138.71,34.43,0.0,0.0,0.0,3.08,0.0,3.52,4.07,0.0,906.07,10.67
91.1836,113.63,152.68,236.83,80.85,55.77,79.09,137.17,34.43,0.0,0.0,0.0,3.08,0.0,3.52,4.07,2.86,890.45,13.53
91.1936,108.46,150.92,227.92,83.71,57.2,79.09,137.17,34.43,0.0,0.0,0.0,3.08,0.0,0.0,5.5,2.86,878.9,11.44
91.2036,101.53,149.27,217.14,88.0,55.77,80.52,137.17,34.43,0.0,0.0,0.0,0.0,0.0,2.31,5.5,0.0,863.83,7.81
91.2136,96.36,145.97,211.64,89.43,57.2,83.38,138.71,34.43,0.0,0.0,0.0,3.08,0.0,0.0,4.07,0.0,857.12,7.15
91.2236,89.54,140.91,202.51,93.72,57.2,84.7,140.36,34.43,0.0,0.0,0.0,3.08,0.0,2.31,0.0,2.86,843.37,8.25
91.2336,86.02,137.5,195.14,96.58,57.2,84.7,143.55,34.43,0.0,0.0,0.0,3.08,0.0,0.0,4.07,0.0,835.12,7.15
91.2436,80.85,134.2,189.64,98.01,60.17,86.13,146.85,38.61,0.0,0.0,0.0,0.0,0.0,2.31,0.0,0.0,834.46,2.31
91.2536,77.44,130.79,184.14,99.44,61.6,90.42,148.39,38.61,0.0,0.0,0.0,3.08,0.0,0.0,4.07,2.86,830.83,10.01
91.2636,74.03,125.84,182.38,103.73,63.03,91.85,153.23,39.93,0.0,0.0,0.0,0.0,0.0,0.0,0.0,0.0,834.02,0.0
91.2736,70.51,122.43,176.88,105.16,64.57,93.17,158.07,42.68,0.0,0.0,0.0,0.0,0.0,0.0,0.0,2.86,833.47,2.86
91.2836,67.1,119.13,171.38,108.02,66.0,97.46,162.91,45.54,0.0,0.0,0.0,0.0,0.0,0.0,2.75,0.0,837.54,2.75
91.2936,63.69,114.07,166.32,110.88,68.97,97.46,166.1,49.61,0.0,0.0,0.0,0.0,0.0,0.0,0.0,0.0,837.1,0.0
91.3036,61.93,110.77,163.02,113.96,70.4,100.32,174.24,52.36,0.0,0.0,0.0,0.0,0.0,0.0,0.0,0.0,847.0,0.0
91.3136,58.52,107.47,156.42,117.04,70.4,104.5,179.52,55.11,0.0,0.0,0.0,0.0,0.0,0.0,2.75,0.0,848.98,2.75
91.3236,55.11,100.87,151.47,121.66,73.37,107.36,186.56,57.97,0.0,0.0,0.0,0.0,0.0,0.0,0.0,0.0,854.37,0.0
91.3336,55.11,96.03,144.98,124.74,77.77,108.79,193.6,60.94,0.0,0.0,0.0,3.08,0.0,0.0,0.0,0.0,861.96,3.08
91.3436,51.59,94.38,138.38,126.28,80.74,111.65,200.53,65.34,0.0,0.0,0.0,0.0,0.0,0.0,0.0,0.0,868.89,0.0
91.3536,49.94,87.78,131.89,132.55,80.74,114.62,209.33,68.31,0.0,0.0,0.0,3.08,0.0,0.0,0.0,0.0,875.16,3.08
91.3636,46.42,82.94,123.64,135.63,85.14,119.24,216.37,75.79,0.0,0.0,0.0,0.0,0.0,0.0,2.75,0.0,885.17,2.75
91.3736,44.77,76.34,113.85,137.17,88.11,119.24,223.41,81.73,0.0,0.0,0.0,0.0,0.0,0.0,2.75,0.0,884.62,2.75
91.3836,39.6,68.2,106.04,141.79,92.51,122.32,231.88,84.7,0.0,0.0,0.0,0.0,0.0,0.0,4.07,2.86,887.04,6.93
91.3936,39.6,63.25,98.23,141.79,93.94,128.48,242.11,90.75,0.0,0.0,0.0,3.08,3.3,0.0,0.0,2.86,898.15,9.24
91.4036,36.08,56.65,88.88,146.41,99.88,128.48,250.58,98.12,0.0,0.0,0.0,3.08,0.0,0.0,2.75,2.86,905.08,8.69
91.4136,32.67,46.97,81.07,149.49,101.31,132.99,264.22,104.17,0.0,0.0,0.0,3.08,4.95,2.31,0.0,0.0,912.89,10.34
91.4236,30.91,40.48,68.64,147.95,104.28,134.53,271.04,108.57,3.63,4.95,0.0,0.0,4.95,0.0,2.75,0.0,906.4,16.28
91.4336,29.26,33.99,59.4,149.49,110.22,139.15,281.16,117.81,4.84,6.6,0.0,0.0,3.3,0.0,0.0,0.0,920.48,14.74
91.4436,29.26,27.5,46.86,147.95,110.22,140.69,291.06,123.97,8.58,6.6,4.29,0.0,0.0,0.0,0.0,0.0,917.51,19.47
91.4536,27.5,21.01,35.86,146.41,113.63,140.69,301.07,130.13,11.0,6.6,0.0,0.0,0.0,0.0,0.0,0.0,916.3,17.6
91.4636,25.74,16.17,24.86,141.79,115.28,139.15,309.43,134.75,9.79,0.0,0.0,0.0,0.0,0.0,0.0,0.0,907.17,9.79
91.4736,24.09,12.87,17.93,134.09,113.63,142.23,317.68,139.37,12.32,3.3,0.0,0.0,0.0,0.0,0.0,0.0,901.89,15.62
91.4836,18.92,11.33,13.75,127.82,111.87,142.23,324.39,145.64,15.95,3.3,0.0,0.0,0.0,0.0,0.0,0.0,895.95,19.25
91.4936,15.4,9.68,11.0,120.12,108.68,140.69,330.99,148.72,17.16,3.3,0.0,0.0,0.0,0.0,0.0,0.0,885.28,20.46
91.5036,10.23,8.03,9.57,110.88,107.25,140.69,334.4,154.88,19.69,0.0,0.0,0.0,0.0,0.0,0.0,0.0,875.93,19.69
91.5136,5.06,8.03,8.25,102.3,104.28,137.61,338.03,159.5,23.43,0.0,0.0,0.0,3.3,0.0,0.0,0.0,863.06,26.73
91.5236,0.0,6.38,6.82,89.43,99.88,139.15,345.29,162.58,25.85,4.95,0.0,0.0,3.3,0.0,0.0,0.0,849.53,34.1
91.5336,0.0,4.84,6.82,75.13,95.48,137.61,350.68,167.2,28.27,6.6,0.0,6.27,4.95,2.31,0.0,0.0,837.76,48.4
91.5436,0.0,4.84,5.5,63.69,91.08,132.99,356.18,172.04,29.59,33.0,7.15,33.44,31.46,4.73,6.82,4.4,826.32,150.59
91.5536,0.0,4.84,4.07,52.03,83.71,131.45,359.81,177.21,30.8,65.56,27.17,54.12,44.66,9.46,8.25,8.8,813.12,248.82
91.5636,0.0,4.84,5.5,42.57,76.34,128.48,363.44,178.97,35.75,96.36,63.36,73.59,56.21,11.77,12.32,14.63,800.14,363.99
91.5736,0.0,3.19,4.07,31.9,66.0,122.32,365.2,182.49,40.7,110.22,88.22,79.53,64.13,16.61,30.36,19.03,775.17,448.8
91.5836,0.0,3.19,4.07,21.23,57.2,114.62,365.2,180.73,40.7,113.41,106.81,82.5,65.67,21.34,44.11,20.46,746.24,495.0
91.5936,0.0,4.84,2.75,11.77,44.55,103.07,363.44,177.21,39.38,110.22,111.43,85.58,68.75,27.28,59.4,23.43,707.63,525.47
91.6036,0.0,4.84,2.75,7.04,32.01,84.7,357.94,177.21,36.96,108.68,113.08,88.55,70.29,32.01,72.82,24.86,666.49,547.25
91.6136,0.0,3.19,4.07,7.04,20.9,66.33,339.79,170.39,36.96,110.22,111.43,88.55,71.83,36.74,83.27,26.4,611.71,565.4
91.6236,0.0,3.19,4.07,4.73,20.9,44.55,299.42,165.66,35.75,113.41,109.89,97.46,74.91,41.47,87.78,27.83,542.52,588.5
91.6336,0.0,4.84,4.07,5.83,18.04,28.82,240.35,154.88,35.75,118.36,108.35,101.97,78.1,46.2,93.72,27.83,456.83,610.28
91.6436,0.0,4.84,2.75,3.52,16.72,22.22,166.1,142.56,35.75,121.66,105.27,109.34,81.18,49.83,102.74,32.23,358.71,638.0
91.6536,0.0,3.19,4.07,4.73,16.72,20.9,101.09,130.13,34.43,128.26,106.81,117.15,81.18,54.56,108.68,33.66,280.83,664.73
91.6636,0.0,3.19,2.75,4.73,13.86,19.58,62.37,111.65,34.43,129.91,108.35,126.61,87.34,60.28,116.27,32.23,218.13,695.42
91.6736,0.0,3.19,0.0,3.52,13.86,15.73,37.62,83.27,34.43,133.21,108.35,136.07,91.96,64.79,123.97,36.63,157.19,729.41
91.6836,0.0,3.19,4.07,3.52,12.54,13.09,27.5,55.11,35.75,139.7,111.43,143.99,95.04,73.81,128.59,39.6,119.02,767.91
91.6936,0.0,0.0,0.0,0.0,11.11,10.45,21.67,41.36,34.43,141.35,114.51,150.26,98.23,81.4,137.72,38.06,84.59,795.96
91.7036,0.0,3.19,2.75,0.0,5.5,9.13,14.41,27.5,34.43,143.0,114.51,158.18,101.31,87.34,148.39,41.03,62.48,828.19
91.7136,0.0,3.19,2.75,0.0,5.5,5.17,12.98,12.32,34.43,146.3,114.51,159.72,107.47,93.39,159.17,44.0,41.91,858.99
91.7236,0.0,0.0,2.75,0.0,4.18,6.49,8.69,6.82,33.22,143.0,109.89,166.1,112.09,96.47,168.52,46.86,28.93,876.15
91.7336,0.0,0.0,2.75,0.0,2.75,3.85,5.72,4.07,32.01,136.51,105.27,167.75,116.82,103.95,179.85,46.86,19.14,889.02
91.7436,0.0,3.19,2.75,0.0,4.18,2.53,7.15,2.75,30.8,133.21,103.73,172.92,118.47,105.49,191.18,51.26,22.55,907.06
91.7536,0.0,0.0,2.75,0.0,0.0,3.85,4.29,2.75,30.8,128.26,99.0,172.92,121.66,110.0,200.97,55.77,13.64,919.38
91.7636,0.0,0.0,2.75,0.0,2.75,2.53,5.72,0.0,28.27,121.66,92.84,176.44,128.15,111.54,207.46,58.74,13.75,925.1
91.7736,0.0,0.0,2.75,0.0,2.75,2.53,4.29,0.0,27.06,113.41,85.03,174.68,133.1,114.73,217.14,61.82,12.32,926.97
91.7836,0.0,0.0,2.75,0.0,0.0,2.53,4.29,0.0,25.85,105.6,77.33,178.09,134.64,118.25,223.63,64.9,9.57,928.29
91.7936,0.0,0.0,2.75,0.0,0.0,2.53,4.29,0.0,24.64,99.44,69.52,179.85,139.59,120.01,228.58,66.44,9.57,928.07
91.8036,0.0,0.0,2.75,0.0,0.0,2.53,2.86,0.0,24.64,91.74,60.28,178.09,141.13,120.01,235.51,67.98,8.14,919.38
91.8136,0.0,0.0,0.0,0.0,0.0,0.0,2.86,0.0,22.11,80.96,48.62,178.09,147.62,123.42,238.92,69.52,2.86,909.26
91.8236,0.0,0.0,2.75,0.0,0.0,2.53,2.86,0.0,20.9,73.26,42.9,179.85,149.27,123.42,245.74,72.6,8.14,907.94
